B6_Liver_non-dox_1024
ENSMUSG00000000001	2194
ENSMUSG00000000003	0
ENSMUSG00000000028	53
ENSMUSG00000000031	18
ENSMUSG00000000037	0
ENSMUSG00000000049	66656
ENSMUSG00000000056	959
ENSMUSG00000000058	190
ENSMUSG00000000078	243
ENSMUSG00000000085	285
ENSMUSG00000000088	3994
ENSMUSG00000000093	128
ENSMUSG00000000094	1
ENSMUSG00000000103	0
ENSMUSG00000000120	114
ENSMUSG00000000125	0
ENSMUSG00000000126	15
ENSMUSG00000000127	164
ENSMUSG00000000131	1453
ENSMUSG00000000134	774
ENSMUSG00000000142	266
ENSMUSG00000000148	345
ENSMUSG00000000149	2548
ENSMUSG00000000154	2647
ENSMUSG00000000157	0
ENSMUSG00000000159	860
ENSMUSG00000000167	8
ENSMUSG00000000168	1709
ENSMUSG00000000171	6788
ENSMUSG00000000182	0
ENSMUSG00000000183	0
ENSMUSG00000000184	163
ENSMUSG00000000194	516
ENSMUSG00000000197	1
ENSMUSG00000000202	0
ENSMUSG00000000204	50
ENSMUSG00000000214	0
ENSMUSG00000000215	0
ENSMUSG00000000216	1
ENSMUSG00000000223	3
ENSMUSG00000000244	32
ENSMUSG00000000247	115
ENSMUSG00000000248	3
ENSMUSG00000000253	39
ENSMUSG00000000263	0
ENSMUSG00000000266	202
ENSMUSG00000000275	2105
ENSMUSG00000000276	164
ENSMUSG00000000278	1208
ENSMUSG00000000282	366
ENSMUSG00000000290	244
ENSMUSG00000000295	46
ENSMUSG00000000296	252
ENSMUSG00000000301	9774
ENSMUSG00000000303	195
ENSMUSG00000000305	11
ENSMUSG00000000308	3
ENSMUSG00000000317	153
ENSMUSG00000000318	24
ENSMUSG00000000320	44
ENSMUSG00000000325	514
ENSMUSG00000000326	19027
ENSMUSG00000000339	305
ENSMUSG00000000340	1127
ENSMUSG00000000346	3890
ENSMUSG00000000355	848
ENSMUSG00000000359	17
ENSMUSG00000000365	1
ENSMUSG00000000374	650
ENSMUSG00000000378	531
ENSMUSG00000000381	0
ENSMUSG00000000384	977
ENSMUSG00000000385	130
ENSMUSG00000000386	128
ENSMUSG00000000392	23
ENSMUSG00000000394	0
ENSMUSG00000000399	2982
ENSMUSG00000000402	2
ENSMUSG00000000409	61
ENSMUSG00000000411	0
ENSMUSG00000000416	9
ENSMUSG00000000420	664
ENSMUSG00000000435	0
ENSMUSG00000000439	429
ENSMUSG00000000440	265
ENSMUSG00000000441	2956
ENSMUSG00000000486	91
ENSMUSG00000000489	87
ENSMUSG00000000530	105
ENSMUSG00000000531	78
ENSMUSG00000000532	311
ENSMUSG00000000538	1119
ENSMUSG00000000544	0
ENSMUSG00000000552	262
ENSMUSG00000000555	1130
ENSMUSG00000000560	0
ENSMUSG00000000561	447
ENSMUSG00000000562	1
ENSMUSG00000000563	5232
ENSMUSG00000000567	246
ENSMUSG00000000568	1107
ENSMUSG00000000579	0
ENSMUSG00000000581	1340
ENSMUSG00000000594	4535
ENSMUSG00000000600	747
ENSMUSG00000000605	2348
ENSMUSG00000000606	0
ENSMUSG00000000617	1
ENSMUSG00000000627	0
ENSMUSG00000000628	81
ENSMUSG00000000631	2388
ENSMUSG00000000632	0
ENSMUSG00000000673	14896
ENSMUSG00000000682	392
ENSMUSG00000000686	298
ENSMUSG00000000690	15
ENSMUSG00000000693	110
ENSMUSG00000000701	0
ENSMUSG00000000706	0
ENSMUSG00000000708	1325
ENSMUSG00000000711	389
ENSMUSG00000000724	0
ENSMUSG00000000730	0
ENSMUSG00000000731	0
ENSMUSG00000000732	83
ENSMUSG00000000738	841
ENSMUSG00000000739	377
ENSMUSG00000000740	10
ENSMUSG00000000743	1190
ENSMUSG00000000751	597
ENSMUSG00000000753	18220
ENSMUSG00000000759	1025
ENSMUSG00000000766	0
ENSMUSG00000000776	284
ENSMUSG00000000782	139
ENSMUSG00000000787	1717
ENSMUSG00000000791	67
ENSMUSG00000000792	0
ENSMUSG00000000794	0
ENSMUSG00000000804	711
ENSMUSG00000000805	1
ENSMUSG00000000811	269
ENSMUSG00000000817	12
ENSMUSG00000000823	1367
ENSMUSG00000000826	1545
ENSMUSG00000000827	945
ENSMUSG00000000838	604
ENSMUSG00000000861	20
ENSMUSG00000000869	1
ENSMUSG00000000876	1974
ENSMUSG00000000881	557
ENSMUSG00000000884	66
ENSMUSG00000000889	0
ENSMUSG00000000901	20
ENSMUSG00000000902	599
ENSMUSG00000000903	3
ENSMUSG00000000915	938
ENSMUSG00000000916	328
ENSMUSG00000000934	518
ENSMUSG00000000938	0
ENSMUSG00000000942	12
ENSMUSG00000000948	0
ENSMUSG00000000957	494
ENSMUSG00000000958	176
ENSMUSG00000000959	1359
ENSMUSG00000000976	569
ENSMUSG00000000982	17
ENSMUSG00000000983	4
ENSMUSG00000001014	10
ENSMUSG00000001016	596
ENSMUSG00000001017	978
ENSMUSG00000001018	806
ENSMUSG00000001020	15
ENSMUSG00000001021	0
ENSMUSG00000001023	0
ENSMUSG00000001025	101
ENSMUSG00000001027	7
ENSMUSG00000001029	121
ENSMUSG00000001034	153
ENSMUSG00000001036	414
ENSMUSG00000001039	5
ENSMUSG00000001052	783
ENSMUSG00000001053	165
ENSMUSG00000001054	539
ENSMUSG00000001056	762
ENSMUSG00000001062	1099
ENSMUSG00000001065	1846
ENSMUSG00000001076	5
ENSMUSG00000001082	175
ENSMUSG00000001089	297
ENSMUSG00000001095	50
ENSMUSG00000001098	375
ENSMUSG00000001100	2294
ENSMUSG00000001103	6
ENSMUSG00000001105	749
ENSMUSG00000001119	418
ENSMUSG00000001120	46
ENSMUSG00000001123	8234
ENSMUSG00000001127	2110
ENSMUSG00000001128	1252
ENSMUSG00000001131	2
ENSMUSG00000001134	206
ENSMUSG00000001138	452
ENSMUSG00000001143	371
ENSMUSG00000001150	851
ENSMUSG00000001151	378
ENSMUSG00000001155	14598
ENSMUSG00000001156	196
ENSMUSG00000001157	339
ENSMUSG00000001158	366
ENSMUSG00000001166	61
ENSMUSG00000001168	0
ENSMUSG00000001173	356
ENSMUSG00000001175	5130
ENSMUSG00000001211	4339
ENSMUSG00000001225	1
ENSMUSG00000001227	114
ENSMUSG00000001228	9
ENSMUSG00000001229	986
ENSMUSG00000001240	279
ENSMUSG00000001247	4342
ENSMUSG00000001248	868
ENSMUSG00000001249	8959
ENSMUSG00000001260	0
ENSMUSG00000001270	21
ENSMUSG00000001280	792
ENSMUSG00000001281	112
ENSMUSG00000001285	540
ENSMUSG00000001288	241
ENSMUSG00000001289	1010
ENSMUSG00000001300	77
ENSMUSG00000001305	229
ENSMUSG00000001313	452
ENSMUSG00000001323	2435
ENSMUSG00000001333	0
ENSMUSG00000001334	12
ENSMUSG00000001348	4053
ENSMUSG00000001349	9
ENSMUSG00000001366	1716
ENSMUSG00000001376	420
ENSMUSG00000001380	915
ENSMUSG00000001383	1367
ENSMUSG00000001403	18
ENSMUSG00000001415	1109
ENSMUSG00000001416	1754
ENSMUSG00000001418	1336
ENSMUSG00000001419	1082
ENSMUSG00000001420	43
ENSMUSG00000001424	2426
ENSMUSG00000001435	20405
ENSMUSG00000001436	154
ENSMUSG00000001440	1695
ENSMUSG00000001441	455
ENSMUSG00000001444	13
ENSMUSG00000001445	1262
ENSMUSG00000001467	6991
ENSMUSG00000001472	5444
ENSMUSG00000001473	172
ENSMUSG00000001482	1054
ENSMUSG00000001493	7
ENSMUSG00000001494	2
ENSMUSG00000001496	0
ENSMUSG00000001497	0
ENSMUSG00000001504	0
ENSMUSG00000001506	108
ENSMUSG00000001507	181
ENSMUSG00000001508	2
ENSMUSG00000001510	0
ENSMUSG00000001517	33
ENSMUSG00000001518	453
ENSMUSG00000001520	6
ENSMUSG00000001521	57
ENSMUSG00000001524	360
ENSMUSG00000001525	2046
ENSMUSG00000001542	1295
ENSMUSG00000001552	814
ENSMUSG00000001555	35
ENSMUSG00000001558	6
ENSMUSG00000001566	0
ENSMUSG00000001569	480
ENSMUSG00000001576	1812
ENSMUSG00000001583	7
ENSMUSG00000001588	214
ENSMUSG00000001604	1992
ENSMUSG00000001622	0
ENSMUSG00000001627	638
ENSMUSG00000001630	541
ENSMUSG00000001632	870
ENSMUSG00000001642	42
ENSMUSG00000001655	0
ENSMUSG00000001656	0
ENSMUSG00000001657	0
ENSMUSG00000001661	1
ENSMUSG00000001663	12584
ENSMUSG00000001665	2345
ENSMUSG00000001666	6682
ENSMUSG00000001670	52407
ENSMUSG00000001672	11
ENSMUSG00000001674	113
ENSMUSG00000001687	1780
ENSMUSG00000001700	984
ENSMUSG00000001707	352
ENSMUSG00000001729	924
ENSMUSG00000001739	6
ENSMUSG00000001741	126
ENSMUSG00000001750	2929
ENSMUSG00000001751	775
ENSMUSG00000001755	3522
ENSMUSG00000001761	83
ENSMUSG00000001763	329
ENSMUSG00000001767	291
ENSMUSG00000001768	359
ENSMUSG00000001773	4
ENSMUSG00000001774	1150
ENSMUSG00000001783	1457
ENSMUSG00000001785	383
ENSMUSG00000001786	540
ENSMUSG00000001794	4822
ENSMUSG00000001802	689
ENSMUSG00000001804	0
ENSMUSG00000001815	0
ENSMUSG00000001819	0
ENSMUSG00000001823	0
ENSMUSG00000001827	5
ENSMUSG00000001829	737
ENSMUSG00000001833	978
ENSMUSG00000001844	652
ENSMUSG00000001847	1612
ENSMUSG00000001855	357
ENSMUSG00000001864	12
ENSMUSG00000001865	0
ENSMUSG00000001870	107
ENSMUSG00000001891	8355
ENSMUSG00000001901	0
ENSMUSG00000001909	1157
ENSMUSG00000001910	239
ENSMUSG00000001911	1228
ENSMUSG00000001918	238
ENSMUSG00000001924	3852
ENSMUSG00000001930	170
ENSMUSG00000001942	872
ENSMUSG00000001943	42
ENSMUSG00000001946	435
ENSMUSG00000001948	10
ENSMUSG00000001962	669
ENSMUSG00000001964	339
ENSMUSG00000001983	183
ENSMUSG00000001985	0
ENSMUSG00000001986	148
ENSMUSG00000001988	0
ENSMUSG00000001995	146
ENSMUSG00000001998	259
ENSMUSG00000001999	391
ENSMUSG00000002006	7
ENSMUSG00000002007	18
ENSMUSG00000002010	1787
ENSMUSG00000002012	4
ENSMUSG00000002014	2779
ENSMUSG00000002015	3199
ENSMUSG00000002017	469
ENSMUSG00000002020	32
ENSMUSG00000002028	1325
ENSMUSG00000002031	713
ENSMUSG00000002032	2395
ENSMUSG00000002033	32
ENSMUSG00000002043	396
ENSMUSG00000002052	1476
ENSMUSG00000002055	34
ENSMUSG00000002057	0
ENSMUSG00000002058	367
ENSMUSG00000002059	201
ENSMUSG00000002064	1116
ENSMUSG00000002068	46
ENSMUSG00000002076	136
ENSMUSG00000002083	125
ENSMUSG00000002100	11
ENSMUSG00000002102	3148
ENSMUSG00000002103	1407
ENSMUSG00000002104	0
ENSMUSG00000002105	479
ENSMUSG00000002107	280
ENSMUSG00000002108	3106
ENSMUSG00000002109	460
ENSMUSG00000002111	129
ENSMUSG00000002129	590
ENSMUSG00000002147	1554
ENSMUSG00000002190	0
ENSMUSG00000002204	37
ENSMUSG00000002205	841
ENSMUSG00000002210	347
ENSMUSG00000002221	569
ENSMUSG00000002222	2407
ENSMUSG00000002227	374
ENSMUSG00000002228	13
ENSMUSG00000002233	346
ENSMUSG00000002240	0
ENSMUSG00000002249	446
ENSMUSG00000002250	185
ENSMUSG00000002257	11
ENSMUSG00000002265	734
ENSMUSG00000002266	1
ENSMUSG00000002274	115
ENSMUSG00000002279	1251
ENSMUSG00000002280	751
ENSMUSG00000002289	1236
ENSMUSG00000002297	113
ENSMUSG00000002307	376
ENSMUSG00000002308	119
ENSMUSG00000002319	833
ENSMUSG00000002320	1848
ENSMUSG00000002324	155
ENSMUSG00000002325	1109
ENSMUSG00000002326	388
ENSMUSG00000002329	674
ENSMUSG00000002332	3197
ENSMUSG00000002341	0
ENSMUSG00000002342	560
ENSMUSG00000002343	104
ENSMUSG00000002345	335
ENSMUSG00000002346	1677
ENSMUSG00000002365	325
ENSMUSG00000002372	1288
ENSMUSG00000002379	1781
ENSMUSG00000002384	1
ENSMUSG00000002393	1725
ENSMUSG00000002395	1802
ENSMUSG00000002396	264
ENSMUSG00000002409	260
ENSMUSG00000002413	465
ENSMUSG00000002416	1295
ENSMUSG00000002428	523
ENSMUSG00000002455	1232
ENSMUSG00000002458	94
ENSMUSG00000002459	1
ENSMUSG00000002475	1584
ENSMUSG00000002477	343
ENSMUSG00000002486	173
ENSMUSG00000002489	41
ENSMUSG00000002496	1245
ENSMUSG00000002500	4
ENSMUSG00000002504	596
ENSMUSG00000002524	1877
ENSMUSG00000002546	1154
ENSMUSG00000002550	288
ENSMUSG00000002565	3
ENSMUSG00000002578	7
ENSMUSG00000002580	1657
ENSMUSG00000002588	21594
ENSMUSG00000002602	696
ENSMUSG00000002603	285
ENSMUSG00000002608	828
ENSMUSG00000002617	230
ENSMUSG00000002625	2043
ENSMUSG00000002633	6
ENSMUSG00000002635	245
ENSMUSG00000002658	681
ENSMUSG00000002660	1415
ENSMUSG00000002661	300
ENSMUSG00000002664	0
ENSMUSG00000002668	118
ENSMUSG00000002679	322
ENSMUSG00000002688	10
ENSMUSG00000002699	237
ENSMUSG00000002718	603
ENSMUSG00000002728	161
ENSMUSG00000002731	501
ENSMUSG00000002732	105
ENSMUSG00000002733	570
ENSMUSG00000002741	1325
ENSMUSG00000002748	2347
ENSMUSG00000002763	3216
ENSMUSG00000002767	1476
ENSMUSG00000002768	1032
ENSMUSG00000002769	45368
ENSMUSG00000002771	3
ENSMUSG00000002778	2508
ENSMUSG00000002781	503
ENSMUSG00000002791	1
ENSMUSG00000002797	211
ENSMUSG00000002799	12
ENSMUSG00000002803	472
ENSMUSG00000002804	413
ENSMUSG00000002808	12
ENSMUSG00000002812	1223
ENSMUSG00000002814	281
ENSMUSG00000002820	836
ENSMUSG00000002825	124
ENSMUSG00000002831	599
ENSMUSG00000002833	1394
ENSMUSG00000002835	68
ENSMUSG00000002844	223
ENSMUSG00000002845	695
ENSMUSG00000002846	947
ENSMUSG00000002847	1305
ENSMUSG00000002870	105
ENSMUSG00000002871	953
ENSMUSG00000002881	920
ENSMUSG00000002885	1031
ENSMUSG00000002897	480
ENSMUSG00000002900	212
ENSMUSG00000002908	75
ENSMUSG00000002910	637
ENSMUSG00000002930	0
ENSMUSG00000002944	2003
ENSMUSG00000002948	904
ENSMUSG00000002949	1149
ENSMUSG00000002957	2265
ENSMUSG00000002963	551
ENSMUSG00000002968	694
ENSMUSG00000002980	129
ENSMUSG00000002981	1946
ENSMUSG00000002983	110
ENSMUSG00000002984	842
ENSMUSG00000002985	610743
ENSMUSG00000002992	15
ENSMUSG00000002996	1771
ENSMUSG00000002997	17
ENSMUSG00000003031	756
ENSMUSG00000003032	26
ENSMUSG00000003033	778
ENSMUSG00000003037	1312
ENSMUSG00000003038	8
ENSMUSG00000003039	1399
ENSMUSG00000003051	16
ENSMUSG00000003053	38183
ENSMUSG00000003062	282
ENSMUSG00000003068	2889
ENSMUSG00000003070	5
ENSMUSG00000003072	7594
ENSMUSG00000003099	1112
ENSMUSG00000003119	160
ENSMUSG00000003123	325
ENSMUSG00000003131	764
ENSMUSG00000003134	610
ENSMUSG00000003135	356
ENSMUSG00000003153	24
ENSMUSG00000003154	361
ENSMUSG00000003161	1504
ENSMUSG00000003166	1186
ENSMUSG00000003184	2024
ENSMUSG00000003190	194
ENSMUSG00000003198	103
ENSMUSG00000003199	2676
ENSMUSG00000003200	774
ENSMUSG00000003206	45
ENSMUSG00000003208	88
ENSMUSG00000003226	2045
ENSMUSG00000003227	3
ENSMUSG00000003228	46
ENSMUSG00000003233	249
ENSMUSG00000003234	1450
ENSMUSG00000003235	1066
ENSMUSG00000003269	608
ENSMUSG00000003271	1
ENSMUSG00000003273	18
ENSMUSG00000003279	68
ENSMUSG00000003282	9
ENSMUSG00000003283	226
ENSMUSG00000003299	418
ENSMUSG00000003308	1159
ENSMUSG00000003309	5
ENSMUSG00000003316	408
ENSMUSG00000003341	0
ENSMUSG00000003344	601
ENSMUSG00000003345	1861
ENSMUSG00000003346	1515
ENSMUSG00000003348	100
ENSMUSG00000003352	25
ENSMUSG00000003354	0
ENSMUSG00000003355	529
ENSMUSG00000003360	1265
ENSMUSG00000003363	691
ENSMUSG00000003378	1019
ENSMUSG00000003379	23
ENSMUSG00000003380	1408
ENSMUSG00000003382	417
ENSMUSG00000003402	2398
ENSMUSG00000003410	1
ENSMUSG00000003411	6
ENSMUSG00000003418	6
ENSMUSG00000003420	4651
ENSMUSG00000003421	715
ENSMUSG00000003423	1253
ENSMUSG00000003429	1204
ENSMUSG00000003435	2582
ENSMUSG00000003436	0
ENSMUSG00000003437	1080
ENSMUSG00000003438	799
ENSMUSG00000003444	103
ENSMUSG00000003452	2
ENSMUSG00000003458	1274
ENSMUSG00000003464	3402
ENSMUSG00000003469	5
ENSMUSG00000003476	8
ENSMUSG00000003477	16240
ENSMUSG00000003484	48
ENSMUSG00000003500	120
ENSMUSG00000003505	0
ENSMUSG00000003518	1082
ENSMUSG00000003526	4281
ENSMUSG00000003527	325
ENSMUSG00000003528	7388
ENSMUSG00000003531	1539
ENSMUSG00000003534	34
ENSMUSG00000003541	69
ENSMUSG00000003545	22
ENSMUSG00000003546	1803
ENSMUSG00000003549	119
ENSMUSG00000003555	185
ENSMUSG00000003559	1045
ENSMUSG00000003573	81
ENSMUSG00000003575	333
ENSMUSG00000003581	577
ENSMUSG00000003585	13509
ENSMUSG00000003604	224
ENSMUSG00000003617	27286
ENSMUSG00000003623	11179
ENSMUSG00000003644	536
ENSMUSG00000003657	0
ENSMUSG00000003660	1588
ENSMUSG00000003662	1121
ENSMUSG00000003665	3
ENSMUSG00000003680	606
ENSMUSG00000003721	3386
ENSMUSG00000003731	1055
ENSMUSG00000003746	4981
ENSMUSG00000003752	182
ENSMUSG00000003762	484
ENSMUSG00000003778	698
ENSMUSG00000003779	36
ENSMUSG00000003808	701
ENSMUSG00000003809	15929
ENSMUSG00000003810	1048
ENSMUSG00000003812	342
ENSMUSG00000003813	1272
ENSMUSG00000003814	19424
ENSMUSG00000003824	45
ENSMUSG00000003847	1561
ENSMUSG00000003848	284
ENSMUSG00000003849	245
ENSMUSG00000003863	0
ENSMUSG00000003865	113
ENSMUSG00000003868	292
ENSMUSG00000003872	3
ENSMUSG00000003873	906
ENSMUSG00000003882	36
ENSMUSG00000003923	1255
ENSMUSG00000003929	147
ENSMUSG00000003934	8
ENSMUSG00000003948	3235
ENSMUSG00000003949	1365
ENSMUSG00000003955	1804
ENSMUSG00000003970	8509
ENSMUSG00000003974	0
ENSMUSG00000003992	44
ENSMUSG00000004018	284
ENSMUSG00000004031	0
ENSMUSG00000004032	497
ENSMUSG00000004035	1920
ENSMUSG00000004038	1370
ENSMUSG00000004040	2386
ENSMUSG00000004043	412
ENSMUSG00000004044	319
ENSMUSG00000004054	796
ENSMUSG00000004056	879
ENSMUSG00000004069	1854
ENSMUSG00000004070	1183
ENSMUSG00000004071	2841
ENSMUSG00000004085	502
ENSMUSG00000004096	1138
ENSMUSG00000004098	4374
ENSMUSG00000004099	421
ENSMUSG00000004100	760
ENSMUSG00000004105	450
ENSMUSG00000004110	11
ENSMUSG00000004113	0
ENSMUSG00000004127	130
ENSMUSG00000004151	24
ENSMUSG00000004187	540
ENSMUSG00000004207	9064
ENSMUSG00000004221	2309
ENSMUSG00000004231	0
ENSMUSG00000004233	221
ENSMUSG00000004263	112
ENSMUSG00000004264	3720
ENSMUSG00000004266	764
ENSMUSG00000004267	18
ENSMUSG00000004268	1414
ENSMUSG00000004270	2416
ENSMUSG00000004285	306
ENSMUSG00000004296	2
ENSMUSG00000004317	155
ENSMUSG00000004319	1047
ENSMUSG00000004328	6
ENSMUSG00000004341	127
ENSMUSG00000004344	0
ENSMUSG00000004347	17
ENSMUSG00000004356	633
ENSMUSG00000004359	92
ENSMUSG00000004360	0
ENSMUSG00000004364	1618
ENSMUSG00000004366	0
ENSMUSG00000004371	0
ENSMUSG00000004383	171
ENSMUSG00000004393	886
ENSMUSG00000004394	1571
ENSMUSG00000004415	0
ENSMUSG00000004446	468
ENSMUSG00000004451	392
ENSMUSG00000004455	45
ENSMUSG00000004460	3050
ENSMUSG00000004462	693
ENSMUSG00000004473	69
ENSMUSG00000004500	183
ENSMUSG00000004508	91
ENSMUSG00000004530	809
ENSMUSG00000004535	3330
ENSMUSG00000004540	0
ENSMUSG00000004542	0
ENSMUSG00000004552	3
ENSMUSG00000004558	35444
ENSMUSG00000004561	602
ENSMUSG00000004562	269
ENSMUSG00000004565	1177
ENSMUSG00000004567	754
ENSMUSG00000004568	779
ENSMUSG00000004591	828
ENSMUSG00000004609	82
ENSMUSG00000004610	4849
ENSMUSG00000004612	36
ENSMUSG00000004613	0
ENSMUSG00000004626	1106
ENSMUSG00000004630	0
ENSMUSG00000004631	136
ENSMUSG00000004633	1013
ENSMUSG00000004637	203
ENSMUSG00000004642	75
ENSMUSG00000004651	0
ENSMUSG00000004654	3
ENSMUSG00000004655	2619
ENSMUSG00000004661	141
ENSMUSG00000004665	260
ENSMUSG00000004667	805
ENSMUSG00000004668	1
ENSMUSG00000004677	1366
ENSMUSG00000004698	54
ENSMUSG00000004707	60
ENSMUSG00000004709	17
ENSMUSG00000004730	428
ENSMUSG00000004748	813
ENSMUSG00000004768	236
ENSMUSG00000004771	1847
ENSMUSG00000004788	475
ENSMUSG00000004789	4882
ENSMUSG00000004791	5
ENSMUSG00000004798	1537
ENSMUSG00000004814	54
ENSMUSG00000004815	1670
ENSMUSG00000004821	0
ENSMUSG00000004837	191
ENSMUSG00000004842	0
ENSMUSG00000004843	755
ENSMUSG00000004846	668
ENSMUSG00000004849	781
ENSMUSG00000004864	13
ENSMUSG00000004865	1194
ENSMUSG00000004872	0
ENSMUSG00000004880	498
ENSMUSG00000004885	5
ENSMUSG00000004891	97
ENSMUSG00000004892	0
ENSMUSG00000004894	0
ENSMUSG00000004895	708
ENSMUSG00000004896	444
ENSMUSG00000004897	3523
ENSMUSG00000004902	4
ENSMUSG00000004929	227
ENSMUSG00000004931	774
ENSMUSG00000004933	27
ENSMUSG00000004934	311
ENSMUSG00000004936	1201
ENSMUSG00000004937	2131
ENSMUSG00000004939	0
ENSMUSG00000004945	790
ENSMUSG00000004947	117
ENSMUSG00000004948	0
ENSMUSG00000004951	3
ENSMUSG00000004952	194
ENSMUSG00000004961	0
ENSMUSG00000004980	5945
ENSMUSG00000004988	0
ENSMUSG00000004994	244
ENSMUSG00000004996	697
ENSMUSG00000005034	1066
ENSMUSG00000005043	262
ENSMUSG00000005045	1
ENSMUSG00000005054	938
ENSMUSG00000005057	75
ENSMUSG00000005069	2828
ENSMUSG00000005078	522
ENSMUSG00000005087	306
ENSMUSG00000005089	3505
ENSMUSG00000005102	332
ENSMUSG00000005103	1260
ENSMUSG00000005107	1024
ENSMUSG00000005124	46
ENSMUSG00000005125	477
ENSMUSG00000005131	11
ENSMUSG00000005142	2533
ENSMUSG00000005148	0
ENSMUSG00000005150	722
ENSMUSG00000005161	1489
ENSMUSG00000005198	1425
ENSMUSG00000005202	0
ENSMUSG00000005204	618
ENSMUSG00000005220	15
ENSMUSG00000005225	629
ENSMUSG00000005232	0
ENSMUSG00000005233	59
ENSMUSG00000005237	6
ENSMUSG00000005251	162
ENSMUSG00000005262	921
ENSMUSG00000005267	8
ENSMUSG00000005268	3168
ENSMUSG00000005299	1543
ENSMUSG00000005312	3011
ENSMUSG00000005320	1727
ENSMUSG00000005338	114
ENSMUSG00000005339	1
ENSMUSG00000005354	4797
ENSMUSG00000005355	0
ENSMUSG00000005357	3
ENSMUSG00000005360	10
ENSMUSG00000005362	421
ENSMUSG00000005364	0
ENSMUSG00000005370	291
ENSMUSG00000005371	993
ENSMUSG00000005373	27205
ENSMUSG00000005374	619
ENSMUSG00000005378	642
ENSMUSG00000005397	310
ENSMUSG00000005410	88
ENSMUSG00000005413	1008
ENSMUSG00000005417	8596
ENSMUSG00000005442	792
ENSMUSG00000005447	109
ENSMUSG00000005465	55
ENSMUSG00000005469	1281
ENSMUSG00000005470	16
ENSMUSG00000005474	0
ENSMUSG00000005481	462
ENSMUSG00000005483	419
ENSMUSG00000005493	0
ENSMUSG00000005501	832
ENSMUSG00000005503	0
ENSMUSG00000005505	282
ENSMUSG00000005506	2167
ENSMUSG00000005510	630
ENSMUSG00000005514	7381
ENSMUSG00000005533	102
ENSMUSG00000005534	3882
ENSMUSG00000005540	40
ENSMUSG00000005547	9194
ENSMUSG00000005553	36
ENSMUSG00000005566	1731
ENSMUSG00000005575	1329
ENSMUSG00000005580	229
ENSMUSG00000005583	89
ENSMUSG00000005609	591
ENSMUSG00000005610	8395
ENSMUSG00000005611	76
ENSMUSG00000005615	1400
ENSMUSG00000005621	1332
ENSMUSG00000005625	3478
ENSMUSG00000005628	10
ENSMUSG00000005640	2
ENSMUSG00000005649	0
ENSMUSG00000005656	439
ENSMUSG00000005667	32
ENSMUSG00000005672	197
ENSMUSG00000005674	369
ENSMUSG00000005677	8713
ENSMUSG00000005681	297421
ENSMUSG00000005682	2067
ENSMUSG00000005683	3554
ENSMUSG00000005686	76
ENSMUSG00000005687	656
ENSMUSG00000005696	3
ENSMUSG00000005698	1003
ENSMUSG00000005699	150
ENSMUSG00000005705	0
ENSMUSG00000005716	0
ENSMUSG00000005718	135
ENSMUSG00000005732	540
ENSMUSG00000005763	10
ENSMUSG00000005774	425
ENSMUSG00000005779	5116
ENSMUSG00000005800	6
ENSMUSG00000005802	221
ENSMUSG00000005803	4210
ENSMUSG00000005804	436
ENSMUSG00000005813	797
ENSMUSG00000005823	789
ENSMUSG00000005824	12
ENSMUSG00000005836	168
ENSMUSG00000005846	1292
ENSMUSG00000005864	0
ENSMUSG00000005871	1210
ENSMUSG00000005873	571
ENSMUSG00000005881	2047
ENSMUSG00000005882	859
ENSMUSG00000005883	4
ENSMUSG00000005886	967
ENSMUSG00000005891	0
ENSMUSG00000005892	0
ENSMUSG00000005893	497
ENSMUSG00000005897	502
ENSMUSG00000005899	709
ENSMUSG00000005907	821
ENSMUSG00000005917	0
ENSMUSG00000005936	780
ENSMUSG00000005947	18
ENSMUSG00000005949	661
ENSMUSG00000005950	4
ENSMUSG00000005951	2079
ENSMUSG00000005952	9
ENSMUSG00000005958	14
ENSMUSG00000005968	291
ENSMUSG00000005973	154
ENSMUSG00000005980	34
ENSMUSG00000005981	3548
ENSMUSG00000005982	2417
ENSMUSG00000005983	10
ENSMUSG00000005986	20
ENSMUSG00000005994	0
ENSMUSG00000006005	1108
ENSMUSG00000006007	0
ENSMUSG00000006010	1090
ENSMUSG00000006014	1497
ENSMUSG00000006019	234
ENSMUSG00000006021	504
ENSMUSG00000006024	2531
ENSMUSG00000006050	2498
ENSMUSG00000006056	0
ENSMUSG00000006057	99
ENSMUSG00000006058	1034
ENSMUSG00000006095	978
ENSMUSG00000006127	551
ENSMUSG00000006134	219
ENSMUSG00000006143	0
ENSMUSG00000006154	116
ENSMUSG00000006169	1756
ENSMUSG00000006179	0
ENSMUSG00000006191	225
ENSMUSG00000006200	0
ENSMUSG00000006204	0
ENSMUSG00000006205	47
ENSMUSG00000006215	481
ENSMUSG00000006216	8
ENSMUSG00000006218	42
ENSMUSG00000006219	78
ENSMUSG00000006221	2
ENSMUSG00000006235	46
ENSMUSG00000006241	182
ENSMUSG00000006262	1098
ENSMUSG00000006269	0
ENSMUSG00000006270	0
ENSMUSG00000006273	1262
ENSMUSG00000006276	724
ENSMUSG00000006281	512
ENSMUSG00000006288	238
ENSMUSG00000006289	401
ENSMUSG00000006299	3496
ENSMUSG00000006301	1087
ENSMUSG00000006304	3062
ENSMUSG00000006307	1658
ENSMUSG00000006310	9
ENSMUSG00000006311	0
ENSMUSG00000006313	6
ENSMUSG00000006315	2624
ENSMUSG00000006333	2811
ENSMUSG00000006335	274
ENSMUSG00000006342	75
ENSMUSG00000006344	174
ENSMUSG00000006345	9
ENSMUSG00000006356	1606
ENSMUSG00000006360	119
ENSMUSG00000006362	105
ENSMUSG00000006369	25
ENSMUSG00000006373	26314
ENSMUSG00000006378	2240
ENSMUSG00000006386	319
ENSMUSG00000006389	4
ENSMUSG00000006390	1111
ENSMUSG00000006392	1004
ENSMUSG00000006395	1965
ENSMUSG00000006398	28
ENSMUSG00000006403	2
ENSMUSG00000006411	19
ENSMUSG00000006412	1601
ENSMUSG00000006418	1920
ENSMUSG00000006423	79
ENSMUSG00000006435	13
ENSMUSG00000006442	572
ENSMUSG00000006445	821
ENSMUSG00000006456	354
ENSMUSG00000006457	0
ENSMUSG00000006462	7
ENSMUSG00000006463	116
ENSMUSG00000006464	38
ENSMUSG00000006469	3
ENSMUSG00000006471	893
ENSMUSG00000006476	3914
ENSMUSG00000006488	0
ENSMUSG00000006490	0
ENSMUSG00000006494	2662
ENSMUSG00000006498	744
ENSMUSG00000006517	969
ENSMUSG00000006519	480
ENSMUSG00000006522	29707
ENSMUSG00000006526	434
ENSMUSG00000006527	742
ENSMUSG00000006529	20823
ENSMUSG00000006538	59
ENSMUSG00000006542	2
ENSMUSG00000006546	0
ENSMUSG00000006567	991
ENSMUSG00000006570	0
ENSMUSG00000006574	6
ENSMUSG00000006575	69
ENSMUSG00000006576	39
ENSMUSG00000006585	90
ENSMUSG00000006586	5
ENSMUSG00000006587	7
ENSMUSG00000006589	1258
ENSMUSG00000006599	763
ENSMUSG00000006611	1541
ENSMUSG00000006638	189
ENSMUSG00000006641	427
ENSMUSG00000006642	0
ENSMUSG00000006649	0
ENSMUSG00000006651	12
ENSMUSG00000006673	1493
ENSMUSG00000006675	7
ENSMUSG00000006676	2150
ENSMUSG00000006678	78
ENSMUSG00000006699	2597
ENSMUSG00000006705	256
ENSMUSG00000006711	265
ENSMUSG00000006715	175
ENSMUSG00000006717	2116
ENSMUSG00000006720	9
ENSMUSG00000006724	5
ENSMUSG00000006728	704
ENSMUSG00000006731	3220
ENSMUSG00000006732	382
ENSMUSG00000006736	5717
ENSMUSG00000006740	466
ENSMUSG00000006763	134
ENSMUSG00000006764	0
ENSMUSG00000006777	18
ENSMUSG00000006782	650
ENSMUSG00000006784	27
ENSMUSG00000006800	169
ENSMUSG00000006818	4038
ENSMUSG00000006850	226
ENSMUSG00000006906	383
ENSMUSG00000006920	392
ENSMUSG00000006930	61
ENSMUSG00000006931	23
ENSMUSG00000006932	4419
ENSMUSG00000006941	592
ENSMUSG00000006948	0
ENSMUSG00000006958	400
ENSMUSG00000006998	2255
ENSMUSG00000007021	0
ENSMUSG00000007029	827
ENSMUSG00000007030	13
ENSMUSG00000007033	5
ENSMUSG00000007034	14
ENSMUSG00000007035	80
ENSMUSG00000007036	1242
ENSMUSG00000007038	1414
ENSMUSG00000007039	111
ENSMUSG00000007041	604
ENSMUSG00000007050	448
ENSMUSG00000007080	68
ENSMUSG00000007097	34
ENSMUSG00000007107	1
ENSMUSG00000007122	30
ENSMUSG00000007207	51
ENSMUSG00000007209	0
ENSMUSG00000007216	128
ENSMUSG00000007279	0
ENSMUSG00000007338	721
ENSMUSG00000007379	38
ENSMUSG00000007411	1315
ENSMUSG00000007415	1140
ENSMUSG00000007440	0
ENSMUSG00000007457	0
ENSMUSG00000007458	2093
ENSMUSG00000007476	652
ENSMUSG00000007480	0
ENSMUSG00000007564	1570
ENSMUSG00000007570	243
ENSMUSG00000007589	413
ENSMUSG00000007591	6
ENSMUSG00000007594	497
ENSMUSG00000007603	614
ENSMUSG00000007610	190
ENSMUSG00000007613	929
ENSMUSG00000007617	340
ENSMUSG00000007646	28
ENSMUSG00000007653	0
ENSMUSG00000007655	137
ENSMUSG00000007656	1888
ENSMUSG00000007659	628
ENSMUSG00000007670	785
ENSMUSG00000007682	0
ENSMUSG00000007721	1055
ENSMUSG00000007739	2092
ENSMUSG00000007777	561
ENSMUSG00000007783	14
ENSMUSG00000007805	8
ENSMUSG00000007812	882
ENSMUSG00000007815	374
ENSMUSG00000007817	1571
ENSMUSG00000007827	198
ENSMUSG00000007833	1667
ENSMUSG00000007836	1481
ENSMUSG00000007837	881
ENSMUSG00000007850	2326
ENSMUSG00000007867	102
ENSMUSG00000007872	1896
ENSMUSG00000007877	0
ENSMUSG00000007880	1328
ENSMUSG00000007888	0
ENSMUSG00000007891	6723
ENSMUSG00000007892	3087
ENSMUSG00000007907	0
ENSMUSG00000007908	0
ENSMUSG00000007944	0
ENSMUSG00000007946	0
ENSMUSG00000007950	74
ENSMUSG00000007987	119
ENSMUSG00000007989	6
ENSMUSG00000008028	0
ENSMUSG00000008035	2431
ENSMUSG00000008036	2071
ENSMUSG00000008090	1262
ENSMUSG00000008129	4
ENSMUSG00000008136	6
ENSMUSG00000008140	1678
ENSMUSG00000008153	1086
ENSMUSG00000008167	1213
ENSMUSG00000008193	27
ENSMUSG00000008200	2540
ENSMUSG00000008206	143
ENSMUSG00000008226	1409
ENSMUSG00000008301	514
ENSMUSG00000008305	1950
ENSMUSG00000008307	12
ENSMUSG00000008318	5
ENSMUSG00000008333	295
ENSMUSG00000008348	7468
ENSMUSG00000008373	384
ENSMUSG00000008384	205
ENSMUSG00000008393	1980
ENSMUSG00000008398	375
ENSMUSG00000008429	894
ENSMUSG00000008435	482
ENSMUSG00000008438	1
ENSMUSG00000008450	1
ENSMUSG00000008461	14
ENSMUSG00000008475	800
ENSMUSG00000008482	3
ENSMUSG00000008489	0
ENSMUSG00000008496	52
ENSMUSG00000008540	118567
ENSMUSG00000008575	2111
ENSMUSG00000008590	0
ENSMUSG00000008601	11
ENSMUSG00000008604	1270
ENSMUSG00000008658	1
ENSMUSG00000008668	10
ENSMUSG00000008682	63
ENSMUSG00000008683	707
ENSMUSG00000008690	664
ENSMUSG00000008730	1435
ENSMUSG00000008734	121
ENSMUSG00000008763	741
ENSMUSG00000008789	0
ENSMUSG00000008813	0
ENSMUSG00000008822	217
ENSMUSG00000008843	0
ENSMUSG00000008845	165
ENSMUSG00000008855	1281
ENSMUSG00000008859	729
ENSMUSG00000008874	0
ENSMUSG00000008892	300
ENSMUSG00000008932	6
ENSMUSG00000008958	421
ENSMUSG00000008976	742
ENSMUSG00000008999	57
ENSMUSG00000009013	154
ENSMUSG00000009030	662
ENSMUSG00000009035	726
ENSMUSG00000009047	0
ENSMUSG00000009070	0
ENSMUSG00000009073	656
ENSMUSG00000009075	0
ENSMUSG00000009076	210
ENSMUSG00000009079	1808
ENSMUSG00000009090	1476
ENSMUSG00000009092	165
ENSMUSG00000009093	1
ENSMUSG00000009097	0
ENSMUSG00000009108	19
ENSMUSG00000009112	709
ENSMUSG00000009114	0
ENSMUSG00000009115	2
ENSMUSG00000009145	428
ENSMUSG00000009185	5
ENSMUSG00000009207	126
ENSMUSG00000009210	0
ENSMUSG00000009214	0
ENSMUSG00000009216	0
ENSMUSG00000009246	3
ENSMUSG00000009248	0
ENSMUSG00000009281	15489
ENSMUSG00000009291	5148
ENSMUSG00000009292	364
ENSMUSG00000009293	792
ENSMUSG00000009350	5
ENSMUSG00000009356	0
ENSMUSG00000009376	1693
ENSMUSG00000009378	1783
ENSMUSG00000009394	3
ENSMUSG00000009406	111
ENSMUSG00000009418	442
ENSMUSG00000009470	1408
ENSMUSG00000009471	0
ENSMUSG00000009487	0
ENSMUSG00000009535	367
ENSMUSG00000009545	20
ENSMUSG00000009549	1095
ENSMUSG00000009551	0
ENSMUSG00000009555	463
ENSMUSG00000009563	979
ENSMUSG00000009566	3526
ENSMUSG00000009569	542
ENSMUSG00000009575	701
ENSMUSG00000009580	0
ENSMUSG00000009585	82
ENSMUSG00000009588	0
ENSMUSG00000009596	0
ENSMUSG00000009614	12907
ENSMUSG00000009621	1265
ENSMUSG00000009628	0
ENSMUSG00000009630	688
ENSMUSG00000009633	3053
ENSMUSG00000009640	398
ENSMUSG00000009646	1438
ENSMUSG00000009647	664
ENSMUSG00000009654	939
ENSMUSG00000009670	1
ENSMUSG00000009681	669
ENSMUSG00000009687	260
ENSMUSG00000009731	22
ENSMUSG00000009733	297
ENSMUSG00000009734	0
ENSMUSG00000009739	425
ENSMUSG00000009741	2649
ENSMUSG00000009772	497
ENSMUSG00000009828	722
ENSMUSG00000009863	5688
ENSMUSG00000009876	7
ENSMUSG00000009894	1760
ENSMUSG00000009900	0
ENSMUSG00000009905	793
ENSMUSG00000009907	1267
ENSMUSG00000009927	41
ENSMUSG00000009941	2
ENSMUSG00000009995	1191
ENSMUSG00000010021	11
ENSMUSG00000010025	7534
ENSMUSG00000010044	7
ENSMUSG00000010045	529
ENSMUSG00000010047	1240
ENSMUSG00000010048	1006
ENSMUSG00000010051	491
ENSMUSG00000010054	919
ENSMUSG00000010057	515
ENSMUSG00000010064	62789
ENSMUSG00000010066	0
ENSMUSG00000010067	270
ENSMUSG00000010080	6
ENSMUSG00000010086	0
ENSMUSG00000010095	1018
ENSMUSG00000010097	3798
ENSMUSG00000010110	2542
ENSMUSG00000010122	7945
ENSMUSG00000010136	0
ENSMUSG00000010142	15
ENSMUSG00000010154	1
ENSMUSG00000010175	3387
ENSMUSG00000010205	58
ENSMUSG00000010277	2630
ENSMUSG00000010290	317
ENSMUSG00000010307	235
ENSMUSG00000010311	10
ENSMUSG00000010342	3
ENSMUSG00000010358	1033
ENSMUSG00000010362	228
ENSMUSG00000010376	2032
ENSMUSG00000010392	1068
ENSMUSG00000010406	1730
ENSMUSG00000010435	0
ENSMUSG00000010453	2332
ENSMUSG00000010461	12
ENSMUSG00000010476	2
ENSMUSG00000010492	1
ENSMUSG00000010505	0
ENSMUSG00000010517	534
ENSMUSG00000010529	0
ENSMUSG00000010538	63
ENSMUSG00000010554	391
ENSMUSG00000010592	1
ENSMUSG00000010601	3477
ENSMUSG00000010607	655
ENSMUSG00000010608	3159
ENSMUSG00000010609	7060
ENSMUSG00000010651	15958
ENSMUSG00000010660	26
ENSMUSG00000010663	14544
ENSMUSG00000010721	130
ENSMUSG00000010751	45
ENSMUSG00000010755	1052
ENSMUSG00000010760	3
ENSMUSG00000010796	0
ENSMUSG00000010797	51
ENSMUSG00000010803	0
ENSMUSG00000010825	0
ENSMUSG00000010830	6
ENSMUSG00000010841	0
ENSMUSG00000010911	467
ENSMUSG00000010914	629
ENSMUSG00000010936	585
ENSMUSG00000011008	14
ENSMUSG00000011034	31
ENSMUSG00000011052	0
ENSMUSG00000011096	1136
ENSMUSG00000011114	1128
ENSMUSG00000011118	0
ENSMUSG00000011148	490
ENSMUSG00000011154	1
ENSMUSG00000011158	739
ENSMUSG00000011171	0
ENSMUSG00000011179	23
ENSMUSG00000011254	70
ENSMUSG00000011256	79
ENSMUSG00000011257	66
ENSMUSG00000011263	281
ENSMUSG00000011267	29
ENSMUSG00000011305	657
ENSMUSG00000011306	436
ENSMUSG00000011349	0
ENSMUSG00000011350	0
ENSMUSG00000011382	3766
ENSMUSG00000011427	129
ENSMUSG00000011463	0
ENSMUSG00000011486	0
ENSMUSG00000011589	0
ENSMUSG00000011632	0
ENSMUSG00000011658	283
ENSMUSG00000011751	2
ENSMUSG00000011752	3
ENSMUSG00000011831	3332
ENSMUSG00000011832	146
ENSMUSG00000011837	167
ENSMUSG00000011877	393
ENSMUSG00000011884	173
ENSMUSG00000011958	1425
ENSMUSG00000011960	651
ENSMUSG00000012017	228
ENSMUSG00000012042	4
ENSMUSG00000012076	141
ENSMUSG00000012114	1419
ENSMUSG00000012117	864
ENSMUSG00000012123	162
ENSMUSG00000012126	1
ENSMUSG00000012187	56
ENSMUSG00000012211	0
ENSMUSG00000012282	0
ENSMUSG00000012296	318
ENSMUSG00000012350	16
ENSMUSG00000012396	0
ENSMUSG00000012405	399
ENSMUSG00000012422	1015
ENSMUSG00000012428	2765
ENSMUSG00000012429	156
ENSMUSG00000012443	28
ENSMUSG00000012483	182
ENSMUSG00000012519	151
ENSMUSG00000012520	0
ENSMUSG00000012535	950
ENSMUSG00000012609	162
ENSMUSG00000012640	1171
ENSMUSG00000012705	3
ENSMUSG00000012777	0
ENSMUSG00000012819	1
ENSMUSG00000012848	7871
ENSMUSG00000012889	12
ENSMUSG00000013033	506
ENSMUSG00000013076	181
ENSMUSG00000013083	0
ENSMUSG00000013089	45
ENSMUSG00000013091	0
ENSMUSG00000013150	160
ENSMUSG00000013155	26
ENSMUSG00000013158	1
ENSMUSG00000013160	1688
ENSMUSG00000013236	434
ENSMUSG00000013275	371
ENSMUSG00000013338	0
ENSMUSG00000013353	0
ENSMUSG00000013367	30
ENSMUSG00000013415	2
ENSMUSG00000013418	0
ENSMUSG00000013419	28
ENSMUSG00000013465	670
ENSMUSG00000013483	0
ENSMUSG00000013495	357
ENSMUSG00000013523	1
ENSMUSG00000013539	796
ENSMUSG00000013562	0
ENSMUSG00000013584	11
ENSMUSG00000013593	4974
ENSMUSG00000013611	0
ENSMUSG00000013622	1916
ENSMUSG00000013629	478
ENSMUSG00000013643	0
ENSMUSG00000013646	511
ENSMUSG00000013653	0
ENSMUSG00000013662	1349
ENSMUSG00000013663	1995
ENSMUSG00000013668	0
ENSMUSG00000013698	696
ENSMUSG00000013701	23
ENSMUSG00000013707	74
ENSMUSG00000013736	279
ENSMUSG00000013766	0
ENSMUSG00000013787	2643
ENSMUSG00000013822	862
ENSMUSG00000013833	284
ENSMUSG00000013846	2339
ENSMUSG00000013858	2971
ENSMUSG00000013878	277
ENSMUSG00000013921	22
ENSMUSG00000013928	0
ENSMUSG00000013936	0
ENSMUSG00000013973	696
ENSMUSG00000013974	9
ENSMUSG00000013997	3301
ENSMUSG00000014030	28
ENSMUSG00000014039	500
ENSMUSG00000014074	266
ENSMUSG00000014075	54
ENSMUSG00000014077	3661
ENSMUSG00000014104	0
ENSMUSG00000014158	45
ENSMUSG00000014164	535
ENSMUSG00000014177	571
ENSMUSG00000014195	1839
ENSMUSG00000014198	2
ENSMUSG00000014226	413
ENSMUSG00000014232	180
ENSMUSG00000014243	363
ENSMUSG00000014245	130
ENSMUSG00000014294	4304
ENSMUSG00000014301	6
ENSMUSG00000014303	70
ENSMUSG00000014313	4911
ENSMUSG00000014329	103
ENSMUSG00000014349	1102
ENSMUSG00000014351	0
ENSMUSG00000014353	1193
ENSMUSG00000014355	1124
ENSMUSG00000014361	1098
ENSMUSG00000014402	297
ENSMUSG00000014418	974
ENSMUSG00000014426	386
ENSMUSG00000014444	346
ENSMUSG00000014453	29
ENSMUSG00000014470	407
ENSMUSG00000014496	424
ENSMUSG00000014498	466
ENSMUSG00000014503	0
ENSMUSG00000014504	540
ENSMUSG00000014529	0
ENSMUSG00000014542	3532
ENSMUSG00000014543	4
ENSMUSG00000014547	685
ENSMUSG00000014550	299
ENSMUSG00000014551	420
ENSMUSG00000014554	309
ENSMUSG00000014592	26
ENSMUSG00000014599	560
ENSMUSG00000014601	755
ENSMUSG00000014602	9
ENSMUSG00000014603	0
ENSMUSG00000014606	2418
ENSMUSG00000014609	11
ENSMUSG00000014633	322
ENSMUSG00000014668	722
ENSMUSG00000014686	0
ENSMUSG00000014704	16
ENSMUSG00000014725	0
ENSMUSG00000014747	0
ENSMUSG00000014748	1896
ENSMUSG00000014763	701
ENSMUSG00000014767	481
ENSMUSG00000014769	4665
ENSMUSG00000014771	470
ENSMUSG00000014773	228
ENSMUSG00000014776	19
ENSMUSG00000014778	507
ENSMUSG00000014782	1
ENSMUSG00000014786	38
ENSMUSG00000014791	811
ENSMUSG00000014813	7
ENSMUSG00000014837	63
ENSMUSG00000014846	7
ENSMUSG00000014850	424
ENSMUSG00000014852	158
ENSMUSG00000014856	1002
ENSMUSG00000014859	532
ENSMUSG00000014867	6424
ENSMUSG00000014873	506
ENSMUSG00000014905	2397
ENSMUSG00000014907	174
ENSMUSG00000014932	751
ENSMUSG00000014956	3280
ENSMUSG00000014959	2881
ENSMUSG00000014980	23
ENSMUSG00000015001	0
ENSMUSG00000015002	980
ENSMUSG00000015013	499
ENSMUSG00000015016	750
ENSMUSG00000015023	265
ENSMUSG00000015027	433
ENSMUSG00000015053	61
ENSMUSG00000015083	11714
ENSMUSG00000015085	127
ENSMUSG00000015087	775
ENSMUSG00000015090	25
ENSMUSG00000015092	2863
ENSMUSG00000015093	0
ENSMUSG00000015094	168
ENSMUSG00000015095	1532
ENSMUSG00000015112	3573
ENSMUSG00000015120	547
ENSMUSG00000015126	227
ENSMUSG00000015127	145
ENSMUSG00000015133	547
ENSMUSG00000015134	17
ENSMUSG00000015143	727
ENSMUSG00000015149	1284
ENSMUSG00000015165	3310
ENSMUSG00000015176	854
ENSMUSG00000015189	1084
ENSMUSG00000015202	230
ENSMUSG00000015214	811
ENSMUSG00000015217	8
ENSMUSG00000015222	20
ENSMUSG00000015224	1750
ENSMUSG00000015242	0
ENSMUSG00000015243	5634
ENSMUSG00000015247	2474
ENSMUSG00000015289	441
ENSMUSG00000015290	1046
ENSMUSG00000015291	1122
ENSMUSG00000015305	755
ENSMUSG00000015312	118
ENSMUSG00000015314	39
ENSMUSG00000015316	1
ENSMUSG00000015335	452
ENSMUSG00000015337	950
ENSMUSG00000015340	474
ENSMUSG00000015341	479
ENSMUSG00000015342	102
ENSMUSG00000015354	55
ENSMUSG00000015355	116
ENSMUSG00000015357	1726
ENSMUSG00000015363	3356
ENSMUSG00000015365	0
ENSMUSG00000015377	378
ENSMUSG00000015396	68
ENSMUSG00000015401	5
ENSMUSG00000015405	3
ENSMUSG00000015437	12
ENSMUSG00000015441	0
ENSMUSG00000015443	0
ENSMUSG00000015451	4495
ENSMUSG00000015452	16
ENSMUSG00000015461	421
ENSMUSG00000015467	36
ENSMUSG00000015468	157
ENSMUSG00000015474	475
ENSMUSG00000015476	14
ENSMUSG00000015478	1545
ENSMUSG00000015484	0
ENSMUSG00000015488	972
ENSMUSG00000015501	431
ENSMUSG00000015519	0
ENSMUSG00000015522	913
ENSMUSG00000015533	4
ENSMUSG00000015536	2831
ENSMUSG00000015542	897
ENSMUSG00000015568	767
ENSMUSG00000015575	1149
ENSMUSG00000015579	0
ENSMUSG00000015597	762
ENSMUSG00000015599	51
ENSMUSG00000015605	326
ENSMUSG00000015619	8
ENSMUSG00000015627	16
ENSMUSG00000015647	234
ENSMUSG00000015652	4
ENSMUSG00000015653	270
ENSMUSG00000015656	176
ENSMUSG00000015659	52
ENSMUSG00000015665	0
ENSMUSG00000015668	554
ENSMUSG00000015671	1291
ENSMUSG00000015672	621
ENSMUSG00000015697	1026
ENSMUSG00000015702	97
ENSMUSG00000015709	4
ENSMUSG00000015711	238
ENSMUSG00000015714	9692
ENSMUSG00000015721	0
ENSMUSG00000015733	1851
ENSMUSG00000015745	369
ENSMUSG00000015747	151
ENSMUSG00000015748	328
ENSMUSG00000015749	554
ENSMUSG00000015750	195
ENSMUSG00000015755	1303
ENSMUSG00000015757	828
ENSMUSG00000015759	1189
ENSMUSG00000015766	58
ENSMUSG00000015776	549
ENSMUSG00000015787	0
ENSMUSG00000015790	1247
ENSMUSG00000015804	743
ENSMUSG00000015806	14374
ENSMUSG00000015812	15
ENSMUSG00000015829	0
ENSMUSG00000015837	8576
ENSMUSG00000015839	4414
ENSMUSG00000015843	184
ENSMUSG00000015846	8306
ENSMUSG00000015850	173
ENSMUSG00000015852	0
ENSMUSG00000015854	4463
ENSMUSG00000015869	2407
ENSMUSG00000015879	8
ENSMUSG00000015880	12
ENSMUSG00000015882	221
ENSMUSG00000015889	643
ENSMUSG00000015890	6688
ENSMUSG00000015932	2545
ENSMUSG00000015937	1916
ENSMUSG00000015942	317
ENSMUSG00000015943	772
ENSMUSG00000015944	138
ENSMUSG00000015947	136
ENSMUSG00000015950	188
ENSMUSG00000015957	0
ENSMUSG00000015961	1394
ENSMUSG00000015962	2
ENSMUSG00000015966	377
ENSMUSG00000015968	104
ENSMUSG00000015970	3802
ENSMUSG00000015971	612
ENSMUSG00000015980	18
ENSMUSG00000015981	21
ENSMUSG00000015994	883
ENSMUSG00000016018	491
ENSMUSG00000016024	1677
ENSMUSG00000016028	999
ENSMUSG00000016087	143
ENSMUSG00000016128	759
ENSMUSG00000016150	0
ENSMUSG00000016179	0
ENSMUSG00000016181	313
ENSMUSG00000016194	22143
ENSMUSG00000016200	1
ENSMUSG00000016206	95
ENSMUSG00000016239	15
ENSMUSG00000016252	5678
ENSMUSG00000016253	758
ENSMUSG00000016255	9
ENSMUSG00000016256	8204
ENSMUSG00000016257	929
ENSMUSG00000016262	9
ENSMUSG00000016283	1
ENSMUSG00000016308	787
ENSMUSG00000016319	973
ENSMUSG00000016327	0
ENSMUSG00000016344	551
ENSMUSG00000016346	0
ENSMUSG00000016349	0
ENSMUSG00000016356	120
ENSMUSG00000016382	1945
ENSMUSG00000016386	6
ENSMUSG00000016409	217
ENSMUSG00000016427	1649
ENSMUSG00000016458	25
ENSMUSG00000016477	232
ENSMUSG00000016481	632
ENSMUSG00000016487	1441
ENSMUSG00000016493	75
ENSMUSG00000016494	36
ENSMUSG00000016495	389
ENSMUSG00000016496	86
ENSMUSG00000016498	3
ENSMUSG00000016503	376
ENSMUSG00000016510	729
ENSMUSG00000016520	482
ENSMUSG00000016524	0
ENSMUSG00000016526	37
ENSMUSG00000016528	1271
ENSMUSG00000016529	3
ENSMUSG00000016534	16663
ENSMUSG00000016541	1768
ENSMUSG00000016552	21
ENSMUSG00000016554	2399
ENSMUSG00000016559	3374
ENSMUSG00000016619	749
ENSMUSG00000016624	31
ENSMUSG00000016626	0
ENSMUSG00000016637	382
ENSMUSG00000016664	720
ENSMUSG00000016756	2216
ENSMUSG00000016757	245
ENSMUSG00000016758	135
ENSMUSG00000016763	17
ENSMUSG00000016831	453
ENSMUSG00000016833	605
ENSMUSG00000016918	35
ENSMUSG00000016921	4805
ENSMUSG00000016933	1505
ENSMUSG00000016940	1178
ENSMUSG00000016942	8670
ENSMUSG00000016946	199
ENSMUSG00000016982	0
ENSMUSG00000016984	113
ENSMUSG00000016995	2
ENSMUSG00000016998	0
ENSMUSG00000017000	0
ENSMUSG00000017002	77
ENSMUSG00000017003	0
ENSMUSG00000017004	0
ENSMUSG00000017007	0
ENSMUSG00000017009	9851
ENSMUSG00000017049	0
ENSMUSG00000017057	1094
ENSMUSG00000017064	0
ENSMUSG00000017119	5213
ENSMUSG00000017132	1618
ENSMUSG00000017144	737
ENSMUSG00000017146	63
ENSMUSG00000017165	0
ENSMUSG00000017167	73
ENSMUSG00000017176	61
ENSMUSG00000017188	1495
ENSMUSG00000017195	4
ENSMUSG00000017204	0
ENSMUSG00000017210	602
ENSMUSG00000017211	0
ENSMUSG00000017221	2567
ENSMUSG00000017264	461
ENSMUSG00000017286	681
ENSMUSG00000017288	636
ENSMUSG00000017291	950
ENSMUSG00000017299	380
ENSMUSG00000017300	1
ENSMUSG00000017307	392
ENSMUSG00000017309	611
ENSMUSG00000017310	0
ENSMUSG00000017311	0
ENSMUSG00000017314	14
ENSMUSG00000017316	0
ENSMUSG00000017344	76437
ENSMUSG00000017376	376
ENSMUSG00000017386	1084
ENSMUSG00000017390	700
ENSMUSG00000017400	4
ENSMUSG00000017404	9
ENSMUSG00000017405	193
ENSMUSG00000017412	7
ENSMUSG00000017417	33
ENSMUSG00000017418	720
ENSMUSG00000017421	1922
ENSMUSG00000017428	1619
ENSMUSG00000017446	111
ENSMUSG00000017453	7824
ENSMUSG00000017466	356
ENSMUSG00000017478	504
ENSMUSG00000017485	917
ENSMUSG00000017491	151
ENSMUSG00000017493	31932
ENSMUSG00000017499	8
ENSMUSG00000017548	700
ENSMUSG00000017550	99
ENSMUSG00000017561	273
ENSMUSG00000017588	0
ENSMUSG00000017607	12
ENSMUSG00000017615	958
ENSMUSG00000017631	219
ENSMUSG00000017639	149
ENSMUSG00000017652	32
ENSMUSG00000017664	732
ENSMUSG00000017667	59
ENSMUSG00000017670	324
ENSMUSG00000017677	1790
ENSMUSG00000017679	467
ENSMUSG00000017686	1119
ENSMUSG00000017688	3
ENSMUSG00000017692	5
ENSMUSG00000017697	63
ENSMUSG00000017707	5178
ENSMUSG00000017713	264
ENSMUSG00000017715	387
ENSMUSG00000017716	62
ENSMUSG00000017718	327
ENSMUSG00000017720	0
ENSMUSG00000017721	654
ENSMUSG00000017723	358
ENSMUSG00000017724	8
ENSMUSG00000017733	0
ENSMUSG00000017734	37
ENSMUSG00000017737	28
ENSMUSG00000017740	170
ENSMUSG00000017747	308
ENSMUSG00000017754	4923
ENSMUSG00000017756	7741
ENSMUSG00000017760	5787
ENSMUSG00000017764	107
ENSMUSG00000017765	540
ENSMUSG00000017767	8
ENSMUSG00000017774	861
ENSMUSG00000017776	1606
ENSMUSG00000017778	103
ENSMUSG00000017781	992
ENSMUSG00000017801	1042
ENSMUSG00000017802	2185
ENSMUSG00000017817	13
ENSMUSG00000017830	460
ENSMUSG00000017831	354
ENSMUSG00000017832	0
ENSMUSG00000017837	269
ENSMUSG00000017843	1247
ENSMUSG00000017858	694
ENSMUSG00000017861	25
ENSMUSG00000017868	1691
ENSMUSG00000017897	3
ENSMUSG00000017922	0
ENSMUSG00000017929	974
ENSMUSG00000017943	0
ENSMUSG00000017950	11702
ENSMUSG00000017969	66
ENSMUSG00000017978	272
ENSMUSG00000017999	581
ENSMUSG00000018001	130
ENSMUSG00000018008	305
ENSMUSG00000018012	12
ENSMUSG00000018040	34
ENSMUSG00000018042	12309
ENSMUSG00000018068	214
ENSMUSG00000018076	518
ENSMUSG00000018102	2799
ENSMUSG00000018126	2
ENSMUSG00000018143	371
ENSMUSG00000018160	717
ENSMUSG00000018166	3134
ENSMUSG00000018167	464
ENSMUSG00000018168	28
ENSMUSG00000018169	62
ENSMUSG00000018171	2720
ENSMUSG00000018189	474
ENSMUSG00000018196	628
ENSMUSG00000018199	149
ENSMUSG00000018209	391
ENSMUSG00000018211	20
ENSMUSG00000018217	133
ENSMUSG00000018238	9
ENSMUSG00000018239	98
ENSMUSG00000018259	0
ENSMUSG00000018263	0
ENSMUSG00000018286	4099
ENSMUSG00000018287	1116
ENSMUSG00000018293	3750
ENSMUSG00000018322	731
ENSMUSG00000018326	2400
ENSMUSG00000018334	98
ENSMUSG00000018339	456
ENSMUSG00000018340	1797
ENSMUSG00000018341	2
ENSMUSG00000018347	190
ENSMUSG00000018362	7
ENSMUSG00000018363	1031
ENSMUSG00000018372	309
ENSMUSG00000018377	324
ENSMUSG00000018378	159
ENSMUSG00000018379	2728
ENSMUSG00000018381	233
ENSMUSG00000018387	2008
ENSMUSG00000018395	88
ENSMUSG00000018398	202
ENSMUSG00000018401	1790
ENSMUSG00000018405	142
ENSMUSG00000018411	284
ENSMUSG00000018412	682
ENSMUSG00000018415	722
ENSMUSG00000018417	4120
ENSMUSG00000018425	977
ENSMUSG00000018427	325
ENSMUSG00000018428	3308
ENSMUSG00000018433	320
ENSMUSG00000018442	4756
ENSMUSG00000018446	2242
ENSMUSG00000018449	719
ENSMUSG00000018451	1
ENSMUSG00000018459	311
ENSMUSG00000018470	39
ENSMUSG00000018474	2873
ENSMUSG00000018476	532
ENSMUSG00000018479	0
ENSMUSG00000018481	802
ENSMUSG00000018486	31
ENSMUSG00000018500	0
ENSMUSG00000018501	1319
ENSMUSG00000018507	63
ENSMUSG00000018509	518
ENSMUSG00000018537	281
ENSMUSG00000018541	260
ENSMUSG00000018543	1
ENSMUSG00000018547	471
ENSMUSG00000018548	169
ENSMUSG00000018554	2
ENSMUSG00000018559	1015
ENSMUSG00000018565	584
ENSMUSG00000018566	32
ENSMUSG00000018567	7890
ENSMUSG00000018569	28
ENSMUSG00000018570	0
ENSMUSG00000018572	692
ENSMUSG00000018574	7471
ENSMUSG00000018581	13
ENSMUSG00000018583	832
ENSMUSG00000018585	3509
ENSMUSG00000018589	0
ENSMUSG00000018593	1482
ENSMUSG00000018595	0
ENSMUSG00000018599	917
ENSMUSG00000018604	880
ENSMUSG00000018620	0
ENSMUSG00000018623	4
ENSMUSG00000018634	1
ENSMUSG00000018648	15
ENSMUSG00000018651	417
ENSMUSG00000018654	143
ENSMUSG00000018656	0
ENSMUSG00000018659	4834
ENSMUSG00000018661	433
ENSMUSG00000018666	145
ENSMUSG00000018669	2799
ENSMUSG00000018672	563
ENSMUSG00000018677	9893
ENSMUSG00000018678	119
ENSMUSG00000018697	351
ENSMUSG00000018698	0
ENSMUSG00000018707	3588
ENSMUSG00000018727	259
ENSMUSG00000018733	376
ENSMUSG00000018736	893
ENSMUSG00000018740	42
ENSMUSG00000018750	307
ENSMUSG00000018752	11
ENSMUSG00000018761	1401
ENSMUSG00000018765	1066
ENSMUSG00000018770	13498
ENSMUSG00000018774	425
ENSMUSG00000018776	0
ENSMUSG00000018796	14816
ENSMUSG00000018800	96
ENSMUSG00000018809	81
ENSMUSG00000018819	143
ENSMUSG00000018820	571
ENSMUSG00000018821	1137
ENSMUSG00000018822	10
ENSMUSG00000018830	103
ENSMUSG00000018841	309
ENSMUSG00000018844	2
ENSMUSG00000018845	109
ENSMUSG00000018846	1192
ENSMUSG00000018848	1042
ENSMUSG00000018849	2236
ENSMUSG00000018858	1008
ENSMUSG00000018861	1544
ENSMUSG00000018862	0
ENSMUSG00000018865	1
ENSMUSG00000018868	25
ENSMUSG00000018882	562
ENSMUSG00000018893	0
ENSMUSG00000018899	1371
ENSMUSG00000018900	344
ENSMUSG00000018906	137
ENSMUSG00000018907	1
ENSMUSG00000018909	443
ENSMUSG00000018914	0
ENSMUSG00000018916	0
ENSMUSG00000018919	4
ENSMUSG00000018920	564
ENSMUSG00000018921	394
ENSMUSG00000018923	313
ENSMUSG00000018924	12
ENSMUSG00000018925	0
ENSMUSG00000018927	325
ENSMUSG00000018930	12
ENSMUSG00000018931	110
ENSMUSG00000018932	1711
ENSMUSG00000018965	457
ENSMUSG00000018973	0
ENSMUSG00000018974	483
ENSMUSG00000018983	75
ENSMUSG00000018986	0
ENSMUSG00000018995	435
ENSMUSG00000018999	690
ENSMUSG00000019027	7
ENSMUSG00000019039	1517
ENSMUSG00000019054	2399
ENSMUSG00000019055	1079
ENSMUSG00000019066	224
ENSMUSG00000019080	302
ENSMUSG00000019082	5532
ENSMUSG00000019087	2032
ENSMUSG00000019088	209
ENSMUSG00000019102	1
ENSMUSG00000019122	2646
ENSMUSG00000019124	1
ENSMUSG00000019132	5656
ENSMUSG00000019139	316
ENSMUSG00000019143	957
ENSMUSG00000019146	0
ENSMUSG00000019158	625
ENSMUSG00000019173	2884
ENSMUSG00000019178	2
ENSMUSG00000019179	4293
ENSMUSG00000019188	4068
ENSMUSG00000019189	1304
ENSMUSG00000019194	136
ENSMUSG00000019210	2180
ENSMUSG00000019214	16
ENSMUSG00000019230	2
ENSMUSG00000019232	3676
ENSMUSG00000019235	21
ENSMUSG00000019254	1325
ENSMUSG00000019256	1950
ENSMUSG00000019261	245
ENSMUSG00000019278	31
ENSMUSG00000019295	479
ENSMUSG00000019297	602
ENSMUSG00000019301	8
ENSMUSG00000019302	1328
ENSMUSG00000019303	8
ENSMUSG00000019312	2983
ENSMUSG00000019320	36
ENSMUSG00000019326	7
ENSMUSG00000019338	279
ENSMUSG00000019359	0
ENSMUSG00000019362	2315
ENSMUSG00000019368	2496
ENSMUSG00000019370	943
ENSMUSG00000019373	822
ENSMUSG00000019428	9070
ENSMUSG00000019429	0
ENSMUSG00000019432	2563
ENSMUSG00000019433	231
ENSMUSG00000019437	2413
ENSMUSG00000019461	560
ENSMUSG00000019464	8
ENSMUSG00000019467	92
ENSMUSG00000019470	840
ENSMUSG00000019471	1986
ENSMUSG00000019478	1040
ENSMUSG00000019487	331
ENSMUSG00000019489	0
ENSMUSG00000019494	2237
ENSMUSG00000019505	2508
ENSMUSG00000019518	619
ENSMUSG00000019528	151
ENSMUSG00000019539	172
ENSMUSG00000019558	156
ENSMUSG00000019564	37
ENSMUSG00000019577	201
ENSMUSG00000019578	1393
ENSMUSG00000019579	2342
ENSMUSG00000019590	317
ENSMUSG00000019647	280
ENSMUSG00000019659	181
ENSMUSG00000019689	569
ENSMUSG00000019699	51
ENSMUSG00000019710	2298
ENSMUSG00000019715	851
ENSMUSG00000019718	782
ENSMUSG00000019726	1167
ENSMUSG00000019731	795
ENSMUSG00000019732	71
ENSMUSG00000019734	284
ENSMUSG00000019737	80
ENSMUSG00000019738	819
ENSMUSG00000019756	0
ENSMUSG00000019761	42
ENSMUSG00000019762	2493
ENSMUSG00000019763	99
ENSMUSG00000019767	0
ENSMUSG00000019768	656
ENSMUSG00000019772	3
ENSMUSG00000019773	57
ENSMUSG00000019774	147
ENSMUSG00000019775	2
ENSMUSG00000019777	614
ENSMUSG00000019779	95
ENSMUSG00000019782	40
ENSMUSG00000019785	0
ENSMUSG00000019787	0
ENSMUSG00000019789	4
ENSMUSG00000019790	544
ENSMUSG00000019791	439
ENSMUSG00000019792	158
ENSMUSG00000019794	305
ENSMUSG00000019795	1091
ENSMUSG00000019796	47
ENSMUSG00000019797	581
ENSMUSG00000019802	4221
ENSMUSG00000019803	0
ENSMUSG00000019804	2318
ENSMUSG00000019806	421
ENSMUSG00000019808	46
ENSMUSG00000019809	653
ENSMUSG00000019810	321
ENSMUSG00000019813	187
ENSMUSG00000019814	333
ENSMUSG00000019815	0
ENSMUSG00000019817	61
ENSMUSG00000019818	10192
ENSMUSG00000019820	684
ENSMUSG00000019822	998
ENSMUSG00000019823	107
ENSMUSG00000019826	566
ENSMUSG00000019828	0
ENSMUSG00000019831	43
ENSMUSG00000019832	1145
ENSMUSG00000019834	0
ENSMUSG00000019836	0
ENSMUSG00000019837	640
ENSMUSG00000019838	1626
ENSMUSG00000019841	490
ENSMUSG00000019842	137
ENSMUSG00000019843	457
ENSMUSG00000019845	47
ENSMUSG00000019846	198
ENSMUSG00000019848	10
ENSMUSG00000019849	717
ENSMUSG00000019850	111
ENSMUSG00000019851	2890
ENSMUSG00000019852	3
ENSMUSG00000019853	35
ENSMUSG00000019854	516
ENSMUSG00000019856	47
ENSMUSG00000019857	253
ENSMUSG00000019861	963
ENSMUSG00000019863	139
ENSMUSG00000019864	635
ENSMUSG00000019865	1
ENSMUSG00000019866	401
ENSMUSG00000019867	0
ENSMUSG00000019868	422
ENSMUSG00000019872	1006
ENSMUSG00000019873	1245
ENSMUSG00000019874	137
ENSMUSG00000019876	51
ENSMUSG00000019877	4888
ENSMUSG00000019878	1043
ENSMUSG00000019880	189
ENSMUSG00000019883	2770
ENSMUSG00000019888	0
ENSMUSG00000019889	1527
ENSMUSG00000019890	0
ENSMUSG00000019891	147
ENSMUSG00000019892	0
ENSMUSG00000019893	0
ENSMUSG00000019894	0
ENSMUSG00000019897	407
ENSMUSG00000019899	29
ENSMUSG00000019900	0
ENSMUSG00000019905	0
ENSMUSG00000019906	160
ENSMUSG00000019907	321
ENSMUSG00000019909	0
ENSMUSG00000019913	0
ENSMUSG00000019916	464
ENSMUSG00000019917	257
ENSMUSG00000019920	493
ENSMUSG00000019923	1664
ENSMUSG00000019927	373
ENSMUSG00000019929	4804
ENSMUSG00000019932	0
ENSMUSG00000019933	3
ENSMUSG00000019935	451
ENSMUSG00000019936	0
ENSMUSG00000019942	61
ENSMUSG00000019943	706
ENSMUSG00000019944	1343
ENSMUSG00000019945	67
ENSMUSG00000019947	1201
ENSMUSG00000019948	319
ENSMUSG00000019951	1678
ENSMUSG00000019952	149
ENSMUSG00000019960	4154
ENSMUSG00000019961	1441
ENSMUSG00000019966	95
ENSMUSG00000019969	772
ENSMUSG00000019970	1234
ENSMUSG00000019971	40
ENSMUSG00000019975	89
ENSMUSG00000019977	1662
ENSMUSG00000019978	585
ENSMUSG00000019979	143
ENSMUSG00000019982	7
ENSMUSG00000019984	380
ENSMUSG00000019986	37
ENSMUSG00000019987	36735
ENSMUSG00000019988	403
ENSMUSG00000019989	1605
ENSMUSG00000019990	51
ENSMUSG00000019992	8
ENSMUSG00000019996	1226
ENSMUSG00000019997	323
ENSMUSG00000019998	641
ENSMUSG00000020000	0
ENSMUSG00000020003	2352
ENSMUSG00000020007	0
ENSMUSG00000020009	616
ENSMUSG00000020010	1734
ENSMUSG00000020014	6
ENSMUSG00000020015	678
ENSMUSG00000020017	9940
ENSMUSG00000020018	61
ENSMUSG00000020019	246
ENSMUSG00000020020	0
ENSMUSG00000020021	1274
ENSMUSG00000020022	660
ENSMUSG00000020023	313
ENSMUSG00000020024	205
ENSMUSG00000020027	273
ENSMUSG00000020029	3858
ENSMUSG00000020032	66
ENSMUSG00000020033	0
ENSMUSG00000020034	662
ENSMUSG00000020037	67
ENSMUSG00000020038	171
ENSMUSG00000020042	61
ENSMUSG00000020044	901
ENSMUSG00000020048	17902
ENSMUSG00000020051	25211
ENSMUSG00000020052	0
ENSMUSG00000020053	16952
ENSMUSG00000020056	605
ENSMUSG00000020057	50
ENSMUSG00000020059	1
ENSMUSG00000020061	3
ENSMUSG00000020062	1
ENSMUSG00000020063	466
ENSMUSG00000020064	958
ENSMUSG00000020067	6
ENSMUSG00000020069	618
ENSMUSG00000020070	156
ENSMUSG00000020072	5027
ENSMUSG00000020074	1316
ENSMUSG00000020075	667
ENSMUSG00000020076	1265
ENSMUSG00000020077	310
ENSMUSG00000020078	1162
ENSMUSG00000020079	494
ENSMUSG00000020080	8
ENSMUSG00000020081	0
ENSMUSG00000020083	59
ENSMUSG00000020085	670
ENSMUSG00000020086	18
ENSMUSG00000020087	1598
ENSMUSG00000020088	2483
ENSMUSG00000020089	3291
ENSMUSG00000020090	0
ENSMUSG00000020091	3781
ENSMUSG00000020092	409
ENSMUSG00000020096	0
ENSMUSG00000020097	2890
ENSMUSG00000020098	9687
ENSMUSG00000020099	76
ENSMUSG00000020100	99
ENSMUSG00000020101	182
ENSMUSG00000020102	1953
ENSMUSG00000020105	355
ENSMUSG00000020107	862
ENSMUSG00000020108	208
ENSMUSG00000020109	1000
ENSMUSG00000020111	534
ENSMUSG00000020114	1387
ENSMUSG00000020115	782
ENSMUSG00000020116	743
ENSMUSG00000020120	132
ENSMUSG00000020121	85
ENSMUSG00000020122	18588
ENSMUSG00000020123	602
ENSMUSG00000020124	929
ENSMUSG00000020125	5
ENSMUSG00000020128	1023
ENSMUSG00000020130	1256
ENSMUSG00000020131	913
ENSMUSG00000020132	1496
ENSMUSG00000020133	415
ENSMUSG00000020134	738
ENSMUSG00000020135	17
ENSMUSG00000020137	221
ENSMUSG00000020140	271
ENSMUSG00000020142	85
ENSMUSG00000020143	108
ENSMUSG00000020149	5316
ENSMUSG00000020150	8158
ENSMUSG00000020151	5
ENSMUSG00000020152	2667
ENSMUSG00000020153	2330
ENSMUSG00000020154	1778
ENSMUSG00000020155	1
ENSMUSG00000020156	546
ENSMUSG00000020159	1
ENSMUSG00000020160	63
ENSMUSG00000020163	5336
ENSMUSG00000020164	0
ENSMUSG00000020166	1030
ENSMUSG00000020167	833
ENSMUSG00000020168	0
ENSMUSG00000020169	0
ENSMUSG00000020170	819
ENSMUSG00000020171	589
ENSMUSG00000020173	490
ENSMUSG00000020175	39
ENSMUSG00000020176	190
ENSMUSG00000020177	0
ENSMUSG00000020178	62
ENSMUSG00000020180	1285
ENSMUSG00000020181	0
ENSMUSG00000020182	1024
ENSMUSG00000020183	65
ENSMUSG00000020184	1541
ENSMUSG00000020185	116
ENSMUSG00000020186	831
ENSMUSG00000020189	2041
ENSMUSG00000020190	3001
ENSMUSG00000020191	0
ENSMUSG00000020193	7
ENSMUSG00000020196	807
ENSMUSG00000020198	2327
ENSMUSG00000020205	1330
ENSMUSG00000020211	304
ENSMUSG00000020212	32
ENSMUSG00000020213	0
ENSMUSG00000020214	0
ENSMUSG00000020216	1
ENSMUSG00000020218	0
ENSMUSG00000020219	2407
ENSMUSG00000020220	2066
ENSMUSG00000020224	123
ENSMUSG00000020225	1877
ENSMUSG00000020226	0
ENSMUSG00000020227	61
ENSMUSG00000020228	703
ENSMUSG00000020229	0
ENSMUSG00000020230	52
ENSMUSG00000020231	150
ENSMUSG00000020232	846
ENSMUSG00000020234	0
ENSMUSG00000020235	442
ENSMUSG00000020238	1446
ENSMUSG00000020241	158
ENSMUSG00000020246	211
ENSMUSG00000020248	1434
ENSMUSG00000020250	2714
ENSMUSG00000020251	7
ENSMUSG00000020253	525
ENSMUSG00000020255	398
ENSMUSG00000020256	12
ENSMUSG00000020257	1195
ENSMUSG00000020258	5737
ENSMUSG00000020260	514
ENSMUSG00000020261	991
ENSMUSG00000020262	432
ENSMUSG00000020263	1157
ENSMUSG00000020264	0
ENSMUSG00000020265	1762
ENSMUSG00000020267	6314
ENSMUSG00000020268	43
ENSMUSG00000020270	0
ENSMUSG00000020271	802
ENSMUSG00000020272	139
ENSMUSG00000020273	104
ENSMUSG00000020275	172
ENSMUSG00000020277	841
ENSMUSG00000020279	10
ENSMUSG00000020280	491
ENSMUSG00000020282	326
ENSMUSG00000020283	1023
ENSMUSG00000020284	202
ENSMUSG00000020286	0
ENSMUSG00000020287	396
ENSMUSG00000020288	952
ENSMUSG00000020289	531
ENSMUSG00000020290	1066
ENSMUSG00000020295	0
ENSMUSG00000020297	4
ENSMUSG00000020299	4
ENSMUSG00000020300	1251
ENSMUSG00000020303	10
ENSMUSG00000020305	152
ENSMUSG00000020307	1443
ENSMUSG00000020308	378
ENSMUSG00000020309	830
ENSMUSG00000020310	3
ENSMUSG00000020311	573
ENSMUSG00000020312	2
ENSMUSG00000020315	2138
ENSMUSG00000020317	0
ENSMUSG00000020319	49
ENSMUSG00000020321	14526
ENSMUSG00000020323	0
ENSMUSG00000020325	5
ENSMUSG00000020326	880
ENSMUSG00000020327	0
ENSMUSG00000020328	888
ENSMUSG00000020329	836
ENSMUSG00000020330	2
ENSMUSG00000020331	1
ENSMUSG00000020332	0
ENSMUSG00000020333	16
ENSMUSG00000020334	135
ENSMUSG00000020335	37
ENSMUSG00000020340	81
ENSMUSG00000020346	1587
ENSMUSG00000020349	2494
ENSMUSG00000020354	1
ENSMUSG00000020357	980
ENSMUSG00000020358	3510
ENSMUSG00000020359	344
ENSMUSG00000020361	2222
ENSMUSG00000020362	1433
ENSMUSG00000020363	22
ENSMUSG00000020364	204
ENSMUSG00000020366	1711
ENSMUSG00000020368	9410
ENSMUSG00000020372	8439
ENSMUSG00000020374	0
ENSMUSG00000020375	481
ENSMUSG00000020376	1850
ENSMUSG00000020377	15
ENSMUSG00000020380	335
ENSMUSG00000020381	407
ENSMUSG00000020383	0
ENSMUSG00000020385	2591
ENSMUSG00000020386	4807
ENSMUSG00000020387	278
ENSMUSG00000020388	69
ENSMUSG00000020389	5
ENSMUSG00000020390	3449
ENSMUSG00000020392	404
ENSMUSG00000020393	348
ENSMUSG00000020395	22
ENSMUSG00000020396	4
ENSMUSG00000020397	499
ENSMUSG00000020399	42
ENSMUSG00000020400	360
ENSMUSG00000020401	0
ENSMUSG00000020402	2331
ENSMUSG00000020405	0
ENSMUSG00000020407	67
ENSMUSG00000020409	666
ENSMUSG00000020411	2
ENSMUSG00000020412	1145
ENSMUSG00000020413	141
ENSMUSG00000020415	1138
ENSMUSG00000020419	20
ENSMUSG00000020420	20
ENSMUSG00000020422	920
ENSMUSG00000020423	1517
ENSMUSG00000020424	46
ENSMUSG00000020427	859
ENSMUSG00000020428	0
ENSMUSG00000020429	3739
ENSMUSG00000020430	248
ENSMUSG00000020431	2
ENSMUSG00000020432	2029
ENSMUSG00000020434	0
ENSMUSG00000020435	53
ENSMUSG00000020436	0
ENSMUSG00000020437	113
ENSMUSG00000020439	174
ENSMUSG00000020440	3093
ENSMUSG00000020441	182
ENSMUSG00000020444	1024
ENSMUSG00000020447	0
ENSMUSG00000020448	1060
ENSMUSG00000020451	359
ENSMUSG00000020453	117
ENSMUSG00000020454	826
ENSMUSG00000020455	1442
ENSMUSG00000020456	4354
ENSMUSG00000020457	1134
ENSMUSG00000020458	1899
ENSMUSG00000020459	702
ENSMUSG00000020460	2
ENSMUSG00000020461	1
ENSMUSG00000020462	383
ENSMUSG00000020463	778
ENSMUSG00000020464	673
ENSMUSG00000020467	439
ENSMUSG00000020469	8
ENSMUSG00000020471	314
ENSMUSG00000020472	544
ENSMUSG00000020473	37
ENSMUSG00000020474	393
ENSMUSG00000020475	0
ENSMUSG00000020476	879
ENSMUSG00000020477	1223
ENSMUSG00000020481	0
ENSMUSG00000020482	483
ENSMUSG00000020483	2750
ENSMUSG00000020484	7505
ENSMUSG00000020485	13
ENSMUSG00000020486	475
ENSMUSG00000020490	0
ENSMUSG00000020491	70
ENSMUSG00000020492	61
ENSMUSG00000020493	13
ENSMUSG00000020495	206
ENSMUSG00000020496	2108
ENSMUSG00000020513	79
ENSMUSG00000020514	142
ENSMUSG00000020515	944
ENSMUSG00000020516	994
ENSMUSG00000020519	517
ENSMUSG00000020520	137
ENSMUSG00000020521	1082
ENSMUSG00000020522	234
ENSMUSG00000020523	1179
ENSMUSG00000020524	3
ENSMUSG00000020525	197
ENSMUSG00000020526	161
ENSMUSG00000020527	418
ENSMUSG00000020528	36
ENSMUSG00000020530	2634
ENSMUSG00000020532	3595
ENSMUSG00000020534	5667
ENSMUSG00000020536	434
ENSMUSG00000020537	630
ENSMUSG00000020538	18973
ENSMUSG00000020541	602
ENSMUSG00000020542	0
ENSMUSG00000020544	227
ENSMUSG00000020545	0
ENSMUSG00000020546	61
ENSMUSG00000020547	157
ENSMUSG00000020548	0
ENSMUSG00000020549	736
ENSMUSG00000020553	2887
ENSMUSG00000020561	168
ENSMUSG00000020562	0
ENSMUSG00000020564	319
ENSMUSG00000020566	0
ENSMUSG00000020570	1589
ENSMUSG00000020571	8292
ENSMUSG00000020572	1777
ENSMUSG00000020573	53
ENSMUSG00000020576	332
ENSMUSG00000020577	36
ENSMUSG00000020580	846
ENSMUSG00000020581	0
ENSMUSG00000020583	0
ENSMUSG00000020585	5049
ENSMUSG00000020589	108
ENSMUSG00000020590	783
ENSMUSG00000020591	0
ENSMUSG00000020592	2322
ENSMUSG00000020593	2477
ENSMUSG00000020594	1822
ENSMUSG00000020598	1
ENSMUSG00000020599	14
ENSMUSG00000020600	6
ENSMUSG00000020601	90
ENSMUSG00000020604	486
ENSMUSG00000020605	389
ENSMUSG00000020607	46
ENSMUSG00000020608	492
ENSMUSG00000020609	71208
ENSMUSG00000020610	409
ENSMUSG00000020611	739
ENSMUSG00000020612	4015
ENSMUSG00000020614	1128
ENSMUSG00000020617	0
ENSMUSG00000020620	1594
ENSMUSG00000020621	743
ENSMUSG00000020622	0
ENSMUSG00000020623	164
ENSMUSG00000020624	0
ENSMUSG00000020627	4
ENSMUSG00000020628	483
ENSMUSG00000020629	2520
ENSMUSG00000020630	216
ENSMUSG00000020633	0
ENSMUSG00000020634	171
ENSMUSG00000020635	16
ENSMUSG00000020636	0
ENSMUSG00000020638	182
ENSMUSG00000020639	7
ENSMUSG00000020640	898
ENSMUSG00000020641	258
ENSMUSG00000020642	96
ENSMUSG00000020644	3893
ENSMUSG00000020646	2
ENSMUSG00000020647	449
ENSMUSG00000020648	182
ENSMUSG00000020649	203
ENSMUSG00000020650	331
ENSMUSG00000020651	22
ENSMUSG00000020652	92
ENSMUSG00000020653	309
ENSMUSG00000020654	28
ENSMUSG00000020656	28
ENSMUSG00000020657	32
ENSMUSG00000020658	66
ENSMUSG00000020659	253
ENSMUSG00000020660	8
ENSMUSG00000020661	976
ENSMUSG00000020664	2966
ENSMUSG00000020668	24
ENSMUSG00000020669	192
ENSMUSG00000020671	1703
ENSMUSG00000020672	253
ENSMUSG00000020673	2
ENSMUSG00000020674	470
ENSMUSG00000020676	1
ENSMUSG00000020677	614
ENSMUSG00000020679	681
ENSMUSG00000020680	1588
ENSMUSG00000020681	46
ENSMUSG00000020682	6
ENSMUSG00000020684	16
ENSMUSG00000020686	0
ENSMUSG00000020687	732
ENSMUSG00000020689	101
ENSMUSG00000020690	1
ENSMUSG00000020691	113
ENSMUSG00000020692	139
ENSMUSG00000020694	595
ENSMUSG00000020695	90
ENSMUSG00000020696	1051
ENSMUSG00000020697	529
ENSMUSG00000020698	34
ENSMUSG00000020700	513
ENSMUSG00000020701	88
ENSMUSG00000020702	0
ENSMUSG00000020703	0
ENSMUSG00000020704	0
ENSMUSG00000020705	1464
ENSMUSG00000020706	1358
ENSMUSG00000020707	364
ENSMUSG00000020708	1739
ENSMUSG00000020709	263
ENSMUSG00000020712	3
ENSMUSG00000020713	0
ENSMUSG00000020715	1533
ENSMUSG00000020716	615
ENSMUSG00000020717	507
ENSMUSG00000020718	175
ENSMUSG00000020719	6987
ENSMUSG00000020720	1892
ENSMUSG00000020721	294
ENSMUSG00000020722	8
ENSMUSG00000020723	0
ENSMUSG00000020728	10
ENSMUSG00000020732	7
ENSMUSG00000020733	4611
ENSMUSG00000020734	7
ENSMUSG00000020736	750
ENSMUSG00000020737	213
ENSMUSG00000020738	0
ENSMUSG00000020739	548
ENSMUSG00000020740	574
ENSMUSG00000020741	5637
ENSMUSG00000020743	1610
ENSMUSG00000020744	491
ENSMUSG00000020745	1515
ENSMUSG00000020747	1113
ENSMUSG00000020752	540
ENSMUSG00000020755	587
ENSMUSG00000020758	9
ENSMUSG00000020766	1591
ENSMUSG00000020770	479
ENSMUSG00000020773	193
ENSMUSG00000020774	282
ENSMUSG00000020775	1625
ENSMUSG00000020776	332
ENSMUSG00000020777	49951
ENSMUSG00000020778	66
ENSMUSG00000020780	1438
ENSMUSG00000020781	252
ENSMUSG00000020782	557
ENSMUSG00000020783	471
ENSMUSG00000020785	28
ENSMUSG00000020787	3
ENSMUSG00000020788	105
ENSMUSG00000020790	1002
ENSMUSG00000020792	869
ENSMUSG00000020793	1
ENSMUSG00000020794	1480
ENSMUSG00000020798	3
ENSMUSG00000020799	0
ENSMUSG00000020801	135
ENSMUSG00000020802	394
ENSMUSG00000020803	1531
ENSMUSG00000020804	0
ENSMUSG00000020805	75
ENSMUSG00000020806	499
ENSMUSG00000020807	189
ENSMUSG00000020808	8
ENSMUSG00000020810	441
ENSMUSG00000020811	21
ENSMUSG00000020812	86
ENSMUSG00000020814	71
ENSMUSG00000020817	1454
ENSMUSG00000020818	751
ENSMUSG00000020821	2953
ENSMUSG00000020823	344
ENSMUSG00000020826	5
ENSMUSG00000020827	1692
ENSMUSG00000020828	336
ENSMUSG00000020829	854
ENSMUSG00000020830	218
ENSMUSG00000020831	16
ENSMUSG00000020832	640
ENSMUSG00000020834	164
ENSMUSG00000020836	14
ENSMUSG00000020838	5
ENSMUSG00000020839	0
ENSMUSG00000020840	826
ENSMUSG00000020841	1046
ENSMUSG00000020843	357
ENSMUSG00000020844	93
ENSMUSG00000020846	33
ENSMUSG00000020847	92
ENSMUSG00000020848	0
ENSMUSG00000020849	5737
ENSMUSG00000020850	3125
ENSMUSG00000020857	13
ENSMUSG00000020859	2141
ENSMUSG00000020863	1359
ENSMUSG00000020864	1252
ENSMUSG00000020865	6819
ENSMUSG00000020866	5
ENSMUSG00000020867	0
ENSMUSG00000020868	628
ENSMUSG00000020869	1765
ENSMUSG00000020870	141
ENSMUSG00000020871	3
ENSMUSG00000020872	0
ENSMUSG00000020873	1963
ENSMUSG00000020875	0
ENSMUSG00000020876	283
ENSMUSG00000020877	975
ENSMUSG00000020878	37
ENSMUSG00000020882	27
ENSMUSG00000020883	1115
ENSMUSG00000020884	19976
ENSMUSG00000020886	16
ENSMUSG00000020887	0
ENSMUSG00000020888	133
ENSMUSG00000020889	3431
ENSMUSG00000020890	0
ENSMUSG00000020891	0
ENSMUSG00000020892	6
ENSMUSG00000020893	1184
ENSMUSG00000020894	487
ENSMUSG00000020895	49
ENSMUSG00000020897	14
ENSMUSG00000020898	261
ENSMUSG00000020899	424
ENSMUSG00000020900	162
ENSMUSG00000020901	72
ENSMUSG00000020902	191
ENSMUSG00000020903	512
ENSMUSG00000020904	0
ENSMUSG00000020905	4
ENSMUSG00000020907	0
ENSMUSG00000020908	1
ENSMUSG00000020910	508
ENSMUSG00000020911	38
ENSMUSG00000020912	0
ENSMUSG00000020913	0
ENSMUSG00000020914	45
ENSMUSG00000020916	0
ENSMUSG00000020917	8276
ENSMUSG00000020918	956
ENSMUSG00000020919	1179
ENSMUSG00000020921	124
ENSMUSG00000020922	706
ENSMUSG00000020923	1377
ENSMUSG00000020925	258
ENSMUSG00000020926	2123
ENSMUSG00000020928	1
ENSMUSG00000020929	606
ENSMUSG00000020930	2
ENSMUSG00000020932	15
ENSMUSG00000020935	535
ENSMUSG00000020936	1707
ENSMUSG00000020937	31
ENSMUSG00000020940	0
ENSMUSG00000020941	106
ENSMUSG00000020945	0
ENSMUSG00000020946	809
ENSMUSG00000020948	197
ENSMUSG00000020949	701
ENSMUSG00000020950	0
ENSMUSG00000020952	742
ENSMUSG00000020953	1
ENSMUSG00000020954	414
ENSMUSG00000020955	310
ENSMUSG00000020956	410
ENSMUSG00000020961	132
ENSMUSG00000020962	570
ENSMUSG00000020963	0
ENSMUSG00000020964	5689
ENSMUSG00000020973	22
ENSMUSG00000020974	11
ENSMUSG00000020978	681
ENSMUSG00000020982	472
ENSMUSG00000020986	1654
ENSMUSG00000020988	977
ENSMUSG00000020990	12
ENSMUSG00000020992	0
ENSMUSG00000020993	470
ENSMUSG00000020994	1848
ENSMUSG00000021000	5493
ENSMUSG00000021003	405
ENSMUSG00000021007	47
ENSMUSG00000021009	563
ENSMUSG00000021010	3
ENSMUSG00000021012	1044
ENSMUSG00000021013	161
ENSMUSG00000021018	150
ENSMUSG00000021022	84
ENSMUSG00000021023	285
ENSMUSG00000021024	3101
ENSMUSG00000021025	958
ENSMUSG00000021027	401
ENSMUSG00000021028	121
ENSMUSG00000021032	2
ENSMUSG00000021033	22541
ENSMUSG00000021036	608
ENSMUSG00000021037	1158
ENSMUSG00000021038	596
ENSMUSG00000021039	756
ENSMUSG00000021040	773
ENSMUSG00000021044	379
ENSMUSG00000021047	1
ENSMUSG00000021048	3791
ENSMUSG00000021051	1202
ENSMUSG00000021054	2220
ENSMUSG00000021055	1
ENSMUSG00000021056	0
ENSMUSG00000021057	36
ENSMUSG00000021061	16
ENSMUSG00000021062	0
ENSMUSG00000021065	99
ENSMUSG00000021066	57
ENSMUSG00000021067	492
ENSMUSG00000021068	161
ENSMUSG00000021069	9534
ENSMUSG00000021070	2
ENSMUSG00000021071	0
ENSMUSG00000021072	1036
ENSMUSG00000021076	1026
ENSMUSG00000021078	0
ENSMUSG00000021079	941
ENSMUSG00000021081	0
ENSMUSG00000021086	0
ENSMUSG00000021087	35
ENSMUSG00000021090	0
ENSMUSG00000021091	9512
ENSMUSG00000021094	1034
ENSMUSG00000021095	0
ENSMUSG00000021096	2201
ENSMUSG00000021097	2265
ENSMUSG00000021098	1
ENSMUSG00000021099	0
ENSMUSG00000021101	0
ENSMUSG00000021102	2885
ENSMUSG00000021103	128
ENSMUSG00000021108	101
ENSMUSG00000021109	961
ENSMUSG00000021111	2027
ENSMUSG00000021112	365
ENSMUSG00000021113	182
ENSMUSG00000021114	884
ENSMUSG00000021115	202
ENSMUSG00000021116	628
ENSMUSG00000021118	4
ENSMUSG00000021120	99
ENSMUSG00000021123	3
ENSMUSG00000021124	1414
ENSMUSG00000021125	21
ENSMUSG00000021127	1561
ENSMUSG00000021130	1
ENSMUSG00000021131	2
ENSMUSG00000021133	1087
ENSMUSG00000021134	2745
ENSMUSG00000021135	16574
ENSMUSG00000021136	5580
ENSMUSG00000021139	7
ENSMUSG00000021140	643
ENSMUSG00000021143	414
ENSMUSG00000021144	910
ENSMUSG00000021147	511
ENSMUSG00000021148	0
ENSMUSG00000021149	961
ENSMUSG00000021156	1850
ENSMUSG00000021171	1008
ENSMUSG00000021175	10
ENSMUSG00000021176	0
ENSMUSG00000021177	98
ENSMUSG00000021178	918
ENSMUSG00000021179	333
ENSMUSG00000021180	50
ENSMUSG00000021182	175
ENSMUSG00000021185	969
ENSMUSG00000021186	135
ENSMUSG00000021187	70
ENSMUSG00000021188	1126
ENSMUSG00000021189	477
ENSMUSG00000021190	1612
ENSMUSG00000021192	821
ENSMUSG00000021193	645
ENSMUSG00000021194	0
ENSMUSG00000021196	98
ENSMUSG00000021198	6
ENSMUSG00000021200	64
ENSMUSG00000021203	88
ENSMUSG00000021207	1
ENSMUSG00000021208	600
ENSMUSG00000021209	184
ENSMUSG00000021210	22178
ENSMUSG00000021211	1383
ENSMUSG00000021213	1561
ENSMUSG00000021214	3
ENSMUSG00000021215	1019
ENSMUSG00000021216	0
ENSMUSG00000021217	48
ENSMUSG00000021218	3996
ENSMUSG00000021219	1
ENSMUSG00000021221	11
ENSMUSG00000021222	133
ENSMUSG00000021223	63
ENSMUSG00000021224	1527
ENSMUSG00000021226	61
ENSMUSG00000021228	251
ENSMUSG00000021234	10
ENSMUSG00000021235	455
ENSMUSG00000021236	6281
ENSMUSG00000021238	9149
ENSMUSG00000021239	0
ENSMUSG00000021240	280
ENSMUSG00000021241	1014
ENSMUSG00000021242	2688
ENSMUSG00000021243	360
ENSMUSG00000021244	448
ENSMUSG00000021245	206
ENSMUSG00000021248	744
ENSMUSG00000021250	990
ENSMUSG00000021252	3034
ENSMUSG00000021253	27
ENSMUSG00000021254	305
ENSMUSG00000021255	41
ENSMUSG00000021256	5
ENSMUSG00000021257	89
ENSMUSG00000021258	520
ENSMUSG00000021259	662
ENSMUSG00000021260	88
ENSMUSG00000021262	171
ENSMUSG00000021263	8
ENSMUSG00000021264	1399
ENSMUSG00000021265	100
ENSMUSG00000021266	577
ENSMUSG00000021268	282
ENSMUSG00000021270	15
ENSMUSG00000021271	370
ENSMUSG00000021273	1210
ENSMUSG00000021275	298
ENSMUSG00000021276	418
ENSMUSG00000021277	342
ENSMUSG00000021278	3
ENSMUSG00000021279	2400
ENSMUSG00000021280	81
ENSMUSG00000021281	1077
ENSMUSG00000021282	4182
ENSMUSG00000021285	553
ENSMUSG00000021286	1237
ENSMUSG00000021287	89
ENSMUSG00000021288	752
ENSMUSG00000021290	2792
ENSMUSG00000021294	25
ENSMUSG00000021298	60
ENSMUSG00000021301	0
ENSMUSG00000021302	337
ENSMUSG00000021303	0
ENSMUSG00000021306	48
ENSMUSG00000021311	366
ENSMUSG00000021313	1
ENSMUSG00000021314	1
ENSMUSG00000021318	12
ENSMUSG00000021319	2
ENSMUSG00000021322	93
ENSMUSG00000021326	582
ENSMUSG00000021327	1958
ENSMUSG00000021335	274
ENSMUSG00000021336	1379
ENSMUSG00000021337	0
ENSMUSG00000021338	1351
ENSMUSG00000021339	999
ENSMUSG00000021340	7516
ENSMUSG00000021342	0
ENSMUSG00000021345	0
ENSMUSG00000021346	0
ENSMUSG00000021347	0
ENSMUSG00000021348	0
ENSMUSG00000021356	29
ENSMUSG00000021357	275
ENSMUSG00000021359	2
ENSMUSG00000021360	971
ENSMUSG00000021361	2238
ENSMUSG00000021362	0
ENSMUSG00000021363	1
ENSMUSG00000021364	12237
ENSMUSG00000021365	101
ENSMUSG00000021366	419
ENSMUSG00000021367	27
ENSMUSG00000021368	251
ENSMUSG00000021371	1067
ENSMUSG00000021373	2
ENSMUSG00000021374	657
ENSMUSG00000021375	403
ENSMUSG00000021376	1316
ENSMUSG00000021377	991
ENSMUSG00000021379	60
ENSMUSG00000021381	10
ENSMUSG00000021384	17
ENSMUSG00000021385	238
ENSMUSG00000021388	6
ENSMUSG00000021390	68
ENSMUSG00000021391	4
ENSMUSG00000021392	301
ENSMUSG00000021395	246
ENSMUSG00000021396	2
ENSMUSG00000021400	984
ENSMUSG00000021403	0
ENSMUSG00000021404	0
ENSMUSG00000021408	801
ENSMUSG00000021411	1696
ENSMUSG00000021413	2108
ENSMUSG00000021414	2
ENSMUSG00000021415	0
ENSMUSG00000021416	0
ENSMUSG00000021417	3818
ENSMUSG00000021418	249
ENSMUSG00000021420	860
ENSMUSG00000021423	249
ENSMUSG00000021427	3860
ENSMUSG00000021428	295
ENSMUSG00000021431	499
ENSMUSG00000021432	394
ENSMUSG00000021439	0
ENSMUSG00000021440	0
ENSMUSG00000021441	0
ENSMUSG00000021448	0
ENSMUSG00000021451	36
ENSMUSG00000021453	2316
ENSMUSG00000021456	5
ENSMUSG00000021457	401
ENSMUSG00000021458	724
ENSMUSG00000021460	1052
ENSMUSG00000021461	211
ENSMUSG00000021464	1
ENSMUSG00000021466	593
ENSMUSG00000021468	878
ENSMUSG00000021469	0
ENSMUSG00000021470	75
ENSMUSG00000021474	3245
ENSMUSG00000021476	2626
ENSMUSG00000021477	14647
ENSMUSG00000021478	0
ENSMUSG00000021481	177
ENSMUSG00000021482	1835
ENSMUSG00000021483	312
ENSMUSG00000021484	5113
ENSMUSG00000021485	4
ENSMUSG00000021486	413
ENSMUSG00000021488	2183
ENSMUSG00000021490	17
ENSMUSG00000021492	13664
ENSMUSG00000021493	229
ENSMUSG00000021494	932
ENSMUSG00000021495	6960
ENSMUSG00000021496	461
ENSMUSG00000021497	2293
ENSMUSG00000021499	9
ENSMUSG00000021500	1463
ENSMUSG00000021501	648
ENSMUSG00000021504	400
ENSMUSG00000021506	1
ENSMUSG00000021508	66
ENSMUSG00000021509	327
ENSMUSG00000021510	133
ENSMUSG00000021514	163
ENSMUSG00000021518	1251
ENSMUSG00000021519	657
ENSMUSG00000021520	107
ENSMUSG00000021532	163
ENSMUSG00000021534	0
ENSMUSG00000021536	5
ENSMUSG00000021537	511
ENSMUSG00000021538	0
ENSMUSG00000021539	2605
ENSMUSG00000021540	635
ENSMUSG00000021541	0
ENSMUSG00000021545	0
ENSMUSG00000021546	2634
ENSMUSG00000021548	361
ENSMUSG00000021549	601
ENSMUSG00000021550	1043
ENSMUSG00000021552	139
ENSMUSG00000021553	1
ENSMUSG00000021555	551
ENSMUSG00000021556	67
ENSMUSG00000021557	310
ENSMUSG00000021559	2344
ENSMUSG00000021565	4
ENSMUSG00000021566	0
ENSMUSG00000021567	30
ENSMUSG00000021569	21
ENSMUSG00000021572	22
ENSMUSG00000021573	135
ENSMUSG00000021575	12
ENSMUSG00000021576	1968
ENSMUSG00000021577	9238
ENSMUSG00000021578	716
ENSMUSG00000021579	41
ENSMUSG00000021583	2164
ENSMUSG00000021585	700
ENSMUSG00000021587	1
ENSMUSG00000021589	163
ENSMUSG00000021590	1
ENSMUSG00000021591	425
ENSMUSG00000021592	316
ENSMUSG00000021594	2260
ENSMUSG00000021595	1800
ENSMUSG00000021596	4
ENSMUSG00000021597	115
ENSMUSG00000021598	369
ENSMUSG00000021600	0
ENSMUSG00000021604	0
ENSMUSG00000021606	1231
ENSMUSG00000021607	661
ENSMUSG00000021608	133
ENSMUSG00000021609	1
ENSMUSG00000021610	2335
ENSMUSG00000021611	572
ENSMUSG00000021612	0
ENSMUSG00000021613	1
ENSMUSG00000021614	23
ENSMUSG00000021615	159
ENSMUSG00000021619	154
ENSMUSG00000021620	2842
ENSMUSG00000021621	345
ENSMUSG00000021622	0
ENSMUSG00000021624	46
ENSMUSG00000021629	1302
ENSMUSG00000021631	0
ENSMUSG00000021635	370
ENSMUSG00000021636	353
ENSMUSG00000021638	408
ENSMUSG00000021639	214
ENSMUSG00000021640	37
ENSMUSG00000021643	133
ENSMUSG00000021645	211
ENSMUSG00000021646	1582
ENSMUSG00000021647	0
ENSMUSG00000021650	598
ENSMUSG00000021660	521
ENSMUSG00000021661	314
ENSMUSG00000021662	1
ENSMUSG00000021665	468
ENSMUSG00000021666	1159
ENSMUSG00000021668	157
ENSMUSG00000021669	1413
ENSMUSG00000021670	4591
ENSMUSG00000021671	150
ENSMUSG00000021675	5
ENSMUSG00000021676	4919
ENSMUSG00000021678	8
ENSMUSG00000021679	0
ENSMUSG00000021680	0
ENSMUSG00000021681	620
ENSMUSG00000021684	47
ENSMUSG00000021685	0
ENSMUSG00000021686	973
ENSMUSG00000021687	1877
ENSMUSG00000021690	462
ENSMUSG00000021692	33
ENSMUSG00000021693	313
ENSMUSG00000021694	91
ENSMUSG00000021696	12
ENSMUSG00000021697	3
ENSMUSG00000021699	42
ENSMUSG00000021700	0
ENSMUSG00000021701	659
ENSMUSG00000021702	0
ENSMUSG00000021703	565
ENSMUSG00000021704	696
ENSMUSG00000021706	211
ENSMUSG00000021707	1231
ENSMUSG00000021708	10
ENSMUSG00000021709	1685
ENSMUSG00000021710	670
ENSMUSG00000021711	461
ENSMUSG00000021712	362
ENSMUSG00000021713	170
ENSMUSG00000021714	25
ENSMUSG00000021715	204
ENSMUSG00000021716	337
ENSMUSG00000021718	0
ENSMUSG00000021719	10
ENSMUSG00000021720	19
ENSMUSG00000021721	0
ENSMUSG00000021725	73
ENSMUSG00000021728	17
ENSMUSG00000021730	0
ENSMUSG00000021731	747
ENSMUSG00000021732	0
ENSMUSG00000021733	268
ENSMUSG00000021737	1450
ENSMUSG00000021738	893
ENSMUSG00000021741	0
ENSMUSG00000021743	0
ENSMUSG00000021745	554
ENSMUSG00000021747	0
ENSMUSG00000021748	518
ENSMUSG00000021749	1
ENSMUSG00000021750	3
ENSMUSG00000021751	3697
ENSMUSG00000021752	539
ENSMUSG00000021754	645
ENSMUSG00000021756	3218
ENSMUSG00000021758	1
ENSMUSG00000021759	482
ENSMUSG00000021760	49
ENSMUSG00000021763	7
ENSMUSG00000021764	2237
ENSMUSG00000021765	266
ENSMUSG00000021767	496
ENSMUSG00000021768	1
ENSMUSG00000021770	769
ENSMUSG00000021771	1434
ENSMUSG00000021772	832
ENSMUSG00000021773	134
ENSMUSG00000021774	123
ENSMUSG00000021775	1485
ENSMUSG00000021779	906
ENSMUSG00000021782	229
ENSMUSG00000021785	947
ENSMUSG00000021786	841
ENSMUSG00000021789	59
ENSMUSG00000021790	0
ENSMUSG00000021791	0
ENSMUSG00000021792	2380
ENSMUSG00000021794	18716
ENSMUSG00000021795	16
ENSMUSG00000021796	653
ENSMUSG00000021797	0
ENSMUSG00000021798	8
ENSMUSG00000021799	0
ENSMUSG00000021803	0
ENSMUSG00000021804	3
ENSMUSG00000021806	445
ENSMUSG00000021807	1159
ENSMUSG00000021809	613
ENSMUSG00000021810	440
ENSMUSG00000021811	95
ENSMUSG00000021814	3477
ENSMUSG00000021815	46
ENSMUSG00000021816	946
ENSMUSG00000021819	2106
ENSMUSG00000021820	572
ENSMUSG00000021822	79
ENSMUSG00000021823	774
ENSMUSG00000021824	1707
ENSMUSG00000021830	143
ENSMUSG00000021831	133
ENSMUSG00000021832	1352
ENSMUSG00000021835	84
ENSMUSG00000021838	124
ENSMUSG00000021840	448
ENSMUSG00000021843	539
ENSMUSG00000021846	359
ENSMUSG00000021848	0
ENSMUSG00000021850	18
ENSMUSG00000021852	0
ENSMUSG00000021866	81
ENSMUSG00000021867	0
ENSMUSG00000021868	1528
ENSMUSG00000021870	1639
ENSMUSG00000021871	1113
ENSMUSG00000021872	4
ENSMUSG00000021874	0
ENSMUSG00000021876	37368
ENSMUSG00000021877	3285
ENSMUSG00000021879	0
ENSMUSG00000021880	29
ENSMUSG00000021884	3655
ENSMUSG00000021886	125
ENSMUSG00000021890	876
ENSMUSG00000021891	318
ENSMUSG00000021892	1473
ENSMUSG00000021893	1057
ENSMUSG00000021895	700
ENSMUSG00000021898	0
ENSMUSG00000021900	1821
ENSMUSG00000021901	989
ENSMUSG00000021902	302
ENSMUSG00000021903	188
ENSMUSG00000021904	5
ENSMUSG00000021905	554
ENSMUSG00000021906	606
ENSMUSG00000021907	0
ENSMUSG00000021908	80
ENSMUSG00000021910	7846
ENSMUSG00000021911	245
ENSMUSG00000021913	3
ENSMUSG00000021916	385
ENSMUSG00000021917	667
ENSMUSG00000021918	104
ENSMUSG00000021919	0
ENSMUSG00000021922	61560
ENSMUSG00000021927	0
ENSMUSG00000021928	4032
ENSMUSG00000021929	926
ENSMUSG00000021930	756
ENSMUSG00000021932	206
ENSMUSG00000021933	0
ENSMUSG00000021936	698
ENSMUSG00000021938	199
ENSMUSG00000021939	18553
ENSMUSG00000021940	0
ENSMUSG00000021943	151
ENSMUSG00000021944	522
ENSMUSG00000021945	854
ENSMUSG00000021947	928
ENSMUSG00000021948	410
ENSMUSG00000021950	11
ENSMUSG00000021951	182
ENSMUSG00000021952	426
ENSMUSG00000021953	0
ENSMUSG00000021957	4454
ENSMUSG00000021958	151
ENSMUSG00000021959	311
ENSMUSG00000021961	0
ENSMUSG00000021962	381
ENSMUSG00000021963	504
ENSMUSG00000021965	3
ENSMUSG00000021966	0
ENSMUSG00000021967	581
ENSMUSG00000021969	416
ENSMUSG00000021972	519
ENSMUSG00000021973	1039
ENSMUSG00000021974	14
ENSMUSG00000021975	249
ENSMUSG00000021977	0
ENSMUSG00000021978	619
ENSMUSG00000021981	1323
ENSMUSG00000021982	1299
ENSMUSG00000021983	7
ENSMUSG00000021986	10
ENSMUSG00000021987	719
ENSMUSG00000021990	1321
ENSMUSG00000021991	0
ENSMUSG00000021993	653
ENSMUSG00000021994	39
ENSMUSG00000021996	2507
ENSMUSG00000021997	0
ENSMUSG00000021998	1723
ENSMUSG00000021999	8646
ENSMUSG00000022000	900
ENSMUSG00000022002	0
ENSMUSG00000022003	29
ENSMUSG00000022008	378
ENSMUSG00000022009	334
ENSMUSG00000022010	1643
ENSMUSG00000022012	1
ENSMUSG00000022013	761
ENSMUSG00000022014	106
ENSMUSG00000022015	0
ENSMUSG00000022016	703
ENSMUSG00000022018	2
ENSMUSG00000022019	258
ENSMUSG00000022020	309
ENSMUSG00000022021	3
ENSMUSG00000022022	180
ENSMUSG00000022023	462
ENSMUSG00000022024	661
ENSMUSG00000022025	226
ENSMUSG00000022026	2
ENSMUSG00000022031	658
ENSMUSG00000022032	204
ENSMUSG00000022033	7
ENSMUSG00000022034	15
ENSMUSG00000022035	924
ENSMUSG00000022037	39533
ENSMUSG00000022039	0
ENSMUSG00000022040	17355
ENSMUSG00000022041	77
ENSMUSG00000022043	203
ENSMUSG00000022044	0
ENSMUSG00000022048	311
ENSMUSG00000022051	1429
ENSMUSG00000022052	435
ENSMUSG00000022053	2
ENSMUSG00000022054	0
ENSMUSG00000022055	0
ENSMUSG00000022056	0
ENSMUSG00000022057	164
ENSMUSG00000022061	0
ENSMUSG00000022064	57
ENSMUSG00000022066	0
ENSMUSG00000022070	102
ENSMUSG00000022074	3
ENSMUSG00000022075	197
ENSMUSG00000022076	0
ENSMUSG00000022085	1
ENSMUSG00000022089	321
ENSMUSG00000022090	66
ENSMUSG00000022091	1250
ENSMUSG00000022092	69
ENSMUSG00000022094	6045
ENSMUSG00000022095	485
ENSMUSG00000022096	16
ENSMUSG00000022097	0
ENSMUSG00000022098	4427
ENSMUSG00000022099	19
ENSMUSG00000022100	1337
ENSMUSG00000022101	0
ENSMUSG00000022102	158
ENSMUSG00000022103	27
ENSMUSG00000022105	262
ENSMUSG00000022106	1392
ENSMUSG00000022108	28531
ENSMUSG00000022109	250
ENSMUSG00000022110	3055
ENSMUSG00000022111	232
ENSMUSG00000022112	0
ENSMUSG00000022113	0
ENSMUSG00000022114	34
ENSMUSG00000022116	0
ENSMUSG00000022119	250
ENSMUSG00000022120	50
ENSMUSG00000022122	248
ENSMUSG00000022123	2
ENSMUSG00000022124	1261
ENSMUSG00000022125	803
ENSMUSG00000022126	42
ENSMUSG00000022129	80
ENSMUSG00000022130	658
ENSMUSG00000022131	761
ENSMUSG00000022132	24
ENSMUSG00000022136	5248
ENSMUSG00000022139	1493
ENSMUSG00000022141	597
ENSMUSG00000022142	661
ENSMUSG00000022144	0
ENSMUSG00000022146	245
ENSMUSG00000022148	146
ENSMUSG00000022149	9386
ENSMUSG00000022150	711
ENSMUSG00000022151	340
ENSMUSG00000022155	0
ENSMUSG00000022156	0
ENSMUSG00000022157	2
ENSMUSG00000022159	140
ENSMUSG00000022160	404
ENSMUSG00000022174	2461
ENSMUSG00000022175	1422
ENSMUSG00000022176	2
ENSMUSG00000022177	421
ENSMUSG00000022178	150
ENSMUSG00000022179	100
ENSMUSG00000022180	244
ENSMUSG00000022181	3546
ENSMUSG00000022184	287
ENSMUSG00000022185	2196
ENSMUSG00000022186	141
ENSMUSG00000022187	6
ENSMUSG00000022191	258
ENSMUSG00000022193	42
ENSMUSG00000022194	467
ENSMUSG00000022195	499
ENSMUSG00000022197	11
ENSMUSG00000022199	52
ENSMUSG00000022200	1527
ENSMUSG00000022201	1316
ENSMUSG00000022203	5
ENSMUSG00000022204	815
ENSMUSG00000022205	1359
ENSMUSG00000022206	53
ENSMUSG00000022208	0
ENSMUSG00000022209	0
ENSMUSG00000022210	2371
ENSMUSG00000022211	7
ENSMUSG00000022212	0
ENSMUSG00000022214	8518
ENSMUSG00000022215	2151
ENSMUSG00000022216	2328
ENSMUSG00000022217	797
ENSMUSG00000022218	356
ENSMUSG00000022219	8742
ENSMUSG00000022220	215
ENSMUSG00000022221	111
ENSMUSG00000022223	287
ENSMUSG00000022225	0
ENSMUSG00000022226	0
ENSMUSG00000022227	0
ENSMUSG00000022228	4644
ENSMUSG00000022229	0
ENSMUSG00000022231	13
ENSMUSG00000022234	2672
ENSMUSG00000022235	3623
ENSMUSG00000022236	506
ENSMUSG00000022237	531
ENSMUSG00000022240	2
ENSMUSG00000022241	3269
ENSMUSG00000022243	0
ENSMUSG00000022244	4046
ENSMUSG00000022245	1
ENSMUSG00000022246	1128
ENSMUSG00000022247	741
ENSMUSG00000022248	162
ENSMUSG00000022249	0
ENSMUSG00000022253	2607
ENSMUSG00000022255	878
ENSMUSG00000022257	496
ENSMUSG00000022261	6245
ENSMUSG00000022262	17
ENSMUSG00000022263	904
ENSMUSG00000022265	786
ENSMUSG00000022269	0
ENSMUSG00000022270	1542
ENSMUSG00000022272	1143
ENSMUSG00000022280	645
ENSMUSG00000022283	501
ENSMUSG00000022285	2810
ENSMUSG00000022286	7
ENSMUSG00000022288	0
ENSMUSG00000022292	46
ENSMUSG00000022295	923
ENSMUSG00000022296	0
ENSMUSG00000022297	152
ENSMUSG00000022299	265
ENSMUSG00000022300	626
ENSMUSG00000022303	1
ENSMUSG00000022304	4310
ENSMUSG00000022305	116
ENSMUSG00000022306	23
ENSMUSG00000022307	1080
ENSMUSG00000022309	23
ENSMUSG00000022311	0
ENSMUSG00000022312	2495
ENSMUSG00000022313	184
ENSMUSG00000022314	1273
ENSMUSG00000022315	6
ENSMUSG00000022321	0
ENSMUSG00000022322	9
ENSMUSG00000022323	27832
ENSMUSG00000022324	42
ENSMUSG00000022325	272
ENSMUSG00000022329	278
ENSMUSG00000022330	0
ENSMUSG00000022332	445
ENSMUSG00000022335	74
ENSMUSG00000022336	586
ENSMUSG00000022337	580
ENSMUSG00000022338	1542
ENSMUSG00000022339	624
ENSMUSG00000022340	20
ENSMUSG00000022342	0
ENSMUSG00000022346	541
ENSMUSG00000022347	4
ENSMUSG00000022350	453
ENSMUSG00000022351	2423
ENSMUSG00000022353	8528
ENSMUSG00000022354	6802
ENSMUSG00000022357	0
ENSMUSG00000022358	108
ENSMUSG00000022359	228
ENSMUSG00000022360	125
ENSMUSG00000022361	660
ENSMUSG00000022362	8
ENSMUSG00000022364	194
ENSMUSG00000022365	3113
ENSMUSG00000022366	1
ENSMUSG00000022367	0
ENSMUSG00000022369	74
ENSMUSG00000022370	1091
ENSMUSG00000022371	739
ENSMUSG00000022372	85
ENSMUSG00000022375	0
ENSMUSG00000022376	0
ENSMUSG00000022377	396
ENSMUSG00000022378	393
ENSMUSG00000022382	0
ENSMUSG00000022383	741
ENSMUSG00000022385	38
ENSMUSG00000022386	303
ENSMUSG00000022387	773
ENSMUSG00000022388	8
ENSMUSG00000022389	7085
ENSMUSG00000022390	814
ENSMUSG00000022391	780
ENSMUSG00000022394	466
ENSMUSG00000022400	465
ENSMUSG00000022401	190
ENSMUSG00000022403	3919
ENSMUSG00000022404	1498
ENSMUSG00000022407	275
ENSMUSG00000022408	196
ENSMUSG00000022412	688
ENSMUSG00000022414	235
ENSMUSG00000022415	21
ENSMUSG00000022416	16
ENSMUSG00000022419	3090
ENSMUSG00000022420	226
ENSMUSG00000022421	11
ENSMUSG00000022422	5
ENSMUSG00000022425	2419
ENSMUSG00000022426	744
ENSMUSG00000022427	711
ENSMUSG00000022428	145
ENSMUSG00000022429	1
ENSMUSG00000022431	0
ENSMUSG00000022432	15
ENSMUSG00000022433	270
ENSMUSG00000022434	66
ENSMUSG00000022435	0
ENSMUSG00000022436	64
ENSMUSG00000022437	2057
ENSMUSG00000022438	142
ENSMUSG00000022439	52
ENSMUSG00000022440	41
ENSMUSG00000022441	0
ENSMUSG00000022442	62
ENSMUSG00000022443	2849
ENSMUSG00000022445	18818
ENSMUSG00000022449	0
ENSMUSG00000022450	5241
ENSMUSG00000022451	975
ENSMUSG00000022452	2437
ENSMUSG00000022453	872
ENSMUSG00000022454	1
ENSMUSG00000022455	0
ENSMUSG00000022456	3
ENSMUSG00000022462	8579
ENSMUSG00000022463	922
ENSMUSG00000022464	29290
ENSMUSG00000022466	130
ENSMUSG00000022468	14
ENSMUSG00000022469	254
ENSMUSG00000022471	462
ENSMUSG00000022472	1082
ENSMUSG00000022474	131
ENSMUSG00000022475	290
ENSMUSG00000022476	267
ENSMUSG00000022477	3323
ENSMUSG00000022479	3
ENSMUSG00000022483	0
ENSMUSG00000022484	0
ENSMUSG00000022485	0
ENSMUSG00000022487	0
ENSMUSG00000022488	336
ENSMUSG00000022489	158
ENSMUSG00000022490	3
ENSMUSG00000022491	0
ENSMUSG00000022494	9
ENSMUSG00000022496	2
ENSMUSG00000022498	1612
ENSMUSG00000022500	2264
ENSMUSG00000022501	0
ENSMUSG00000022503	620
ENSMUSG00000022504	41
ENSMUSG00000022505	290
ENSMUSG00000022507	1027
ENSMUSG00000022508	2612
ENSMUSG00000022510	0
ENSMUSG00000022512	1243
ENSMUSG00000022514	4415
ENSMUSG00000022515	605
ENSMUSG00000022516	583
ENSMUSG00000022517	1702
ENSMUSG00000022518	0
ENSMUSG00000022519	23
ENSMUSG00000022521	1204
ENSMUSG00000022523	6
ENSMUSG00000022525	0
ENSMUSG00000022526	28
ENSMUSG00000022528	482
ENSMUSG00000022529	865
ENSMUSG00000022533	2863
ENSMUSG00000022534	47
ENSMUSG00000022536	2082
ENSMUSG00000022537	90
ENSMUSG00000022538	522
ENSMUSG00000022540	580
ENSMUSG00000022542	0
ENSMUSG00000022543	13
ENSMUSG00000022544	216
ENSMUSG00000022545	213
ENSMUSG00000022546	6179
ENSMUSG00000022548	0
ENSMUSG00000022550	578
ENSMUSG00000022551	4603
ENSMUSG00000022552	1066
ENSMUSG00000022553	775
ENSMUSG00000022554	158
ENSMUSG00000022555	710
ENSMUSG00000022556	611
ENSMUSG00000022557	508
ENSMUSG00000022558	1110
ENSMUSG00000022559	692
ENSMUSG00000022560	226
ENSMUSG00000022561	785
ENSMUSG00000022562	2708
ENSMUSG00000022564	5172
ENSMUSG00000022565	2067
ENSMUSG00000022568	927
ENSMUSG00000022570	576
ENSMUSG00000022571	840
ENSMUSG00000022574	3533
ENSMUSG00000022575	1202
ENSMUSG00000022577	0
ENSMUSG00000022579	730
ENSMUSG00000022580	3
ENSMUSG00000022582	0
ENSMUSG00000022583	2
ENSMUSG00000022584	8
ENSMUSG00000022586	3
ENSMUSG00000022587	11372
ENSMUSG00000022589	0
ENSMUSG00000022591	0
ENSMUSG00000022594	21
ENSMUSG00000022595	0
ENSMUSG00000022596	0
ENSMUSG00000022598	2
ENSMUSG00000022601	556
ENSMUSG00000022602	4
ENSMUSG00000022603	0
ENSMUSG00000022604	134
ENSMUSG00000022607	581
ENSMUSG00000022610	332
ENSMUSG00000022613	13
ENSMUSG00000022614	643
ENSMUSG00000022615	281
ENSMUSG00000022617	2072
ENSMUSG00000022619	3
ENSMUSG00000022620	1970
ENSMUSG00000022621	88
ENSMUSG00000022622	10
ENSMUSG00000022623	432
ENSMUSG00000022629	1196
ENSMUSG00000022634	626
ENSMUSG00000022635	480
ENSMUSG00000022636	1640
ENSMUSG00000022637	252
ENSMUSG00000022639	58
ENSMUSG00000022641	225
ENSMUSG00000022650	0
ENSMUSG00000022651	4
ENSMUSG00000022652	0
ENSMUSG00000022656	1092
ENSMUSG00000022657	2
ENSMUSG00000022658	25
ENSMUSG00000022659	4
ENSMUSG00000022661	36
ENSMUSG00000022663	1852
ENSMUSG00000022664	460
ENSMUSG00000022665	183
ENSMUSG00000022667	27
ENSMUSG00000022668	311
ENSMUSG00000022671	555
ENSMUSG00000022672	270
ENSMUSG00000022673	120
ENSMUSG00000022674	226
ENSMUSG00000022676	161
ENSMUSG00000022677	342
ENSMUSG00000022678	578
ENSMUSG00000022679	719
ENSMUSG00000022680	1812
ENSMUSG00000022681	285
ENSMUSG00000022682	420
ENSMUSG00000022683	0
ENSMUSG00000022684	1345
ENSMUSG00000022685	503
ENSMUSG00000022686	16
ENSMUSG00000022687	11
ENSMUSG00000022696	10
ENSMUSG00000022698	2232
ENSMUSG00000022701	167
ENSMUSG00000022702	268
ENSMUSG00000022704	390
ENSMUSG00000022705	0
ENSMUSG00000022706	693
ENSMUSG00000022707	3138
ENSMUSG00000022708	2834
ENSMUSG00000022710	1928
ENSMUSG00000022711	1728
ENSMUSG00000022715	0
ENSMUSG00000022718	482
ENSMUSG00000022721	669
ENSMUSG00000022722	110
ENSMUSG00000022723	219
ENSMUSG00000022724	359
ENSMUSG00000022738	0
ENSMUSG00000022742	1420
ENSMUSG00000022744	481
ENSMUSG00000022747	143
ENSMUSG00000022748	49
ENSMUSG00000022749	672
ENSMUSG00000022750	452
ENSMUSG00000022751	4486
ENSMUSG00000022752	2121
ENSMUSG00000022753	0
ENSMUSG00000022754	4
ENSMUSG00000022755	1
ENSMUSG00000022756	40
ENSMUSG00000022757	1479
ENSMUSG00000022758	8
ENSMUSG00000022759	0
ENSMUSG00000022760	494
ENSMUSG00000022761	1055
ENSMUSG00000022762	56
ENSMUSG00000022763	211
ENSMUSG00000022765	615
ENSMUSG00000022766	13211
ENSMUSG00000022768	7
ENSMUSG00000022769	1192
ENSMUSG00000022770	1284
ENSMUSG00000022771	981
ENSMUSG00000022772	104
ENSMUSG00000022773	0
ENSMUSG00000022774	380
ENSMUSG00000022779	959
ENSMUSG00000022780	5
ENSMUSG00000022781	666
ENSMUSG00000022783	0
ENSMUSG00000022787	301
ENSMUSG00000022788	283
ENSMUSG00000022789	1525
ENSMUSG00000022790	486
ENSMUSG00000022791	989
ENSMUSG00000022792	351
ENSMUSG00000022793	82
ENSMUSG00000022797	880
ENSMUSG00000022798	0
ENSMUSG00000022799	233
ENSMUSG00000022800	1073
ENSMUSG00000022801	384
ENSMUSG00000022802	44
ENSMUSG00000022803	4
ENSMUSG00000022805	3
ENSMUSG00000022807	486
ENSMUSG00000022808	258
ENSMUSG00000022809	2468
ENSMUSG00000022811	835
ENSMUSG00000022812	833
ENSMUSG00000022814	971
ENSMUSG00000022816	114
ENSMUSG00000022817	1708
ENSMUSG00000022818	1
ENSMUSG00000022820	60
ENSMUSG00000022821	12899
ENSMUSG00000022822	470
ENSMUSG00000022824	0
ENSMUSG00000022827	359
ENSMUSG00000022828	378
ENSMUSG00000022829	0
ENSMUSG00000022831	347
ENSMUSG00000022832	0
ENSMUSG00000022833	95
ENSMUSG00000022836	4066
ENSMUSG00000022837	136
ENSMUSG00000022838	33
ENSMUSG00000022840	61
ENSMUSG00000022841	701
ENSMUSG00000022842	189
ENSMUSG00000022843	1330
ENSMUSG00000022844	1930
ENSMUSG00000022847	920
ENSMUSG00000022848	799
ENSMUSG00000022849	95
ENSMUSG00000022853	5868
ENSMUSG00000022855	744
ENSMUSG00000022856	270
ENSMUSG00000022857	0
ENSMUSG00000022858	491
ENSMUSG00000022860	0
ENSMUSG00000022861	1
ENSMUSG00000022863	1
ENSMUSG00000022864	104
ENSMUSG00000022865	2519
ENSMUSG00000022867	592
ENSMUSG00000022868	168457
ENSMUSG00000022871	20867
ENSMUSG00000022875	40992
ENSMUSG00000022876	17
ENSMUSG00000022877	22048
ENSMUSG00000022878	2
ENSMUSG00000022881	86
ENSMUSG00000022883	234
ENSMUSG00000022884	2300
ENSMUSG00000022885	2566
ENSMUSG00000022886	0
ENSMUSG00000022887	359
ENSMUSG00000022889	840
ENSMUSG00000022890	3865
ENSMUSG00000022892	1499
ENSMUSG00000022893	280
ENSMUSG00000022894	84
ENSMUSG00000022895	865
ENSMUSG00000022897	569
ENSMUSG00000022898	416
ENSMUSG00000022899	103
ENSMUSG00000022900	2
ENSMUSG00000022901	146
ENSMUSG00000022902	0
ENSMUSG00000022905	999
ENSMUSG00000022906	1302
ENSMUSG00000022911	182
ENSMUSG00000022912	1624
ENSMUSG00000022913	681
ENSMUSG00000022914	1496
ENSMUSG00000022915	0
ENSMUSG00000022931	0
ENSMUSG00000022935	0
ENSMUSG00000022938	0
ENSMUSG00000022940	287
ENSMUSG00000022941	53
ENSMUSG00000022945	91
ENSMUSG00000022946	1728
ENSMUSG00000022947	22
ENSMUSG00000022948	726
ENSMUSG00000022949	3
ENSMUSG00000022951	675
ENSMUSG00000022952	23
ENSMUSG00000022956	3613
ENSMUSG00000022957	861
ENSMUSG00000022960	124
ENSMUSG00000022961	6696
ENSMUSG00000022962	919
ENSMUSG00000022964	276
ENSMUSG00000022965	396
ENSMUSG00000022967	905
ENSMUSG00000022969	280
ENSMUSG00000022971	1452
ENSMUSG00000022972	279
ENSMUSG00000022973	528
ENSMUSG00000022974	1324
ENSMUSG00000022978	76
ENSMUSG00000022982	14589
ENSMUSG00000022983	673
ENSMUSG00000022986	0
ENSMUSG00000022987	46
ENSMUSG00000022991	0
ENSMUSG00000022992	16
ENSMUSG00000022993	3
ENSMUSG00000022994	2101
ENSMUSG00000022995	22
ENSMUSG00000022996	0
ENSMUSG00000022997	0
ENSMUSG00000022999	558
ENSMUSG00000023000	5
ENSMUSG00000023004	94
ENSMUSG00000023007	1252
ENSMUSG00000023008	203
ENSMUSG00000023009	55
ENSMUSG00000023010	36639
ENSMUSG00000023011	0
ENSMUSG00000023013	0
ENSMUSG00000023015	27
ENSMUSG00000023017	0
ENSMUSG00000023018	197
ENSMUSG00000023019	8219
ENSMUSG00000023020	889
ENSMUSG00000023021	118
ENSMUSG00000023022	1323
ENSMUSG00000023025	583
ENSMUSG00000023026	226
ENSMUSG00000023027	195
ENSMUSG00000023030	769
ENSMUSG00000023031	963
ENSMUSG00000023032	24
ENSMUSG00000023033	25
ENSMUSG00000023034	791
ENSMUSG00000023036	0
ENSMUSG00000023039	31
ENSMUSG00000023041	0
ENSMUSG00000023043	6367
ENSMUSG00000023044	3120
ENSMUSG00000023045	1211
ENSMUSG00000023046	27
ENSMUSG00000023047	10
ENSMUSG00000023048	1646
ENSMUSG00000023050	58
ENSMUSG00000023051	20
ENSMUSG00000023052	9
ENSMUSG00000023055	1122
ENSMUSG00000023057	2767
ENSMUSG00000023064	4
ENSMUSG00000023066	59
ENSMUSG00000023067	111
ENSMUSG00000023068	1537
ENSMUSG00000023070	36775
ENSMUSG00000023072	223
ENSMUSG00000023073	1063
ENSMUSG00000023074	45
ENSMUSG00000023075	70
ENSMUSG00000023078	208
ENSMUSG00000023079	158
ENSMUSG00000023083	0
ENSMUSG00000023084	4
ENSMUSG00000023087	14550
ENSMUSG00000023088	139
ENSMUSG00000023089	1974
ENSMUSG00000023092	221
ENSMUSG00000023093	0
ENSMUSG00000023094	335
ENSMUSG00000023104	814
ENSMUSG00000023106	1120
ENSMUSG00000023110	442
ENSMUSG00000023118	953
ENSMUSG00000023120	0
ENSMUSG00000023122	147
ENSMUSG00000023132	4
ENSMUSG00000023140	0
ENSMUSG00000023143	416
ENSMUSG00000023147	161
ENSMUSG00000023150	4655
ENSMUSG00000023151	1
ENSMUSG00000023153	2
ENSMUSG00000023156	552
ENSMUSG00000023159	0
ENSMUSG00000023165	0
ENSMUSG00000023169	63
ENSMUSG00000023170	627
ENSMUSG00000023175	8899
ENSMUSG00000023176	7007
ENSMUSG00000023185	0
ENSMUSG00000023186	749
ENSMUSG00000023191	82
ENSMUSG00000023192	0
ENSMUSG00000023206	1847
ENSMUSG00000023210	0
ENSMUSG00000023216	0
ENSMUSG00000023224	20846
ENSMUSG00000023232	277
ENSMUSG00000023235	143
ENSMUSG00000023236	0
ENSMUSG00000023243	921
ENSMUSG00000023247	0
ENSMUSG00000023249	1954
ENSMUSG00000023257	0
ENSMUSG00000023259	94
ENSMUSG00000023262	1029
ENSMUSG00000023263	0
ENSMUSG00000023266	166
ENSMUSG00000023267	5
ENSMUSG00000023272	1726
ENSMUSG00000023274	39
ENSMUSG00000023277	136
ENSMUSG00000023279	0
ENSMUSG00000023284	53
ENSMUSG00000023286	169
ENSMUSG00000023289	0
ENSMUSG00000023307	1309
ENSMUSG00000023328	19
ENSMUSG00000023330	271
ENSMUSG00000023333	0
ENSMUSG00000023336	179
ENSMUSG00000023341	440
ENSMUSG00000023345	78
ENSMUSG00000023348	512
ENSMUSG00000023349	174
ENSMUSG00000023350	0
ENSMUSG00000023353	1070
ENSMUSG00000023367	8008
ENSMUSG00000023387	1
ENSMUSG00000023391	0
ENSMUSG00000023393	331
ENSMUSG00000023403	0
ENSMUSG00000023411	19
ENSMUSG00000023433	0
ENSMUSG00000023439	0
ENSMUSG00000023443	0
ENSMUSG00000023452	287
ENSMUSG00000023456	5644
ENSMUSG00000023460	599
ENSMUSG00000023467	12
ENSMUSG00000023473	6
ENSMUSG00000023484	21
ENSMUSG00000023495	552
ENSMUSG00000023505	70
ENSMUSG00000023571	60
ENSMUSG00000023572	591
ENSMUSG00000023577	0
ENSMUSG00000023707	816
ENSMUSG00000023723	640
ENSMUSG00000023737	0
ENSMUSG00000023755	14
ENSMUSG00000023764	128
ENSMUSG00000023781	1
ENSMUSG00000023791	306
ENSMUSG00000023795	32
ENSMUSG00000023800	643
ENSMUSG00000023802	0
ENSMUSG00000023805	287
ENSMUSG00000023806	26
ENSMUSG00000023809	17
ENSMUSG00000023826	125
ENSMUSG00000023827	45
ENSMUSG00000023828	116
ENSMUSG00000023829	7561
ENSMUSG00000023830	965
ENSMUSG00000023832	3000
ENSMUSG00000023845	43
ENSMUSG00000023852	1773
ENSMUSG00000023861	31
ENSMUSG00000023868	24
ENSMUSG00000023873	16
ENSMUSG00000023882	143
ENSMUSG00000023883	353
ENSMUSG00000023885	79
ENSMUSG00000023886	320
ENSMUSG00000023892	172
ENSMUSG00000023902	0
ENSMUSG00000023903	2
ENSMUSG00000023904	909
ENSMUSG00000023905	124
ENSMUSG00000023906	6
ENSMUSG00000023908	84
ENSMUSG00000023909	57
ENSMUSG00000023911	28
ENSMUSG00000023912	63
ENSMUSG00000023913	204
ENSMUSG00000023914	1
ENSMUSG00000023915	209
ENSMUSG00000023918	8
ENSMUSG00000023919	48
ENSMUSG00000023921	2688
ENSMUSG00000023923	409
ENSMUSG00000023926	0
ENSMUSG00000023927	45
ENSMUSG00000023930	4
ENSMUSG00000023931	1
ENSMUSG00000023932	94
ENSMUSG00000023935	0
ENSMUSG00000023938	679
ENSMUSG00000023939	1895
ENSMUSG00000023940	2
ENSMUSG00000023942	7678
ENSMUSG00000023943	0
ENSMUSG00000023944	6503
ENSMUSG00000023945	0
ENSMUSG00000023947	99
ENSMUSG00000023949	0
ENSMUSG00000023951	10459
ENSMUSG00000023952	1381
ENSMUSG00000023953	49
ENSMUSG00000023959	47
ENSMUSG00000023960	546
ENSMUSG00000023961	265
ENSMUSG00000023963	253
ENSMUSG00000023964	0
ENSMUSG00000023965	607
ENSMUSG00000023966	5
ENSMUSG00000023967	996
ENSMUSG00000023968	25
ENSMUSG00000023971	391
ENSMUSG00000023972	14
ENSMUSG00000023973	1321
ENSMUSG00000023977	2949
ENSMUSG00000023978	0
ENSMUSG00000023979	19
ENSMUSG00000023980	498
ENSMUSG00000023982	108
ENSMUSG00000023984	0
ENSMUSG00000023987	0
ENSMUSG00000023988	341
ENSMUSG00000023990	272
ENSMUSG00000023991	873
ENSMUSG00000023992	56
ENSMUSG00000023993	7
ENSMUSG00000023994	332
ENSMUSG00000023995	0
ENSMUSG00000023999	0
ENSMUSG00000024002	1883
ENSMUSG00000024006	2612
ENSMUSG00000024007	196
ENSMUSG00000024008	0
ENSMUSG00000024011	12
ENSMUSG00000024012	2054
ENSMUSG00000024013	222
ENSMUSG00000024014	735
ENSMUSG00000024018	205
ENSMUSG00000024019	183
ENSMUSG00000024026	5915
ENSMUSG00000024027	3
ENSMUSG00000024028	0
ENSMUSG00000024029	129
ENSMUSG00000024030	209
ENSMUSG00000024032	0
ENSMUSG00000024033	1
ENSMUSG00000024034	2
ENSMUSG00000024036	86
ENSMUSG00000024037	1076
ENSMUSG00000024038	3102
ENSMUSG00000024039	12066
ENSMUSG00000024041	0
ENSMUSG00000024042	2592
ENSMUSG00000024043	37
ENSMUSG00000024044	93
ENSMUSG00000024045	3252
ENSMUSG00000024048	691
ENSMUSG00000024049	43
ENSMUSG00000024050	553
ENSMUSG00000024052	6806
ENSMUSG00000024053	87
ENSMUSG00000024054	313
ENSMUSG00000024055	1675
ENSMUSG00000024056	8
ENSMUSG00000024059	31
ENSMUSG00000024063	277
ENSMUSG00000024064	4
ENSMUSG00000024065	1606
ENSMUSG00000024066	4499
ENSMUSG00000024067	647
ENSMUSG00000024068	793
ENSMUSG00000024069	284
ENSMUSG00000024070	3634
ENSMUSG00000024072	1066
ENSMUSG00000024073	2437
ENSMUSG00000024074	387
ENSMUSG00000024076	1
ENSMUSG00000024077	399
ENSMUSG00000024078	225
ENSMUSG00000024079	258
ENSMUSG00000024081	501
ENSMUSG00000024082	347
ENSMUSG00000024083	748
ENSMUSG00000024084	185
ENSMUSG00000024085	6107
ENSMUSG00000024087	23
ENSMUSG00000024088	0
ENSMUSG00000024091	2224
ENSMUSG00000024095	797
ENSMUSG00000024096	616
ENSMUSG00000024097	1279
ENSMUSG00000024098	1120
ENSMUSG00000024099	3174
ENSMUSG00000024101	667
ENSMUSG00000024104	1448
ENSMUSG00000024105	1
ENSMUSG00000024107	0
ENSMUSG00000024109	95
ENSMUSG00000024112	16
ENSMUSG00000024114	2
ENSMUSG00000024116	0
ENSMUSG00000024118	3588
ENSMUSG00000024120	2312
ENSMUSG00000024121	1
ENSMUSG00000024122	611
ENSMUSG00000024124	9
ENSMUSG00000024125	0
ENSMUSG00000024127	538
ENSMUSG00000024128	0
ENSMUSG00000024130	1816
ENSMUSG00000024131	2285
ENSMUSG00000024132	1945
ENSMUSG00000024134	0
ENSMUSG00000024135	362
ENSMUSG00000024136	83
ENSMUSG00000024137	574
ENSMUSG00000024140	4699
ENSMUSG00000024142	289
ENSMUSG00000024143	284
ENSMUSG00000024145	94
ENSMUSG00000024146	673
ENSMUSG00000024150	5822
ENSMUSG00000024151	207
ENSMUSG00000024154	0
ENSMUSG00000024155	296
ENSMUSG00000024158	8689
ENSMUSG00000024160	282
ENSMUSG00000024163	2695
ENSMUSG00000024164	132697
ENSMUSG00000024165	409
ENSMUSG00000024168	314
ENSMUSG00000024169	231
ENSMUSG00000024170	212
ENSMUSG00000024171	0
ENSMUSG00000024172	0
ENSMUSG00000024173	0
ENSMUSG00000024174	60
ENSMUSG00000024175	0
ENSMUSG00000024176	0
ENSMUSG00000024177	52
ENSMUSG00000024180	673
ENSMUSG00000024181	1089
ENSMUSG00000024182	333
ENSMUSG00000024184	0
ENSMUSG00000024186	17
ENSMUSG00000024187	1299
ENSMUSG00000024188	1889
ENSMUSG00000024190	4778
ENSMUSG00000024191	848
ENSMUSG00000024193	1019
ENSMUSG00000024194	1317
ENSMUSG00000024197	1158
ENSMUSG00000024201	418
ENSMUSG00000024205	0
ENSMUSG00000024206	47
ENSMUSG00000024207	0
ENSMUSG00000024208	620
ENSMUSG00000024209	0
ENSMUSG00000024210	0
ENSMUSG00000024211	68
ENSMUSG00000024212	420
ENSMUSG00000024213	837
ENSMUSG00000024215	4
ENSMUSG00000024217	1
ENSMUSG00000024218	343
ENSMUSG00000024219	589
ENSMUSG00000024220	902
ENSMUSG00000024222	690
ENSMUSG00000024223	0
ENSMUSG00000024224	0
ENSMUSG00000024225	0
ENSMUSG00000024227	0
ENSMUSG00000024228	1787
ENSMUSG00000024231	757
ENSMUSG00000024232	117
ENSMUSG00000024233	0
ENSMUSG00000024234	467
ENSMUSG00000024235	169
ENSMUSG00000024236	1237
ENSMUSG00000024238	584
ENSMUSG00000024240	684
ENSMUSG00000024241	1177
ENSMUSG00000024242	971
ENSMUSG00000024245	25
ENSMUSG00000024246	98
ENSMUSG00000024247	674
ENSMUSG00000024248	1642
ENSMUSG00000024251	146
ENSMUSG00000024253	29
ENSMUSG00000024254	3839
ENSMUSG00000024256	0
ENSMUSG00000024258	153
ENSMUSG00000024259	1188
ENSMUSG00000024260	797
ENSMUSG00000024261	0
ENSMUSG00000024266	0
ENSMUSG00000024268	5
ENSMUSG00000024269	147
ENSMUSG00000024270	74
ENSMUSG00000024271	939
ENSMUSG00000024273	216
ENSMUSG00000024274	0
ENSMUSG00000024276	469
ENSMUSG00000024277	390
ENSMUSG00000024283	464
ENSMUSG00000024286	995
ENSMUSG00000024287	820
ENSMUSG00000024290	980
ENSMUSG00000024292	5518
ENSMUSG00000024293	184
ENSMUSG00000024294	1203
ENSMUSG00000024295	0
ENSMUSG00000024298	76
ENSMUSG00000024299	723
ENSMUSG00000024300	131
ENSMUSG00000024301	3
ENSMUSG00000024302	4
ENSMUSG00000024304	294
ENSMUSG00000024306	0
ENSMUSG00000024308	2766
ENSMUSG00000024309	919
ENSMUSG00000024312	526
ENSMUSG00000024313	6
ENSMUSG00000024317	423
ENSMUSG00000024319	871
ENSMUSG00000024325	548
ENSMUSG00000024327	67
ENSMUSG00000024330	54
ENSMUSG00000024331	1580
ENSMUSG00000024334	8
ENSMUSG00000024335	2703
ENSMUSG00000024338	1236
ENSMUSG00000024339	775
ENSMUSG00000024340	14
ENSMUSG00000024346	969
ENSMUSG00000024347	5
ENSMUSG00000024349	112
ENSMUSG00000024350	248
ENSMUSG00000024352	100
ENSMUSG00000024353	24
ENSMUSG00000024354	1673
ENSMUSG00000024357	1911
ENSMUSG00000024359	7974
ENSMUSG00000024360	2051
ENSMUSG00000024365	29
ENSMUSG00000024366	0
ENSMUSG00000024369	770
ENSMUSG00000024370	373
ENSMUSG00000024371	1893
ENSMUSG00000024376	11
ENSMUSG00000024378	3733
ENSMUSG00000024379	2
ENSMUSG00000024381	317
ENSMUSG00000024382	598
ENSMUSG00000024383	698
ENSMUSG00000024384	1046
ENSMUSG00000024386	19375
ENSMUSG00000024387	2101
ENSMUSG00000024388	1
ENSMUSG00000024391	5571
ENSMUSG00000024392	2525
ENSMUSG00000024393	3172
ENSMUSG00000024395	2088
ENSMUSG00000024397	236
ENSMUSG00000024399	32
ENSMUSG00000024400	760
ENSMUSG00000024401	14
ENSMUSG00000024402	8
ENSMUSG00000024403	47
ENSMUSG00000024404	1830
ENSMUSG00000024406	0
ENSMUSG00000024409	0
ENSMUSG00000024410	458
ENSMUSG00000024411	79
ENSMUSG00000024413	3738
ENSMUSG00000024414	753
ENSMUSG00000024420	19
ENSMUSG00000024421	263
ENSMUSG00000024422	1660
ENSMUSG00000024423	582
ENSMUSG00000024424	15279
ENSMUSG00000024425	1607
ENSMUSG00000024426	314
ENSMUSG00000024427	322
ENSMUSG00000024429	740
ENSMUSG00000024430	307
ENSMUSG00000024431	1515
ENSMUSG00000024436	283
ENSMUSG00000024437	11
ENSMUSG00000024440	182
ENSMUSG00000024442	972
ENSMUSG00000024446	333
ENSMUSG00000024448	0
ENSMUSG00000024451	901
ENSMUSG00000024454	1350
ENSMUSG00000024456	1546
ENSMUSG00000024457	1380
ENSMUSG00000024459	2
ENSMUSG00000024462	438
ENSMUSG00000024471	0
ENSMUSG00000024472	244
ENSMUSG00000024474	1853
ENSMUSG00000024477	102
ENSMUSG00000024479	1174
ENSMUSG00000024480	161
ENSMUSG00000024481	0
ENSMUSG00000024483	1907
ENSMUSG00000024485	49
ENSMUSG00000024486	42
ENSMUSG00000024487	704
ENSMUSG00000024491	410
ENSMUSG00000024493	768
ENSMUSG00000024497	0
ENSMUSG00000024498	564
ENSMUSG00000024500	3
ENSMUSG00000024501	65
ENSMUSG00000024502	0
ENSMUSG00000024503	7
ENSMUSG00000024505	97
ENSMUSG00000024507	7751
ENSMUSG00000024510	0
ENSMUSG00000024511	23
ENSMUSG00000024512	0
ENSMUSG00000024513	1186
ENSMUSG00000024515	573
ENSMUSG00000024516	1242
ENSMUSG00000024517	0
ENSMUSG00000024518	2
ENSMUSG00000024519	0
ENSMUSG00000024521	32
ENSMUSG00000024524	33
ENSMUSG00000024525	64
ENSMUSG00000024526	545
ENSMUSG00000024527	1922
ENSMUSG00000024528	209
ENSMUSG00000024529	6
ENSMUSG00000024530	0
ENSMUSG00000024532	0
ENSMUSG00000024533	50
ENSMUSG00000024534	23
ENSMUSG00000024535	334
ENSMUSG00000024537	522
ENSMUSG00000024538	111
ENSMUSG00000024539	444
ENSMUSG00000024542	178
ENSMUSG00000024544	126
ENSMUSG00000024546	0
ENSMUSG00000024548	19
ENSMUSG00000024552	0
ENSMUSG00000024553	0
ENSMUSG00000024556	78
ENSMUSG00000024558	36
ENSMUSG00000024560	1486
ENSMUSG00000024561	1231
ENSMUSG00000024563	297
ENSMUSG00000024565	0
ENSMUSG00000024566	1525
ENSMUSG00000024570	1172
ENSMUSG00000024571	2796
ENSMUSG00000024575	0
ENSMUSG00000024576	2204
ENSMUSG00000024578	0
ENSMUSG00000024579	34
ENSMUSG00000024580	901
ENSMUSG00000024581	854
ENSMUSG00000024583	2457
ENSMUSG00000024587	3001
ENSMUSG00000024588	4417
ENSMUSG00000024589	1211
ENSMUSG00000024590	115
ENSMUSG00000024592	331
ENSMUSG00000024593	0
ENSMUSG00000024594	752
ENSMUSG00000024597	155
ENSMUSG00000024598	0
ENSMUSG00000024600	3
ENSMUSG00000024601	779
ENSMUSG00000024603	758
ENSMUSG00000024604	601
ENSMUSG00000024608	2481
ENSMUSG00000024610	4729
ENSMUSG00000024613	134
ENSMUSG00000024614	693
ENSMUSG00000024617	1
ENSMUSG00000024619	0
ENSMUSG00000024620	434
ENSMUSG00000024621	1748
ENSMUSG00000024622	376
ENSMUSG00000024639	469
ENSMUSG00000024640	22
ENSMUSG00000024642	413
ENSMUSG00000024644	1404
ENSMUSG00000024645	288
ENSMUSG00000024646	36622
ENSMUSG00000024647	0
ENSMUSG00000024650	1
ENSMUSG00000024653	0
ENSMUSG00000024654	325
ENSMUSG00000024658	0
ENSMUSG00000024659	167
ENSMUSG00000024660	125
ENSMUSG00000024661	38478
ENSMUSG00000024663	270
ENSMUSG00000024664	60
ENSMUSG00000024665	2518
ENSMUSG00000024666	67
ENSMUSG00000024667	121
ENSMUSG00000024668	706
ENSMUSG00000024669	5
ENSMUSG00000024670	9
ENSMUSG00000024672	59
ENSMUSG00000024673	48
ENSMUSG00000024675	12
ENSMUSG00000024677	54
ENSMUSG00000024678	193
ENSMUSG00000024679	58
ENSMUSG00000024680	1
ENSMUSG00000024681	0
ENSMUSG00000024682	0
ENSMUSG00000024683	932
ENSMUSG00000024687	1576
ENSMUSG00000024691	128
ENSMUSG00000024694	4532
ENSMUSG00000024695	1591
ENSMUSG00000024696	101
ENSMUSG00000024697	86
ENSMUSG00000024712	1335
ENSMUSG00000024713	224
ENSMUSG00000024725	1113
ENSMUSG00000024726	3
ENSMUSG00000024727	8
ENSMUSG00000024728	0
ENSMUSG00000024729	0
ENSMUSG00000024730	29
ENSMUSG00000024731	0
ENSMUSG00000024732	389
ENSMUSG00000024734	0
ENSMUSG00000024735	1938
ENSMUSG00000024736	28
ENSMUSG00000024737	179
ENSMUSG00000024738	0
ENSMUSG00000024740	3649
ENSMUSG00000024742	165
ENSMUSG00000024743	48
ENSMUSG00000024747	6949
ENSMUSG00000024749	0
ENSMUSG00000024750	1165
ENSMUSG00000024754	390
ENSMUSG00000024757	0
ENSMUSG00000024758	2651
ENSMUSG00000024759	2039
ENSMUSG00000024761	262
ENSMUSG00000024764	363
ENSMUSG00000024766	85
ENSMUSG00000024767	1316
ENSMUSG00000024768	0
ENSMUSG00000024769	531
ENSMUSG00000024770	0
ENSMUSG00000024771	0
ENSMUSG00000024772	1219
ENSMUSG00000024773	1853
ENSMUSG00000024774	3
ENSMUSG00000024776	35
ENSMUSG00000024777	281
ENSMUSG00000024778	433
ENSMUSG00000024780	1092
ENSMUSG00000024781	4749
ENSMUSG00000024782	9154
ENSMUSG00000024784	0
ENSMUSG00000024785	3211
ENSMUSG00000024786	1
ENSMUSG00000024787	424
ENSMUSG00000024789	541
ENSMUSG00000024790	175
ENSMUSG00000024791	7
ENSMUSG00000024792	376
ENSMUSG00000024793	16
ENSMUSG00000024795	17
ENSMUSG00000024797	562
ENSMUSG00000024798	0
ENSMUSG00000024799	3558
ENSMUSG00000024800	126
ENSMUSG00000024803	24
ENSMUSG00000024805	308
ENSMUSG00000024806	0
ENSMUSG00000024807	4572
ENSMUSG00000024810	55
ENSMUSG00000024811	1756
ENSMUSG00000024812	490
ENSMUSG00000024815	0
ENSMUSG00000024816	680
ENSMUSG00000024817	820
ENSMUSG00000024818	724
ENSMUSG00000024824	177
ENSMUSG00000024826	509
ENSMUSG00000024827	1922
ENSMUSG00000024829	322
ENSMUSG00000024830	856
ENSMUSG00000024831	217
ENSMUSG00000024833	312
ENSMUSG00000024835	2089
ENSMUSG00000024837	0
ENSMUSG00000024841	659
ENSMUSG00000024842	6
ENSMUSG00000024843	1189
ENSMUSG00000024844	817
ENSMUSG00000024845	1518
ENSMUSG00000024846	1
ENSMUSG00000024847	540
ENSMUSG00000024851	304
ENSMUSG00000024853	2402
ENSMUSG00000024854	430
ENSMUSG00000024855	143
ENSMUSG00000024856	1597
ENSMUSG00000024857	7
ENSMUSG00000024858	1245
ENSMUSG00000024862	253
ENSMUSG00000024863	13703
ENSMUSG00000024866	1522
ENSMUSG00000024867	0
ENSMUSG00000024868	1
ENSMUSG00000024869	61
ENSMUSG00000024870	2722
ENSMUSG00000024871	118
ENSMUSG00000024873	6
ENSMUSG00000024875	1019
ENSMUSG00000024878	122
ENSMUSG00000024883	9
ENSMUSG00000024885	60
ENSMUSG00000024887	354
ENSMUSG00000024889	294
ENSMUSG00000024891	26
ENSMUSG00000024892	7794
ENSMUSG00000024896	500
ENSMUSG00000024897	20
ENSMUSG00000024899	4946
ENSMUSG00000024900	7413
ENSMUSG00000024901	14
ENSMUSG00000024902	1000
ENSMUSG00000024903	0
ENSMUSG00000024905	34
ENSMUSG00000024906	236
ENSMUSG00000024907	0
ENSMUSG00000024908	1817
ENSMUSG00000024909	92
ENSMUSG00000024910	39
ENSMUSG00000024911	912
ENSMUSG00000024912	0
ENSMUSG00000024913	887
ENSMUSG00000024914	1762
ENSMUSG00000024921	2946
ENSMUSG00000024922	2
ENSMUSG00000024924	161
ENSMUSG00000024925	750
ENSMUSG00000024926	454
ENSMUSG00000024927	1363
ENSMUSG00000024935	2
ENSMUSG00000024936	0
ENSMUSG00000024937	730
ENSMUSG00000024939	416
ENSMUSG00000024940	87
ENSMUSG00000024941	1093
ENSMUSG00000024942	527
ENSMUSG00000024943	813
ENSMUSG00000024944	163
ENSMUSG00000024947	659
ENSMUSG00000024948	1053
ENSMUSG00000024949	4651
ENSMUSG00000024952	343
ENSMUSG00000024953	6155
ENSMUSG00000024955	871
ENSMUSG00000024957	0
ENSMUSG00000024958	778
ENSMUSG00000024959	378
ENSMUSG00000024960	625
ENSMUSG00000024962	584
ENSMUSG00000024963	366
ENSMUSG00000024965	201
ENSMUSG00000024966	1124
ENSMUSG00000024968	2
ENSMUSG00000024969	724
ENSMUSG00000024970	117
ENSMUSG00000024972	0
ENSMUSG00000024973	0
ENSMUSG00000024974	330
ENSMUSG00000024975	3054
ENSMUSG00000024976	449
ENSMUSG00000024978	1365
ENSMUSG00000024979	2
ENSMUSG00000024981	11416
ENSMUSG00000024982	755
ENSMUSG00000024983	265
ENSMUSG00000024985	872
ENSMUSG00000024986	1885
ENSMUSG00000024987	2090
ENSMUSG00000024989	12
ENSMUSG00000024990	82862
ENSMUSG00000024991	2279
ENSMUSG00000024992	19
ENSMUSG00000024993	617
ENSMUSG00000024997	3220
ENSMUSG00000024998	251
ENSMUSG00000024999	245
ENSMUSG00000025001	61
ENSMUSG00000025002	393
ENSMUSG00000025003	16
ENSMUSG00000025004	10
ENSMUSG00000025006	217
ENSMUSG00000025007	54
ENSMUSG00000025008	57
ENSMUSG00000025010	84
ENSMUSG00000025013	0
ENSMUSG00000025014	125
ENSMUSG00000025016	3845
ENSMUSG00000025017	210
ENSMUSG00000025019	38
ENSMUSG00000025020	19
ENSMUSG00000025024	490
ENSMUSG00000025025	605
ENSMUSG00000025026	379
ENSMUSG00000025027	496
ENSMUSG00000025034	813
ENSMUSG00000025035	327
ENSMUSG00000025036	865
ENSMUSG00000025037	346
ENSMUSG00000025038	0
ENSMUSG00000025040	228
ENSMUSG00000025041	452
ENSMUSG00000025043	0
ENSMUSG00000025044	517
ENSMUSG00000025047	917
ENSMUSG00000025049	136
ENSMUSG00000025050	497
ENSMUSG00000025051	0
ENSMUSG00000025056	0
ENSMUSG00000025058	18
ENSMUSG00000025059	1902
ENSMUSG00000025060	1760
ENSMUSG00000025064	8
ENSMUSG00000025066	802
ENSMUSG00000025068	2400
ENSMUSG00000025069	2
ENSMUSG00000025075	5049
ENSMUSG00000025076	797
ENSMUSG00000025077	317
ENSMUSG00000025078	334
ENSMUSG00000025081	0
ENSMUSG00000025082	0
ENSMUSG00000025083	55
ENSMUSG00000025085	803
ENSMUSG00000025086	868
ENSMUSG00000025089	2864
ENSMUSG00000025090	0
ENSMUSG00000025091	0
ENSMUSG00000025092	120
ENSMUSG00000025094	7
ENSMUSG00000025102	261
ENSMUSG00000025103	382
ENSMUSG00000025104	47
ENSMUSG00000025105	10
ENSMUSG00000025127	11875
ENSMUSG00000025128	0
ENSMUSG00000025129	0
ENSMUSG00000025130	35505
ENSMUSG00000025132	1856
ENSMUSG00000025133	631
ENSMUSG00000025134	228
ENSMUSG00000025135	476
ENSMUSG00000025137	18520
ENSMUSG00000025138	2100
ENSMUSG00000025139	1381
ENSMUSG00000025140	10
ENSMUSG00000025141	0
ENSMUSG00000025142	2189
ENSMUSG00000025144	763
ENSMUSG00000025145	668
ENSMUSG00000025147	580
ENSMUSG00000025150	0
ENSMUSG00000025151	2480
ENSMUSG00000025153	34888
ENSMUSG00000025154	143
ENSMUSG00000025155	1798
ENSMUSG00000025156	222
ENSMUSG00000025157	466
ENSMUSG00000025158	399
ENSMUSG00000025159	1054
ENSMUSG00000025161	8
ENSMUSG00000025162	1656
ENSMUSG00000025163	20
ENSMUSG00000025165	34
ENSMUSG00000025169	212
ENSMUSG00000025170	16
ENSMUSG00000025171	206
ENSMUSG00000025172	26
ENSMUSG00000025173	848
ENSMUSG00000025175	521
ENSMUSG00000025176	4310
ENSMUSG00000025178	1890
ENSMUSG00000025184	444
ENSMUSG00000025185	32
ENSMUSG00000025188	252
ENSMUSG00000025189	15
ENSMUSG00000025190	6004
ENSMUSG00000025192	128
ENSMUSG00000025193	329
ENSMUSG00000025194	16200
ENSMUSG00000025195	1189
ENSMUSG00000025196	6877
ENSMUSG00000025197	9670
ENSMUSG00000025198	1386
ENSMUSG00000025199	3961
ENSMUSG00000025200	800
ENSMUSG00000025201	6
ENSMUSG00000025202	0
ENSMUSG00000025203	239
ENSMUSG00000025204	2278
ENSMUSG00000025207	29846
ENSMUSG00000025208	1003
ENSMUSG00000025209	808
ENSMUSG00000025212	86
ENSMUSG00000025213	40
ENSMUSG00000025215	0
ENSMUSG00000025216	0
ENSMUSG00000025217	358
ENSMUSG00000025218	257
ENSMUSG00000025219	0
ENSMUSG00000025220	2222
ENSMUSG00000025221	3
ENSMUSG00000025223	1459
ENSMUSG00000025224	1539
ENSMUSG00000025225	220
ENSMUSG00000025226	189
ENSMUSG00000025227	142
ENSMUSG00000025228	1361
ENSMUSG00000025229	0
ENSMUSG00000025231	88
ENSMUSG00000025232	1404
ENSMUSG00000025234	1454
ENSMUSG00000025235	113
ENSMUSG00000025236	810
ENSMUSG00000025237	457
ENSMUSG00000025239	910
ENSMUSG00000025240	1281
ENSMUSG00000025241	1072
ENSMUSG00000025243	0
ENSMUSG00000025245	70
ENSMUSG00000025246	1009
ENSMUSG00000025255	765
ENSMUSG00000025257	42
ENSMUSG00000025260	3942
ENSMUSG00000025261	6411
ENSMUSG00000025262	48
ENSMUSG00000025264	340
ENSMUSG00000025265	24
ENSMUSG00000025266	404
ENSMUSG00000025268	150
ENSMUSG00000025269	301
ENSMUSG00000025270	2928
ENSMUSG00000025271	1307
ENSMUSG00000025272	3
ENSMUSG00000025277	637
ENSMUSG00000025278	3270
ENSMUSG00000025279	2376
ENSMUSG00000025280	723
ENSMUSG00000025283	1174
ENSMUSG00000025287	33
ENSMUSG00000025288	0
ENSMUSG00000025289	2430
ENSMUSG00000025290	690
ENSMUSG00000025314	180
ENSMUSG00000025316	532
ENSMUSG00000025317	649
ENSMUSG00000025318	0
ENSMUSG00000025321	27
ENSMUSG00000025323	106
ENSMUSG00000025324	15
ENSMUSG00000025326	1262
ENSMUSG00000025328	1
ENSMUSG00000025329	2
ENSMUSG00000025330	3
ENSMUSG00000025332	1097
ENSMUSG00000025333	4
ENSMUSG00000025337	1473
ENSMUSG00000025340	513
ENSMUSG00000025347	17971
ENSMUSG00000025348	270
ENSMUSG00000025350	438
ENSMUSG00000025351	119
ENSMUSG00000025352	4
ENSMUSG00000025353	792
ENSMUSG00000025354	833
ENSMUSG00000025355	1716
ENSMUSG00000025357	259
ENSMUSG00000025358	499
ENSMUSG00000025359	9
ENSMUSG00000025362	1266
ENSMUSG00000025364	1391
ENSMUSG00000025366	453
ENSMUSG00000025369	2077
ENSMUSG00000025370	1
ENSMUSG00000025371	335
ENSMUSG00000025372	1176
ENSMUSG00000025373	217
ENSMUSG00000025374	964
ENSMUSG00000025375	143
ENSMUSG00000025377	589
ENSMUSG00000025380	0
ENSMUSG00000025381	2525
ENSMUSG00000025383	17
ENSMUSG00000025384	212
ENSMUSG00000025386	20
ENSMUSG00000025389	0
ENSMUSG00000025393	20808
ENSMUSG00000025395	100
ENSMUSG00000025396	3383
ENSMUSG00000025400	0
ENSMUSG00000025401	2
ENSMUSG00000025402	504
ENSMUSG00000025403	5584
ENSMUSG00000025404	1873
ENSMUSG00000025405	1843
ENSMUSG00000025407	4
ENSMUSG00000025408	395
ENSMUSG00000025409	1735
ENSMUSG00000025410	3271
ENSMUSG00000025413	714
ENSMUSG00000025417	557
ENSMUSG00000025418	0
ENSMUSG00000025420	0
ENSMUSG00000025421	697
ENSMUSG00000025422	33
ENSMUSG00000025423	806
ENSMUSG00000025425	0
ENSMUSG00000025427	2
ENSMUSG00000025428	18655
ENSMUSG00000025429	59
ENSMUSG00000025431	0
ENSMUSG00000025432	6
ENSMUSG00000025433	0
ENSMUSG00000025436	111
ENSMUSG00000025437	1685
ENSMUSG00000025439	573
ENSMUSG00000025450	0
ENSMUSG00000025451	1392
ENSMUSG00000025453	20
ENSMUSG00000025461	3
ENSMUSG00000025464	530
ENSMUSG00000025465	5779
ENSMUSG00000025466	759
ENSMUSG00000025467	0
ENSMUSG00000025468	2
ENSMUSG00000025469	0
ENSMUSG00000025470	243
ENSMUSG00000025473	38
ENSMUSG00000025474	355
ENSMUSG00000025475	0
ENSMUSG00000025477	556
ENSMUSG00000025478	8
ENSMUSG00000025479	111193
ENSMUSG00000025480	0
ENSMUSG00000025481	6057
ENSMUSG00000025482	0
ENSMUSG00000025484	914
ENSMUSG00000025485	952
ENSMUSG00000025486	2528
ENSMUSG00000025487	1953
ENSMUSG00000025488	2
ENSMUSG00000025489	8
ENSMUSG00000025491	220
ENSMUSG00000025492	14554
ENSMUSG00000025494	496
ENSMUSG00000025495	293
ENSMUSG00000025496	0
ENSMUSG00000025497	1720
ENSMUSG00000025498	2244
ENSMUSG00000025499	1239
ENSMUSG00000025500	211
ENSMUSG00000025503	3372
ENSMUSG00000025504	1994
ENSMUSG00000025505	209
ENSMUSG00000025507	185
ENSMUSG00000025508	78
ENSMUSG00000025509	1689
ENSMUSG00000025510	1152
ENSMUSG00000025511	1737
ENSMUSG00000025512	581
ENSMUSG00000025515	8
ENSMUSG00000025519	0
ENSMUSG00000025521	380
ENSMUSG00000025525	607
ENSMUSG00000025527	0
ENSMUSG00000025528	0
ENSMUSG00000025529	0
ENSMUSG00000025531	293
ENSMUSG00000025532	801
ENSMUSG00000025533	13795
ENSMUSG00000025534	788
ENSMUSG00000025537	4
ENSMUSG00000025538	303
ENSMUSG00000025544	2459
ENSMUSG00000025545	939
ENSMUSG00000025551	0
ENSMUSG00000025555	857
ENSMUSG00000025557	0
ENSMUSG00000025558	487
ENSMUSG00000025571	513
ENSMUSG00000025572	310
ENSMUSG00000025573	0
ENSMUSG00000025574	437
ENSMUSG00000025575	1339
ENSMUSG00000025576	20
ENSMUSG00000025577	219
ENSMUSG00000025578	201
ENSMUSG00000025579	2470
ENSMUSG00000025580	254
ENSMUSG00000025582	2
ENSMUSG00000025583	712
ENSMUSG00000025584	1257
ENSMUSG00000025586	276
ENSMUSG00000025588	69
ENSMUSG00000025591	83
ENSMUSG00000025592	0
ENSMUSG00000025597	22
ENSMUSG00000025602	69
ENSMUSG00000025607	581
ENSMUSG00000025608	212
ENSMUSG00000025609	1456
ENSMUSG00000025610	1
ENSMUSG00000025612	700
ENSMUSG00000025613	3035
ENSMUSG00000025616	903
ENSMUSG00000025626	177
ENSMUSG00000025630	1945
ENSMUSG00000025644	12
ENSMUSG00000025645	379
ENSMUSG00000025646	13
ENSMUSG00000025647	1235
ENSMUSG00000025648	72
ENSMUSG00000025650	26
ENSMUSG00000025651	4867
ENSMUSG00000025652	0
ENSMUSG00000025656	128
ENSMUSG00000025658	0
ENSMUSG00000025665	3
ENSMUSG00000025666	132
ENSMUSG00000025701	4
ENSMUSG00000025702	2212
ENSMUSG00000025716	0
ENSMUSG00000025722	413
ENSMUSG00000025723	34
ENSMUSG00000025724	1283
ENSMUSG00000025726	23
ENSMUSG00000025727	0
ENSMUSG00000025728	930
ENSMUSG00000025730	523
ENSMUSG00000025731	2983
ENSMUSG00000025732	771
ENSMUSG00000025733	766
ENSMUSG00000025735	4
ENSMUSG00000025736	1111
ENSMUSG00000025737	754
ENSMUSG00000025738	18
ENSMUSG00000025739	6
ENSMUSG00000025742	476
ENSMUSG00000025743	1535
ENSMUSG00000025745	5456
ENSMUSG00000025746	2
ENSMUSG00000025747	120
ENSMUSG00000025754	0
ENSMUSG00000025757	356
ENSMUSG00000025758	7
ENSMUSG00000025759	389
ENSMUSG00000025762	1342
ENSMUSG00000025764	1289
ENSMUSG00000025766	197
ENSMUSG00000025774	0
ENSMUSG00000025776	0
ENSMUSG00000025777	0
ENSMUSG00000025779	159
ENSMUSG00000025780	231
ENSMUSG00000025781	4442
ENSMUSG00000025782	177
ENSMUSG00000025783	0
ENSMUSG00000025784	1
ENSMUSG00000025785	811
ENSMUSG00000025786	424
ENSMUSG00000025787	2
ENSMUSG00000025789	3
ENSMUSG00000025790	98
ENSMUSG00000025791	4018
ENSMUSG00000025792	6719
ENSMUSG00000025793	1183
ENSMUSG00000025794	1932
ENSMUSG00000025795	2417
ENSMUSG00000025804	28
ENSMUSG00000025808	0
ENSMUSG00000025809	4407
ENSMUSG00000025810	666
ENSMUSG00000025812	1128
ENSMUSG00000025813	823
ENSMUSG00000025815	1981
ENSMUSG00000025816	306
ENSMUSG00000025817	351
ENSMUSG00000025821	150
ENSMUSG00000025823	5845
ENSMUSG00000025825	728
ENSMUSG00000025838	0
ENSMUSG00000025839	0
ENSMUSG00000025854	1580
ENSMUSG00000025855	13
ENSMUSG00000025856	214
ENSMUSG00000025857	256
ENSMUSG00000025858	351
ENSMUSG00000025860	2515
ENSMUSG00000025862	1019
ENSMUSG00000025867	21
ENSMUSG00000025868	1887
ENSMUSG00000025869	578
ENSMUSG00000025870	14
ENSMUSG00000025871	901
ENSMUSG00000025872	619
ENSMUSG00000025873	1287
ENSMUSG00000025875	71
ENSMUSG00000025876	59
ENSMUSG00000025877	174
ENSMUSG00000025878	1744
ENSMUSG00000025880	304
ENSMUSG00000025885	500
ENSMUSG00000025887	75
ENSMUSG00000025888	115
ENSMUSG00000025889	29
ENSMUSG00000025892	5
ENSMUSG00000025893	128
ENSMUSG00000025894	684
ENSMUSG00000025898	344
ENSMUSG00000025899	263
ENSMUSG00000025900	0
ENSMUSG00000025902	129
ENSMUSG00000025903	3638
ENSMUSG00000025905	0
ENSMUSG00000025907	632
ENSMUSG00000025909	6
ENSMUSG00000025911	2596
ENSMUSG00000025912	34
ENSMUSG00000025915	296
ENSMUSG00000025916	3
ENSMUSG00000025917	1469
ENSMUSG00000025920	134
ENSMUSG00000025921	648
ENSMUSG00000025922	0
ENSMUSG00000025925	285
ENSMUSG00000025927	0
ENSMUSG00000025929	0
ENSMUSG00000025930	8
ENSMUSG00000025931	7
ENSMUSG00000025932	0
ENSMUSG00000025933	90
ENSMUSG00000025934	48342
ENSMUSG00000025935	6551
ENSMUSG00000025936	601
ENSMUSG00000025937	4175
ENSMUSG00000025938	0
ENSMUSG00000025939	562
ENSMUSG00000025940	958
ENSMUSG00000025945	0
ENSMUSG00000025946	0
ENSMUSG00000025949	976
ENSMUSG00000025950	12464
ENSMUSG00000025952	0
ENSMUSG00000025955	0
ENSMUSG00000025956	277
ENSMUSG00000025958	529
ENSMUSG00000025959	238
ENSMUSG00000025961	0
ENSMUSG00000025962	290
ENSMUSG00000025963	2
ENSMUSG00000025964	425
ENSMUSG00000025967	4214
ENSMUSG00000025968	2160
ENSMUSG00000025969	438
ENSMUSG00000025971	546
ENSMUSG00000025977	0
ENSMUSG00000025978	27
ENSMUSG00000025979	747
ENSMUSG00000025980	1022
ENSMUSG00000025981	492
ENSMUSG00000025982	6600
ENSMUSG00000025983	1
ENSMUSG00000025986	59
ENSMUSG00000025991	58171
ENSMUSG00000025993	4437
ENSMUSG00000025995	360
ENSMUSG00000025997	7
ENSMUSG00000026000	720
ENSMUSG00000026003	4945
ENSMUSG00000026004	299
ENSMUSG00000026005	491
ENSMUSG00000026009	71
ENSMUSG00000026011	8
ENSMUSG00000026012	8
ENSMUSG00000026014	1479
ENSMUSG00000026017	140
ENSMUSG00000026018	1
ENSMUSG00000026019	146
ENSMUSG00000026020	466
ENSMUSG00000026021	188
ENSMUSG00000026023	3
ENSMUSG00000026024	1357
ENSMUSG00000026027	1154
ENSMUSG00000026028	586
ENSMUSG00000026029	774
ENSMUSG00000026031	2709
ENSMUSG00000026032	353
ENSMUSG00000026034	2797
ENSMUSG00000026035	335
ENSMUSG00000026036	355
ENSMUSG00000026037	187
ENSMUSG00000026039	12
ENSMUSG00000026042	122
ENSMUSG00000026043	597
ENSMUSG00000026047	302
ENSMUSG00000026048	811
ENSMUSG00000026049	117
ENSMUSG00000026051	1
ENSMUSG00000026058	0
ENSMUSG00000026062	0
ENSMUSG00000026063	0
ENSMUSG00000026064	1661
ENSMUSG00000026065	0
ENSMUSG00000026068	44
ENSMUSG00000026069	2
ENSMUSG00000026070	17
ENSMUSG00000026072	1456
ENSMUSG00000026073	0
ENSMUSG00000026074	360
ENSMUSG00000026077	25
ENSMUSG00000026078	540
ENSMUSG00000026080	5
ENSMUSG00000026082	1027
ENSMUSG00000026083	827
ENSMUSG00000026085	0
ENSMUSG00000026087	559
ENSMUSG00000026088	267
ENSMUSG00000026090	6
ENSMUSG00000026094	178
ENSMUSG00000026095	225
ENSMUSG00000026096	397
ENSMUSG00000026097	441
ENSMUSG00000026098	178
ENSMUSG00000026100	0
ENSMUSG00000026102	332
ENSMUSG00000026103	335
ENSMUSG00000026104	935
ENSMUSG00000026107	653
ENSMUSG00000026109	3
ENSMUSG00000026110	56
ENSMUSG00000026111	683
ENSMUSG00000026112	1781
ENSMUSG00000026113	831
ENSMUSG00000026114	0
ENSMUSG00000026116	720
ENSMUSG00000026117	483
ENSMUSG00000026121	152
ENSMUSG00000026123	396
ENSMUSG00000026124	0
ENSMUSG00000026125	0
ENSMUSG00000026126	95
ENSMUSG00000026127	696
ENSMUSG00000026131	1250
ENSMUSG00000026134	75
ENSMUSG00000026135	402
ENSMUSG00000026141	0
ENSMUSG00000026142	537
ENSMUSG00000026147	0
ENSMUSG00000026149	2
ENSMUSG00000026150	731
ENSMUSG00000026153	1563
ENSMUSG00000026154	466
ENSMUSG00000026155	957
ENSMUSG00000026156	0
ENSMUSG00000026158	503
ENSMUSG00000026159	566
ENSMUSG00000026162	175
ENSMUSG00000026163	0
ENSMUSG00000026166	0
ENSMUSG00000026167	0
ENSMUSG00000026170	17066
ENSMUSG00000026171	635
ENSMUSG00000026172	356
ENSMUSG00000026173	0
ENSMUSG00000026174	552
ENSMUSG00000026175	11
ENSMUSG00000026176	562
ENSMUSG00000026177	196
ENSMUSG00000026179	1594
ENSMUSG00000026180	4
ENSMUSG00000026181	534
ENSMUSG00000026182	0
ENSMUSG00000026185	183
ENSMUSG00000026187	475
ENSMUSG00000026188	5
ENSMUSG00000026189	4155
ENSMUSG00000026192	481
ENSMUSG00000026193	30884
ENSMUSG00000026196	20
ENSMUSG00000026197	1090
ENSMUSG00000026198	177
ENSMUSG00000026199	1369
ENSMUSG00000026200	84
ENSMUSG00000026201	2158
ENSMUSG00000026202	4724
ENSMUSG00000026203	1325
ENSMUSG00000026204	1
ENSMUSG00000026205	10
ENSMUSG00000026207	55
ENSMUSG00000026208	162
ENSMUSG00000026209	1220
ENSMUSG00000026211	32
ENSMUSG00000026213	328
ENSMUSG00000026219	2579
ENSMUSG00000026220	0
ENSMUSG00000026222	440
ENSMUSG00000026223	758
ENSMUSG00000026224	1
ENSMUSG00000026226	0
ENSMUSG00000026227	2685
ENSMUSG00000026228	0
ENSMUSG00000026229	733
ENSMUSG00000026234	2777
ENSMUSG00000026235	6
ENSMUSG00000026237	0
ENSMUSG00000026238	309
ENSMUSG00000026239	184
ENSMUSG00000026240	286
ENSMUSG00000026241	0
ENSMUSG00000026245	758
ENSMUSG00000026246	0
ENSMUSG00000026247	0
ENSMUSG00000026248	682
ENSMUSG00000026249	506
ENSMUSG00000026251	0
ENSMUSG00000026253	0
ENSMUSG00000026254	1257
ENSMUSG00000026255	3
ENSMUSG00000026258	0
ENSMUSG00000026259	1475
ENSMUSG00000026260	3562
ENSMUSG00000026269	2240
ENSMUSG00000026270	535
ENSMUSG00000026271	11
ENSMUSG00000026272	8464
ENSMUSG00000026273	312
ENSMUSG00000026274	38
ENSMUSG00000026275	575
ENSMUSG00000026276	47
ENSMUSG00000026277	2048
ENSMUSG00000026278	325
ENSMUSG00000026279	370
ENSMUSG00000026280	611
ENSMUSG00000026281	573
ENSMUSG00000026283	282
ENSMUSG00000026285	0
ENSMUSG00000026288	214
ENSMUSG00000026289	1459
ENSMUSG00000026295	3288
ENSMUSG00000026301	0
ENSMUSG00000026303	69
ENSMUSG00000026304	739
ENSMUSG00000026305	875
ENSMUSG00000026307	2490
ENSMUSG00000026308	0
ENSMUSG00000026309	1373
ENSMUSG00000026311	201
ENSMUSG00000026312	0
ENSMUSG00000026313	289
ENSMUSG00000026315	130
ENSMUSG00000026317	804
ENSMUSG00000026319	877
ENSMUSG00000026321	49
ENSMUSG00000026322	0
ENSMUSG00000026327	0
ENSMUSG00000026331	0
ENSMUSG00000026333	444
ENSMUSG00000026335	569
ENSMUSG00000026336	0
ENSMUSG00000026339	288
ENSMUSG00000026341	1157
ENSMUSG00000026342	972
ENSMUSG00000026343	174
ENSMUSG00000026344	0
ENSMUSG00000026347	10
ENSMUSG00000026348	315
ENSMUSG00000026349	1888
ENSMUSG00000026353	2652
ENSMUSG00000026354	1
ENSMUSG00000026355	126
ENSMUSG00000026356	1719
ENSMUSG00000026357	16
ENSMUSG00000026358	167
ENSMUSG00000026360	225
ENSMUSG00000026361	483
ENSMUSG00000026365	17271
ENSMUSG00000026368	4587
ENSMUSG00000026374	1085
ENSMUSG00000026377	640
ENSMUSG00000026380	111
ENSMUSG00000026383	1142
ENSMUSG00000026384	186
ENSMUSG00000026385	28347
ENSMUSG00000026387	5
ENSMUSG00000026388	7
ENSMUSG00000026389	327
ENSMUSG00000026390	580
ENSMUSG00000026393	1309
ENSMUSG00000026394	0
ENSMUSG00000026395	587
ENSMUSG00000026398	1556
ENSMUSG00000026399	419
ENSMUSG00000026401	0
ENSMUSG00000026404	91
ENSMUSG00000026405	19498
ENSMUSG00000026407	2
ENSMUSG00000026409	395
ENSMUSG00000026411	557
ENSMUSG00000026413	0
ENSMUSG00000026414	21
ENSMUSG00000026415	5
ENSMUSG00000026416	0
ENSMUSG00000026417	29214
ENSMUSG00000026418	0
ENSMUSG00000026420	0
ENSMUSG00000026421	313
ENSMUSG00000026424	0
ENSMUSG00000026425	719
ENSMUSG00000026426	384
ENSMUSG00000026427	857
ENSMUSG00000026429	6
ENSMUSG00000026430	311
ENSMUSG00000026432	0
ENSMUSG00000026433	341
ENSMUSG00000026434	1509
ENSMUSG00000026435	609
ENSMUSG00000026436	165
ENSMUSG00000026437	1028
ENSMUSG00000026439	529
ENSMUSG00000026442	17
ENSMUSG00000026443	0
ENSMUSG00000026447	164
ENSMUSG00000026450	0
ENSMUSG00000026452	0
ENSMUSG00000026455	449
ENSMUSG00000026456	379
ENSMUSG00000026457	2559
ENSMUSG00000026458	41
ENSMUSG00000026459	0
ENSMUSG00000026463	303
ENSMUSG00000026466	1445
ENSMUSG00000026468	0
ENSMUSG00000026469	723
ENSMUSG00000026470	366
ENSMUSG00000026471	159
ENSMUSG00000026473	16433
ENSMUSG00000026475	9000
ENSMUSG00000026478	360
ENSMUSG00000026479	13
ENSMUSG00000026480	26
ENSMUSG00000026482	516
ENSMUSG00000026483	130
ENSMUSG00000026484	473
ENSMUSG00000026489	7690
ENSMUSG00000026490	649
ENSMUSG00000026491	1054
ENSMUSG00000026492	135
ENSMUSG00000026494	12
ENSMUSG00000026495	72
ENSMUSG00000026496	633
ENSMUSG00000026497	0
ENSMUSG00000026499	508
ENSMUSG00000026500	592
ENSMUSG00000026502	442
ENSMUSG00000026504	169
ENSMUSG00000026509	1436
ENSMUSG00000026510	613
ENSMUSG00000026511	1586
ENSMUSG00000026514	0
ENSMUSG00000026516	474
ENSMUSG00000026519	680
ENSMUSG00000026520	142
ENSMUSG00000026523	0
ENSMUSG00000026525	3
ENSMUSG00000026526	4082
ENSMUSG00000026527	4
ENSMUSG00000026531	0
ENSMUSG00000026532	1
ENSMUSG00000026535	0
ENSMUSG00000026536	19
ENSMUSG00000026542	4209
ENSMUSG00000026544	420
ENSMUSG00000026546	4
ENSMUSG00000026547	618
ENSMUSG00000026548	47
ENSMUSG00000026553	6031
ENSMUSG00000026554	4076
ENSMUSG00000026556	17
ENSMUSG00000026558	174
ENSMUSG00000026560	0
ENSMUSG00000026563	544
ENSMUSG00000026564	0
ENSMUSG00000026565	165
ENSMUSG00000026566	108
ENSMUSG00000026567	0
ENSMUSG00000026568	3798
ENSMUSG00000026571	765
ENSMUSG00000026572	3
ENSMUSG00000026573	5
ENSMUSG00000026574	134
ENSMUSG00000026575	126
ENSMUSG00000026576	2504
ENSMUSG00000026577	311
ENSMUSG00000026578	90
ENSMUSG00000026579	8171
ENSMUSG00000026580	22
ENSMUSG00000026581	61
ENSMUSG00000026582	2
ENSMUSG00000026584	794
ENSMUSG00000026585	133
ENSMUSG00000026586	77
ENSMUSG00000026587	3
ENSMUSG00000026589	4476
ENSMUSG00000026592	0
ENSMUSG00000026594	544
ENSMUSG00000026596	212
ENSMUSG00000026600	150
ENSMUSG00000026601	0
ENSMUSG00000026602	0
ENSMUSG00000026603	589
ENSMUSG00000026604	55
ENSMUSG00000026605	14
ENSMUSG00000026608	402
ENSMUSG00000026609	0
ENSMUSG00000026610	83
ENSMUSG00000026611	2
ENSMUSG00000026614	2158
ENSMUSG00000026615	2160
ENSMUSG00000026616	18
ENSMUSG00000026617	1575
ENSMUSG00000026618	1545
ENSMUSG00000026620	69
ENSMUSG00000026621	11112
ENSMUSG00000026622	55
ENSMUSG00000026623	2706
ENSMUSG00000026626	1427
ENSMUSG00000026627	48
ENSMUSG00000026628	132
ENSMUSG00000026630	47
ENSMUSG00000026632	220
ENSMUSG00000026634	663
ENSMUSG00000026637	135
ENSMUSG00000026638	1921
ENSMUSG00000026639	91
ENSMUSG00000026640	509
ENSMUSG00000026641	673
ENSMUSG00000026643	718
ENSMUSG00000026644	0
ENSMUSG00000026645	0
ENSMUSG00000026646	36
ENSMUSG00000026648	248
ENSMUSG00000026649	97
ENSMUSG00000026650	4
ENSMUSG00000026655	1432
ENSMUSG00000026656	2004
ENSMUSG00000026657	240
ENSMUSG00000026659	602
ENSMUSG00000026662	965
ENSMUSG00000026663	1462
ENSMUSG00000026664	47615
ENSMUSG00000026667	1004
ENSMUSG00000026668	0
ENSMUSG00000026669	3753
ENSMUSG00000026670	1166
ENSMUSG00000026672	2328
ENSMUSG00000026674	169
ENSMUSG00000026675	1788
ENSMUSG00000026676	130
ENSMUSG00000026678	740
ENSMUSG00000026679	7
ENSMUSG00000026683	12
ENSMUSG00000026686	0
ENSMUSG00000026687	6942
ENSMUSG00000026688	647
ENSMUSG00000026691	3
ENSMUSG00000026692	462
ENSMUSG00000026694	318
ENSMUSG00000026696	351
ENSMUSG00000026697	8
ENSMUSG00000026698	387
ENSMUSG00000026700	0
ENSMUSG00000026701	12980
ENSMUSG00000026705	295
ENSMUSG00000026707	96
ENSMUSG00000026708	199
ENSMUSG00000026709	367
ENSMUSG00000026712	1390
ENSMUSG00000026715	60215
ENSMUSG00000026718	412
ENSMUSG00000026721	798
ENSMUSG00000026723	77
ENSMUSG00000026725	0
ENSMUSG00000026726	3
ENSMUSG00000026727	694
ENSMUSG00000026728	821
ENSMUSG00000026729	0
ENSMUSG00000026730	2017
ENSMUSG00000026734	0
ENSMUSG00000026735	0
ENSMUSG00000026736	0
ENSMUSG00000026737	265
ENSMUSG00000026739	337
ENSMUSG00000026740	554
ENSMUSG00000026743	837
ENSMUSG00000026748	7
ENSMUSG00000026749	1498
ENSMUSG00000026750	1346
ENSMUSG00000026751	1
ENSMUSG00000026753	1433
ENSMUSG00000026754	613
ENSMUSG00000026755	1124
ENSMUSG00000026761	519
ENSMUSG00000026764	5
ENSMUSG00000026765	1
ENSMUSG00000026766	1886
ENSMUSG00000026767	987
ENSMUSG00000026768	119
ENSMUSG00000026770	5
ENSMUSG00000026771	264
ENSMUSG00000026773	624
ENSMUSG00000026774	0
ENSMUSG00000026775	2050
ENSMUSG00000026778	40
ENSMUSG00000026779	5
ENSMUSG00000026781	4830
ENSMUSG00000026782	64
ENSMUSG00000026784	96
ENSMUSG00000026785	95
ENSMUSG00000026786	94
ENSMUSG00000026787	0
ENSMUSG00000026788	788
ENSMUSG00000026790	547
ENSMUSG00000026791	437
ENSMUSG00000026792	203
ENSMUSG00000026796	383
ENSMUSG00000026797	87
ENSMUSG00000026798	228
ENSMUSG00000026799	190
ENSMUSG00000026803	218
ENSMUSG00000026805	10
ENSMUSG00000026806	178
ENSMUSG00000026807	0
ENSMUSG00000026809	2
ENSMUSG00000026810	713
ENSMUSG00000026811	780
ENSMUSG00000026812	865
ENSMUSG00000026814	2108
ENSMUSG00000026815	0
ENSMUSG00000026816	241
ENSMUSG00000026817	3
ENSMUSG00000026818	0
ENSMUSG00000026819	16984
ENSMUSG00000026820	400
ENSMUSG00000026821	140
ENSMUSG00000026822	495
ENSMUSG00000026824	0
ENSMUSG00000026825	7
ENSMUSG00000026826	11
ENSMUSG00000026827	840
ENSMUSG00000026828	0
ENSMUSG00000026829	2
ENSMUSG00000026830	0
ENSMUSG00000026831	1
ENSMUSG00000026832	59
ENSMUSG00000026833	102
ENSMUSG00000026834	6
ENSMUSG00000026835	1
ENSMUSG00000026836	446
ENSMUSG00000026837	343
ENSMUSG00000026839	13376
ENSMUSG00000026840	96
ENSMUSG00000026841	0
ENSMUSG00000026842	1082
ENSMUSG00000026843	506
ENSMUSG00000026848	1629
ENSMUSG00000026849	1453
ENSMUSG00000026851	68
ENSMUSG00000026853	1187
ENSMUSG00000026854	309
ENSMUSG00000026856	433
ENSMUSG00000026857	225
ENSMUSG00000026858	1905
ENSMUSG00000026860	871
ENSMUSG00000026864	21430
ENSMUSG00000026866	3673
ENSMUSG00000026867	1898
ENSMUSG00000026869	786
ENSMUSG00000026870	1169
ENSMUSG00000026872	283
ENSMUSG00000026873	27
ENSMUSG00000026874	24205
ENSMUSG00000026875	34
ENSMUSG00000026878	3381
ENSMUSG00000026879	599
ENSMUSG00000026880	1579
ENSMUSG00000026882	0
ENSMUSG00000026883	254
ENSMUSG00000026885	1
ENSMUSG00000026887	490
ENSMUSG00000026888	1410
ENSMUSG00000026889	532
ENSMUSG00000026890	188
ENSMUSG00000026893	170
ENSMUSG00000026894	1
ENSMUSG00000026895	3116
ENSMUSG00000026896	932
ENSMUSG00000026904	0
ENSMUSG00000026914	1128
ENSMUSG00000026915	955
ENSMUSG00000026917	882
ENSMUSG00000026918	1235
ENSMUSG00000026919	0
ENSMUSG00000026921	1032
ENSMUSG00000026922	5788
ENSMUSG00000026923	825
ENSMUSG00000026924	2681
ENSMUSG00000026925	365
ENSMUSG00000026926	1964
ENSMUSG00000026927	1031
ENSMUSG00000026928	33
ENSMUSG00000026930	103
ENSMUSG00000026931	0
ENSMUSG00000026932	696
ENSMUSG00000026933	322
ENSMUSG00000026934	0
ENSMUSG00000026936	0
ENSMUSG00000026937	0
ENSMUSG00000026938	1637
ENSMUSG00000026939	514
ENSMUSG00000026940	1
ENSMUSG00000026941	95
ENSMUSG00000026942	454
ENSMUSG00000026943	5
ENSMUSG00000026944	1414
ENSMUSG00000026946	643
ENSMUSG00000026950	1260
ENSMUSG00000026955	8
ENSMUSG00000026956	225
ENSMUSG00000026958	560
ENSMUSG00000026959	0
ENSMUSG00000026960	306
ENSMUSG00000026961	0
ENSMUSG00000026963	0
ENSMUSG00000026965	1286
ENSMUSG00000026966	459
ENSMUSG00000026969	0
ENSMUSG00000026970	1061
ENSMUSG00000026971	4
ENSMUSG00000026972	194
ENSMUSG00000026974	150
ENSMUSG00000026975	186
ENSMUSG00000026976	20
ENSMUSG00000026977	902
ENSMUSG00000026979	234
ENSMUSG00000026980	76
ENSMUSG00000026981	58
ENSMUSG00000026983	0
ENSMUSG00000026984	0
ENSMUSG00000026985	0
ENSMUSG00000026986	948
ENSMUSG00000026987	637
ENSMUSG00000026988	126
ENSMUSG00000026989	2
ENSMUSG00000026991	1942
ENSMUSG00000026994	25
ENSMUSG00000026999	7
ENSMUSG00000027001	117
ENSMUSG00000027002	2559
ENSMUSG00000027004	63
ENSMUSG00000027006	758
ENSMUSG00000027007	1022
ENSMUSG00000027009	74
ENSMUSG00000027010	421
ENSMUSG00000027011	637
ENSMUSG00000027012	1388
ENSMUSG00000027014	61
ENSMUSG00000027015	5
ENSMUSG00000027016	448
ENSMUSG00000027018	255
ENSMUSG00000027022	0
ENSMUSG00000027030	76
ENSMUSG00000027035	295
ENSMUSG00000027048	14449
ENSMUSG00000027067	1013
ENSMUSG00000027068	55
ENSMUSG00000027070	11
ENSMUSG00000027071	75
ENSMUSG00000027072	0
ENSMUSG00000027073	1
ENSMUSG00000027074	1312
ENSMUSG00000027075	151
ENSMUSG00000027076	600
ENSMUSG00000027077	0
ENSMUSG00000027078	1259
ENSMUSG00000027079	343
ENSMUSG00000027080	382
ENSMUSG00000027082	277
ENSMUSG00000027086	760
ENSMUSG00000027087	584
ENSMUSG00000027088	483
ENSMUSG00000027091	575
ENSMUSG00000027099	1124
ENSMUSG00000027102	8
ENSMUSG00000027104	887
ENSMUSG00000027107	0
ENSMUSG00000027108	813
ENSMUSG00000027109	985
ENSMUSG00000027111	27
ENSMUSG00000027115	6
ENSMUSG00000027120	0
ENSMUSG00000027122	424
ENSMUSG00000027130	374
ENSMUSG00000027131	545
ENSMUSG00000027132	158
ENSMUSG00000027133	1521
ENSMUSG00000027134	27
ENSMUSG00000027157	0
ENSMUSG00000027160	65
ENSMUSG00000027162	1380
ENSMUSG00000027163	434
ENSMUSG00000027164	506
ENSMUSG00000027165	317
ENSMUSG00000027166	104
ENSMUSG00000027167	242
ENSMUSG00000027168	0
ENSMUSG00000027170	439
ENSMUSG00000027171	5
ENSMUSG00000027173	649
ENSMUSG00000027175	35
ENSMUSG00000027176	362
ENSMUSG00000027177	2395
ENSMUSG00000027180	3392
ENSMUSG00000027184	2480
ENSMUSG00000027185	850
ENSMUSG00000027186	0
ENSMUSG00000027187	88540
ENSMUSG00000027188	197
ENSMUSG00000027189	1054
ENSMUSG00000027193	990
ENSMUSG00000027194	715
ENSMUSG00000027195	5335
ENSMUSG00000027196	0
ENSMUSG00000027198	704
ENSMUSG00000027199	397
ENSMUSG00000027200	786
ENSMUSG00000027201	426
ENSMUSG00000027202	4
ENSMUSG00000027203	328
ENSMUSG00000027204	70
ENSMUSG00000027206	1566
ENSMUSG00000027207	317
ENSMUSG00000027208	0
ENSMUSG00000027209	0
ENSMUSG00000027210	159
ENSMUSG00000027215	1655
ENSMUSG00000027217	83
ENSMUSG00000027219	31
ENSMUSG00000027220	0
ENSMUSG00000027221	9
ENSMUSG00000027222	3079
ENSMUSG00000027223	47
ENSMUSG00000027224	0
ENSMUSG00000027225	0
ENSMUSG00000027227	23588
ENSMUSG00000027229	0
ENSMUSG00000027230	41
ENSMUSG00000027233	5
ENSMUSG00000027236	56
ENSMUSG00000027238	0
ENSMUSG00000027239	15
ENSMUSG00000027242	70
ENSMUSG00000027243	298
ENSMUSG00000027244	1795
ENSMUSG00000027245	2022
ENSMUSG00000027246	57
ENSMUSG00000027247	402
ENSMUSG00000027248	11034
ENSMUSG00000027249	45203
ENSMUSG00000027253	794
ENSMUSG00000027254	10
ENSMUSG00000027255	1678
ENSMUSG00000027257	2205
ENSMUSG00000027259	340
ENSMUSG00000027261	5970
ENSMUSG00000027263	694
ENSMUSG00000027270	0
ENSMUSG00000027272	646
ENSMUSG00000027273	0
ENSMUSG00000027274	822
ENSMUSG00000027276	244
ENSMUSG00000027281	47
ENSMUSG00000027282	2462
ENSMUSG00000027284	347
ENSMUSG00000027285	217
ENSMUSG00000027286	293
ENSMUSG00000027287	516
ENSMUSG00000027288	884
ENSMUSG00000027291	797
ENSMUSG00000027293	162
ENSMUSG00000027296	34
ENSMUSG00000027297	5
ENSMUSG00000027298	13
ENSMUSG00000027300	198
ENSMUSG00000027301	2
ENSMUSG00000027303	689
ENSMUSG00000027304	474
ENSMUSG00000027305	510
ENSMUSG00000027306	11
ENSMUSG00000027309	875
ENSMUSG00000027312	1315
ENSMUSG00000027313	75
ENSMUSG00000027314	223
ENSMUSG00000027315	17
ENSMUSG00000027316	2
ENSMUSG00000027317	0
ENSMUSG00000027318	63
ENSMUSG00000027322	146
ENSMUSG00000027323	9
ENSMUSG00000027324	18
ENSMUSG00000027326	4
ENSMUSG00000027327	155
ENSMUSG00000027329	56
ENSMUSG00000027330	67
ENSMUSG00000027331	27
ENSMUSG00000027332	4551
ENSMUSG00000027333	60
ENSMUSG00000027335	0
ENSMUSG00000027338	0
ENSMUSG00000027339	113
ENSMUSG00000027340	666
ENSMUSG00000027341	247
ENSMUSG00000027342	74
ENSMUSG00000027344	1
ENSMUSG00000027345	0
ENSMUSG00000027346	2952
ENSMUSG00000027347	74
ENSMUSG00000027349	368
ENSMUSG00000027350	0
ENSMUSG00000027351	436
ENSMUSG00000027353	41
ENSMUSG00000027355	0
ENSMUSG00000027356	10
ENSMUSG00000027357	1325
ENSMUSG00000027358	607
ENSMUSG00000027359	28781
ENSMUSG00000027360	54
ENSMUSG00000027361	385
ENSMUSG00000027363	1329
ENSMUSG00000027364	4
ENSMUSG00000027365	2014
ENSMUSG00000027366	3891
ENSMUSG00000027367	3487
ENSMUSG00000027368	28
ENSMUSG00000027371	413
ENSMUSG00000027374	276
ENSMUSG00000027375	13
ENSMUSG00000027376	0
ENSMUSG00000027377	3
ENSMUSG00000027378	55
ENSMUSG00000027379	2
ENSMUSG00000027380	0
ENSMUSG00000027381	183
ENSMUSG00000027384	130
ENSMUSG00000027386	23
ENSMUSG00000027387	224
ENSMUSG00000027394	128
ENSMUSG00000027395	625
ENSMUSG00000027397	3123
ENSMUSG00000027398	226
ENSMUSG00000027399	165
ENSMUSG00000027400	0
ENSMUSG00000027401	0
ENSMUSG00000027403	0
ENSMUSG00000027404	840
ENSMUSG00000027405	249
ENSMUSG00000027406	3524
ENSMUSG00000027408	34
ENSMUSG00000027409	0
ENSMUSG00000027411	1202
ENSMUSG00000027412	221
ENSMUSG00000027416	0
ENSMUSG00000027419	0
ENSMUSG00000027420	4
ENSMUSG00000027422	12266
ENSMUSG00000027423	1469
ENSMUSG00000027424	222
ENSMUSG00000027425	568
ENSMUSG00000027427	373
ENSMUSG00000027428	585
ENSMUSG00000027429	1187
ENSMUSG00000027430	272
ENSMUSG00000027431	0
ENSMUSG00000027433	942
ENSMUSG00000027434	0
ENSMUSG00000027435	189
ENSMUSG00000027438	130
ENSMUSG00000027439	1046
ENSMUSG00000027442	0
ENSMUSG00000027443	0
ENSMUSG00000027444	0
ENSMUSG00000027445	0
ENSMUSG00000027446	0
ENSMUSG00000027447	4075
ENSMUSG00000027452	32
ENSMUSG00000027454	80
ENSMUSG00000027455	868
ENSMUSG00000027456	3
ENSMUSG00000027457	1
ENSMUSG00000027459	46
ENSMUSG00000027460	2
ENSMUSG00000027463	13
ENSMUSG00000027465	1286
ENSMUSG00000027466	1513
ENSMUSG00000027468	0
ENSMUSG00000027469	21
ENSMUSG00000027470	0
ENSMUSG00000027472	532
ENSMUSG00000027474	421
ENSMUSG00000027475	304
ENSMUSG00000027478	69
ENSMUSG00000027479	828
ENSMUSG00000027480	0
ENSMUSG00000027481	0
ENSMUSG00000027482	0
ENSMUSG00000027483	0
ENSMUSG00000027484	0
ENSMUSG00000027485	0
ENSMUSG00000027487	204
ENSMUSG00000027488	470
ENSMUSG00000027489	3
ENSMUSG00000027490	74
ENSMUSG00000027495	1959
ENSMUSG00000027496	28
ENSMUSG00000027498	712
ENSMUSG00000027499	33
ENSMUSG00000027500	2
ENSMUSG00000027502	2540
ENSMUSG00000027505	3
ENSMUSG00000027506	332
ENSMUSG00000027508	366
ENSMUSG00000027509	590
ENSMUSG00000027510	94
ENSMUSG00000027513	70472
ENSMUSG00000027514	437
ENSMUSG00000027517	0
ENSMUSG00000027518	0
ENSMUSG00000027519	782
ENSMUSG00000027520	0
ENSMUSG00000027522	1966
ENSMUSG00000027523	12705
ENSMUSG00000027524	0
ENSMUSG00000027525	0
ENSMUSG00000027528	0
ENSMUSG00000027530	10
ENSMUSG00000027531	2909
ENSMUSG00000027533	391
ENSMUSG00000027534	79
ENSMUSG00000027536	55
ENSMUSG00000027540	666
ENSMUSG00000027544	20
ENSMUSG00000027546	1383
ENSMUSG00000027547	3
ENSMUSG00000027550	61
ENSMUSG00000027551	195
ENSMUSG00000027552	204
ENSMUSG00000027555	8
ENSMUSG00000027556	189
ENSMUSG00000027559	107551
ENSMUSG00000027560	0
ENSMUSG00000027562	118
ENSMUSG00000027564	0
ENSMUSG00000027566	2549
ENSMUSG00000027568	0
ENSMUSG00000027569	587
ENSMUSG00000027570	13
ENSMUSG00000027573	676
ENSMUSG00000027574	8
ENSMUSG00000027575	1186
ENSMUSG00000027577	3721
ENSMUSG00000027579	16
ENSMUSG00000027580	5576
ENSMUSG00000027581	2
ENSMUSG00000027582	374
ENSMUSG00000027583	282
ENSMUSG00000027584	0
ENSMUSG00000027589	1243
ENSMUSG00000027593	1239
ENSMUSG00000027596	0
ENSMUSG00000027597	4982
ENSMUSG00000027598	1107
ENSMUSG00000027599	746
ENSMUSG00000027601	1286
ENSMUSG00000027602	896
ENSMUSG00000027603	17
ENSMUSG00000027605	7492
ENSMUSG00000027606	0
ENSMUSG00000027610	1846
ENSMUSG00000027611	31
ENSMUSG00000027612	0
ENSMUSG00000027613	1177
ENSMUSG00000027615	411
ENSMUSG00000027618	1369
ENSMUSG00000027620	5297
ENSMUSG00000027624	108
ENSMUSG00000027628	467
ENSMUSG00000027630	850
ENSMUSG00000027634	536
ENSMUSG00000027635	27
ENSMUSG00000027636	2
ENSMUSG00000027637	2522
ENSMUSG00000027639	493
ENSMUSG00000027641	56
ENSMUSG00000027642	4734
ENSMUSG00000027643	0
ENSMUSG00000027646	53
ENSMUSG00000027649	357
ENSMUSG00000027650	449
ENSMUSG00000027651	641
ENSMUSG00000027652	735
ENSMUSG00000027654	10
ENSMUSG00000027655	216
ENSMUSG00000027656	7
ENSMUSG00000027660	412
ENSMUSG00000027661	2
ENSMUSG00000027663	176
ENSMUSG00000027665	798
ENSMUSG00000027667	610
ENSMUSG00000027668	1593
ENSMUSG00000027669	77
ENSMUSG00000027670	25
ENSMUSG00000027671	483
ENSMUSG00000027673	2545
ENSMUSG00000027674	5
ENSMUSG00000027676	4
ENSMUSG00000027677	774
ENSMUSG00000027678	1085
ENSMUSG00000027679	205
ENSMUSG00000027680	808
ENSMUSG00000027684	50
ENSMUSG00000027690	11420
ENSMUSG00000027692	82
ENSMUSG00000027694	0
ENSMUSG00000027695	291
ENSMUSG00000027698	600
ENSMUSG00000027699	20
ENSMUSG00000027702	0
ENSMUSG00000027703	0
ENSMUSG00000027706	2999
ENSMUSG00000027708	556
ENSMUSG00000027709	855
ENSMUSG00000027710	363
ENSMUSG00000027712	2229
ENSMUSG00000027713	25
ENSMUSG00000027714	308
ENSMUSG00000027715	35
ENSMUSG00000027716	25
ENSMUSG00000027718	1
ENSMUSG00000027719	0
ENSMUSG00000027720	0
ENSMUSG00000027722	129
ENSMUSG00000027737	4
ENSMUSG00000027739	283
ENSMUSG00000027742	611
ENSMUSG00000027744	0
ENSMUSG00000027746	1248
ENSMUSG00000027748	1
ENSMUSG00000027750	151
ENSMUSG00000027751	1035
ENSMUSG00000027752	381
ENSMUSG00000027761	12329
ENSMUSG00000027762	1888
ENSMUSG00000027763	2607
ENSMUSG00000027765	284
ENSMUSG00000027770	1413
ENSMUSG00000027774	1563
ENSMUSG00000027775	1605
ENSMUSG00000027776	3
ENSMUSG00000027777	0
ENSMUSG00000027778	192
ENSMUSG00000027782	1158
ENSMUSG00000027784	303
ENSMUSG00000027787	612
ENSMUSG00000027788	0
ENSMUSG00000027790	0
ENSMUSG00000027792	3177
ENSMUSG00000027793	0
ENSMUSG00000027794	0
ENSMUSG00000027796	213
ENSMUSG00000027797	2
ENSMUSG00000027799	27
ENSMUSG00000027800	600
ENSMUSG00000027801	2032
ENSMUSG00000027803	555
ENSMUSG00000027804	226
ENSMUSG00000027805	43
ENSMUSG00000027806	663
ENSMUSG00000027808	9787
ENSMUSG00000027809	3383
ENSMUSG00000027810	1068
ENSMUSG00000027811	8
ENSMUSG00000027820	941
ENSMUSG00000027822	2218
ENSMUSG00000027823	757
ENSMUSG00000027824	2
ENSMUSG00000027827	7
ENSMUSG00000027828	8016
ENSMUSG00000027829	2470
ENSMUSG00000027831	9
ENSMUSG00000027832	0
ENSMUSG00000027833	0
ENSMUSG00000027834	12
ENSMUSG00000027835	265
ENSMUSG00000027840	1
ENSMUSG00000027843	80
ENSMUSG00000027845	121
ENSMUSG00000027848	108
ENSMUSG00000027849	0
ENSMUSG00000027852	589
ENSMUSG00000027854	401
ENSMUSG00000027855	5
ENSMUSG00000027857	0
ENSMUSG00000027858	50
ENSMUSG00000027859	189
ENSMUSG00000027860	156
ENSMUSG00000027861	1
ENSMUSG00000027863	22
ENSMUSG00000027864	52
ENSMUSG00000027865	701
ENSMUSG00000027867	3
ENSMUSG00000027868	3
ENSMUSG00000027869	0
ENSMUSG00000027870	61
ENSMUSG00000027871	1
ENSMUSG00000027875	45901
ENSMUSG00000027876	8
ENSMUSG00000027878	1639
ENSMUSG00000027879	1653
ENSMUSG00000027880	0
ENSMUSG00000027881	2576
ENSMUSG00000027882	721
ENSMUSG00000027883	325
ENSMUSG00000027884	1286
ENSMUSG00000027886	0
ENSMUSG00000027887	0
ENSMUSG00000027889	1864
ENSMUSG00000027890	2246
ENSMUSG00000027893	3318
ENSMUSG00000027894	0
ENSMUSG00000027895	0
ENSMUSG00000027896	2
ENSMUSG00000027900	1806
ENSMUSG00000027901	450
ENSMUSG00000027902	0
ENSMUSG00000027905	328
ENSMUSG00000027907	36
ENSMUSG00000027908	0
ENSMUSG00000027912	0
ENSMUSG00000027913	0
ENSMUSG00000027919	0
ENSMUSG00000027923	0
ENSMUSG00000027925	0
ENSMUSG00000027927	0
ENSMUSG00000027931	718
ENSMUSG00000027932	26
ENSMUSG00000027933	590
ENSMUSG00000027935	205
ENSMUSG00000027936	1324
ENSMUSG00000027937	1959
ENSMUSG00000027938	2
ENSMUSG00000027939	12
ENSMUSG00000027940	862
ENSMUSG00000027942	673
ENSMUSG00000027944	11
ENSMUSG00000027947	826
ENSMUSG00000027950	108
ENSMUSG00000027951	952
ENSMUSG00000027952	2700
ENSMUSG00000027953	426
ENSMUSG00000027954	4923
ENSMUSG00000027955	6
ENSMUSG00000027956	240
ENSMUSG00000027957	1545
ENSMUSG00000027959	19
ENSMUSG00000027961	25
ENSMUSG00000027962	380
ENSMUSG00000027963	240
ENSMUSG00000027965	220
ENSMUSG00000027966	0
ENSMUSG00000027967	0
ENSMUSG00000027968	213
ENSMUSG00000027971	0
ENSMUSG00000027973	0
ENSMUSG00000027977	0
ENSMUSG00000027978	4
ENSMUSG00000027981	339
ENSMUSG00000027983	2346
ENSMUSG00000027984	7703
ENSMUSG00000027985	5
ENSMUSG00000027993	783
ENSMUSG00000027994	2
ENSMUSG00000027995	132
ENSMUSG00000027996	2
ENSMUSG00000027997	704
ENSMUSG00000027998	494
ENSMUSG00000027999	475
ENSMUSG00000028001	79091
ENSMUSG00000028003	445
ENSMUSG00000028004	0
ENSMUSG00000028005	177
ENSMUSG00000028007	407
ENSMUSG00000028008	50
ENSMUSG00000028009	9
ENSMUSG00000028010	247
ENSMUSG00000028011	25445
ENSMUSG00000028012	0
ENSMUSG00000028013	1247
ENSMUSG00000028015	1745
ENSMUSG00000028016	201
ENSMUSG00000028017	53
ENSMUSG00000028018	103
ENSMUSG00000028019	102
ENSMUSG00000028020	0
ENSMUSG00000028023	0
ENSMUSG00000028024	3378
ENSMUSG00000028028	376
ENSMUSG00000028029	866
ENSMUSG00000028030	438
ENSMUSG00000028031	0
ENSMUSG00000028032	466
ENSMUSG00000028033	4
ENSMUSG00000028034	564
ENSMUSG00000028035	937
ENSMUSG00000028036	7
ENSMUSG00000028037	160
ENSMUSG00000028039	0
ENSMUSG00000028040	3
ENSMUSG00000028041	115
ENSMUSG00000028042	1709
ENSMUSG00000028044	70
ENSMUSG00000028047	15
ENSMUSG00000028048	736
ENSMUSG00000028049	1132
ENSMUSG00000028051	0
ENSMUSG00000028053	621
ENSMUSG00000028057	340
ENSMUSG00000028059	262
ENSMUSG00000028060	1443
ENSMUSG00000028062	1625
ENSMUSG00000028063	1204
ENSMUSG00000028064	2560
ENSMUSG00000028066	524
ENSMUSG00000028068	9
ENSMUSG00000028069	295
ENSMUSG00000028070	1680
ENSMUSG00000028071	18
ENSMUSG00000028072	108
ENSMUSG00000028073	521
ENSMUSG00000028076	7595
ENSMUSG00000028078	53
ENSMUSG00000028080	521
ENSMUSG00000028081	27
ENSMUSG00000028082	1374
ENSMUSG00000028085	811
ENSMUSG00000028086	261
ENSMUSG00000028088	17194
ENSMUSG00000028089	290
ENSMUSG00000028093	1029
ENSMUSG00000028096	758
ENSMUSG00000028098	852
ENSMUSG00000028099	590
ENSMUSG00000028100	2
ENSMUSG00000028101	285
ENSMUSG00000028102	741
ENSMUSG00000028104	206
ENSMUSG00000028106	585
ENSMUSG00000028107	770
ENSMUSG00000028108	3612
ENSMUSG00000028109	0
ENSMUSG00000028111	30
ENSMUSG00000028114	211
ENSMUSG00000028115	0
ENSMUSG00000028116	0
ENSMUSG00000028121	1320
ENSMUSG00000028124	5370
ENSMUSG00000028125	4
ENSMUSG00000028126	375
ENSMUSG00000028127	12723
ENSMUSG00000028128	172
ENSMUSG00000028132	3499
ENSMUSG00000028133	214
ENSMUSG00000028134	650
ENSMUSG00000028136	589
ENSMUSG00000028137	0
ENSMUSG00000028138	12351
ENSMUSG00000028139	2
ENSMUSG00000028140	946
ENSMUSG00000028141	1
ENSMUSG00000028145	691
ENSMUSG00000028148	0
ENSMUSG00000028149	650
ENSMUSG00000028150	1695
ENSMUSG00000028152	21
ENSMUSG00000028156	743
ENSMUSG00000028158	7031
ENSMUSG00000028159	50
ENSMUSG00000028161	922
ENSMUSG00000028163	704
ENSMUSG00000028164	676
ENSMUSG00000028165	1035
ENSMUSG00000028167	646
ENSMUSG00000028172	0
ENSMUSG00000028173	205
ENSMUSG00000028174	0
ENSMUSG00000028175	0
ENSMUSG00000028176	0
ENSMUSG00000028177	9
ENSMUSG00000028179	7576
ENSMUSG00000028180	892
ENSMUSG00000028182	43
ENSMUSG00000028184	925
ENSMUSG00000028185	699
ENSMUSG00000028186	60767
ENSMUSG00000028187	495
ENSMUSG00000028188	39
ENSMUSG00000028189	327
ENSMUSG00000028191	360
ENSMUSG00000028194	4613
ENSMUSG00000028195	480
ENSMUSG00000028197	34
ENSMUSG00000028199	1944
ENSMUSG00000028207	1132
ENSMUSG00000028211	2840
ENSMUSG00000028212	25
ENSMUSG00000028214	121
ENSMUSG00000028217	0
ENSMUSG00000028218	284
ENSMUSG00000028221	395
ENSMUSG00000028222	1
ENSMUSG00000028223	4662
ENSMUSG00000028224	322
ENSMUSG00000028226	0
ENSMUSG00000028228	1013
ENSMUSG00000028229	465
ENSMUSG00000028232	279
ENSMUSG00000028233	236
ENSMUSG00000028234	524
ENSMUSG00000028236	0
ENSMUSG00000028238	180
ENSMUSG00000028240	3965
ENSMUSG00000028243	100
ENSMUSG00000028244	0
ENSMUSG00000028245	823
ENSMUSG00000028246	0
ENSMUSG00000028247	610
ENSMUSG00000028248	1818
ENSMUSG00000028249	1106
ENSMUSG00000028251	663
ENSMUSG00000028252	611
ENSMUSG00000028255	1
ENSMUSG00000028256	415
ENSMUSG00000028259	0
ENSMUSG00000028261	1068
ENSMUSG00000028262	0
ENSMUSG00000028264	2
ENSMUSG00000028266	258
ENSMUSG00000028268	368
ENSMUSG00000028270	181
ENSMUSG00000028271	732
ENSMUSG00000028273	1328
ENSMUSG00000028274	240
ENSMUSG00000028277	1100
ENSMUSG00000028278	46
ENSMUSG00000028280	0
ENSMUSG00000028282	193
ENSMUSG00000028284	1260
ENSMUSG00000028287	0
ENSMUSG00000028289	71
ENSMUSG00000028291	750
ENSMUSG00000028292	362
ENSMUSG00000028293	660
ENSMUSG00000028294	0
ENSMUSG00000028295	301
ENSMUSG00000028298	0
ENSMUSG00000028300	339
ENSMUSG00000028307	146347
ENSMUSG00000028309	1025
ENSMUSG00000028310	0
ENSMUSG00000028312	73
ENSMUSG00000028314	0
ENSMUSG00000028318	123
ENSMUSG00000028322	423
ENSMUSG00000028327	4930
ENSMUSG00000028328	4
ENSMUSG00000028329	422
ENSMUSG00000028330	872
ENSMUSG00000028331	172
ENSMUSG00000028332	0
ENSMUSG00000028333	694
ENSMUSG00000028334	503
ENSMUSG00000028337	59
ENSMUSG00000028339	329
ENSMUSG00000028341	4
ENSMUSG00000028343	2236
ENSMUSG00000028344	267
ENSMUSG00000028345	259
ENSMUSG00000028347	0
ENSMUSG00000028348	2
ENSMUSG00000028351	0
ENSMUSG00000028354	19
ENSMUSG00000028356	80229
ENSMUSG00000028357	26
ENSMUSG00000028358	31
ENSMUSG00000028359	248
ENSMUSG00000028360	0
ENSMUSG00000028362	5
ENSMUSG00000028364	73
ENSMUSG00000028367	6721
ENSMUSG00000028369	18
ENSMUSG00000028370	2
ENSMUSG00000028373	14
ENSMUSG00000028378	108
ENSMUSG00000028381	771
ENSMUSG00000028382	1460
ENSMUSG00000028383	1230
ENSMUSG00000028385	192
ENSMUSG00000028386	0
ENSMUSG00000028389	20
ENSMUSG00000028391	1
ENSMUSG00000028392	4
ENSMUSG00000028393	5330
ENSMUSG00000028394	581
ENSMUSG00000028396	0
ENSMUSG00000028397	250
ENSMUSG00000028398	642
ENSMUSG00000028399	2702
ENSMUSG00000028402	715
ENSMUSG00000028403	282
ENSMUSG00000028405	5241
ENSMUSG00000028407	192
ENSMUSG00000028409	1412
ENSMUSG00000028410	1781
ENSMUSG00000028411	366
ENSMUSG00000028412	1775
ENSMUSG00000028413	1280
ENSMUSG00000028414	178
ENSMUSG00000028415	0
ENSMUSG00000028416	2593
ENSMUSG00000028417	3
ENSMUSG00000028419	1614
ENSMUSG00000028420	2180
ENSMUSG00000028423	1929
ENSMUSG00000028426	3593
ENSMUSG00000028427	0
ENSMUSG00000028430	599
ENSMUSG00000028431	476
ENSMUSG00000028433	656
ENSMUSG00000028434	2888
ENSMUSG00000028435	2
ENSMUSG00000028436	745
ENSMUSG00000028437	1268
ENSMUSG00000028438	14
ENSMUSG00000028439	312
ENSMUSG00000028441	2
ENSMUSG00000028443	440
ENSMUSG00000028444	63
ENSMUSG00000028445	719
ENSMUSG00000028447	697
ENSMUSG00000028451	0
ENSMUSG00000028452	1945
ENSMUSG00000028453	122
ENSMUSG00000028454	491
ENSMUSG00000028455	750
ENSMUSG00000028456	474
ENSMUSG00000028457	32
ENSMUSG00000028458	447
ENSMUSG00000028459	166
ENSMUSG00000028460	4
ENSMUSG00000028461	1848
ENSMUSG00000028463	3
ENSMUSG00000028464	422
ENSMUSG00000028465	3227
ENSMUSG00000028466	1006
ENSMUSG00000028467	595
ENSMUSG00000028468	1073
ENSMUSG00000028469	3374
ENSMUSG00000028470	3283
ENSMUSG00000028475	16
ENSMUSG00000028476	245
ENSMUSG00000028478	2299
ENSMUSG00000028479	3251
ENSMUSG00000028480	37
ENSMUSG00000028483	52
ENSMUSG00000028484	398
ENSMUSG00000028487	4
ENSMUSG00000028488	9
ENSMUSG00000028492	1
ENSMUSG00000028494	7258
ENSMUSG00000028495	3
ENSMUSG00000028496	66
ENSMUSG00000028497	11
ENSMUSG00000028514	1723
ENSMUSG00000028517	3832
ENSMUSG00000028518	1057
ENSMUSG00000028519	1
ENSMUSG00000028520	0
ENSMUSG00000028521	4054
ENSMUSG00000028522	863
ENSMUSG00000028523	0
ENSMUSG00000028524	10
ENSMUSG00000028525	902
ENSMUSG00000028527	1398
ENSMUSG00000028528	2
ENSMUSG00000028530	2853
ENSMUSG00000028532	41
ENSMUSG00000028533	0
ENSMUSG00000028536	176
ENSMUSG00000028538	2148
ENSMUSG00000028539	5
ENSMUSG00000028540	145
ENSMUSG00000028541	20
ENSMUSG00000028542	846
ENSMUSG00000028544	0
ENSMUSG00000028545	5
ENSMUSG00000028546	0
ENSMUSG00000028549	41
ENSMUSG00000028550	318
ENSMUSG00000028551	68
ENSMUSG00000028552	950
ENSMUSG00000028553	15833
ENSMUSG00000028555	4
ENSMUSG00000028556	643
ENSMUSG00000028557	3164
ENSMUSG00000028558	3
ENSMUSG00000028559	3368
ENSMUSG00000028560	280
ENSMUSG00000028563	137
ENSMUSG00000028565	1151
ENSMUSG00000028567	708
ENSMUSG00000028568	188
ENSMUSG00000028571	0
ENSMUSG00000028572	1440
ENSMUSG00000028573	2487
ENSMUSG00000028575	9
ENSMUSG00000028576	79
ENSMUSG00000028577	999
ENSMUSG00000028578	154
ENSMUSG00000028580	1397
ENSMUSG00000028581	798
ENSMUSG00000028582	403
ENSMUSG00000028583	9
ENSMUSG00000028584	0
ENSMUSG00000028587	3
ENSMUSG00000028589	0
ENSMUSG00000028590	0
ENSMUSG00000028591	0
ENSMUSG00000028593	0
ENSMUSG00000028597	67
ENSMUSG00000028599	1038
ENSMUSG00000028600	260
ENSMUSG00000028601	11413
ENSMUSG00000028602	0
ENSMUSG00000028603	24738
ENSMUSG00000028607	2957
ENSMUSG00000028608	798
ENSMUSG00000028609	543
ENSMUSG00000028610	0
ENSMUSG00000028612	0
ENSMUSG00000028613	2
ENSMUSG00000028614	264
ENSMUSG00000028617	656
ENSMUSG00000028618	5845
ENSMUSG00000028619	273
ENSMUSG00000028621	323
ENSMUSG00000028622	969
ENSMUSG00000028626	2
ENSMUSG00000028629	99
ENSMUSG00000028630	997
ENSMUSG00000028631	34
ENSMUSG00000028633	119
ENSMUSG00000028634	5
ENSMUSG00000028635	0
ENSMUSG00000028636	145
ENSMUSG00000028637	101
ENSMUSG00000028639	1520
ENSMUSG00000028640	0
ENSMUSG00000028641	510
ENSMUSG00000028642	20
ENSMUSG00000028643	221
ENSMUSG00000028644	2
ENSMUSG00000028645	304
ENSMUSG00000028646	1281
ENSMUSG00000028647	524
ENSMUSG00000028648	85
ENSMUSG00000028649	4398
ENSMUSG00000028651	505
ENSMUSG00000028653	607
ENSMUSG00000028654	226
ENSMUSG00000028655	1759
ENSMUSG00000028656	1489
ENSMUSG00000028657	720
ENSMUSG00000028661	0
ENSMUSG00000028664	8
ENSMUSG00000028668	899
ENSMUSG00000028669	628
ENSMUSG00000028670	1350
ENSMUSG00000028671	692
ENSMUSG00000028672	5594
ENSMUSG00000028673	1909
ENSMUSG00000028675	1404
ENSMUSG00000028676	374
ENSMUSG00000028677	575
ENSMUSG00000028678	11
ENSMUSG00000028680	2946
ENSMUSG00000028681	44
ENSMUSG00000028683	324
ENSMUSG00000028684	2462
ENSMUSG00000028687	21
ENSMUSG00000028688	286
ENSMUSG00000028689	183
ENSMUSG00000028690	263
ENSMUSG00000028691	12967
ENSMUSG00000028692	10512
ENSMUSG00000028693	433
ENSMUSG00000028696	142
ENSMUSG00000028698	60
ENSMUSG00000028699	0
ENSMUSG00000028700	524
ENSMUSG00000028701	12
ENSMUSG00000028702	4
ENSMUSG00000028703	698
ENSMUSG00000028706	524
ENSMUSG00000028707	0
ENSMUSG00000028708	610
ENSMUSG00000028709	700
ENSMUSG00000028710	10
ENSMUSG00000028712	29
ENSMUSG00000028713	672
ENSMUSG00000028715	6027
ENSMUSG00000028716	225
ENSMUSG00000028717	68
ENSMUSG00000028718	19
ENSMUSG00000028719	1199
ENSMUSG00000028729	748
ENSMUSG00000028730	0
ENSMUSG00000028736	3
ENSMUSG00000028737	7437
ENSMUSG00000028738	1
ENSMUSG00000028741	117
ENSMUSG00000028743	4352
ENSMUSG00000028744	477
ENSMUSG00000028745	2411
ENSMUSG00000028747	0
ENSMUSG00000028749	0
ENSMUSG00000028750	0
ENSMUSG00000028751	0
ENSMUSG00000028753	0
ENSMUSG00000028755	182
ENSMUSG00000028756	5199
ENSMUSG00000028757	2582
ENSMUSG00000028758	1
ENSMUSG00000028759	3215
ENSMUSG00000028760	2593
ENSMUSG00000028763	1097
ENSMUSG00000028766	445
ENSMUSG00000028771	617
ENSMUSG00000028772	246
ENSMUSG00000028773	8
ENSMUSG00000028776	803
ENSMUSG00000028777	0
ENSMUSG00000028778	2
ENSMUSG00000028779	1369
ENSMUSG00000028780	11
ENSMUSG00000028782	0
ENSMUSG00000028784	0
ENSMUSG00000028785	18
ENSMUSG00000028786	7
ENSMUSG00000028788	2093
ENSMUSG00000028789	59
ENSMUSG00000028790	179
ENSMUSG00000028792	6264
ENSMUSG00000028793	715
ENSMUSG00000028794	8
ENSMUSG00000028795	148
ENSMUSG00000028796	761
ENSMUSG00000028797	1596
ENSMUSG00000028798	1685
ENSMUSG00000028799	282
ENSMUSG00000028800	52
ENSMUSG00000028801	0
ENSMUSG00000028803	173
ENSMUSG00000028804	0
ENSMUSG00000028807	84
ENSMUSG00000028809	1868
ENSMUSG00000028811	818
ENSMUSG00000028813	0
ENSMUSG00000028820	1687
ENSMUSG00000028821	1622
ENSMUSG00000028822	1942
ENSMUSG00000028825	0
ENSMUSG00000028826	1145
ENSMUSG00000028830	778
ENSMUSG00000028832	0
ENSMUSG00000028833	370
ENSMUSG00000028834	0
ENSMUSG00000028836	0
ENSMUSG00000028837	2196
ENSMUSG00000028838	109
ENSMUSG00000028840	192
ENSMUSG00000028841	2
ENSMUSG00000028842	392
ENSMUSG00000028843	482
ENSMUSG00000028845	15
ENSMUSG00000028847	532
ENSMUSG00000028848	309
ENSMUSG00000028849	911
ENSMUSG00000028850	151
ENSMUSG00000028851	783
ENSMUSG00000028854	477
ENSMUSG00000028857	826
ENSMUSG00000028859	207
ENSMUSG00000028860	443
ENSMUSG00000028861	670
ENSMUSG00000028862	79
ENSMUSG00000028863	320
ENSMUSG00000028864	66
ENSMUSG00000028865	2
ENSMUSG00000028868	611
ENSMUSG00000028869	911
ENSMUSG00000028871	16
ENSMUSG00000028873	33
ENSMUSG00000028874	133
ENSMUSG00000028876	0
ENSMUSG00000028878	221
ENSMUSG00000028879	687
ENSMUSG00000028882	219
ENSMUSG00000028883	3
ENSMUSG00000028884	215
ENSMUSG00000028885	26
ENSMUSG00000028886	415
ENSMUSG00000028889	745
ENSMUSG00000028890	391
ENSMUSG00000028893	269
ENSMUSG00000028894	1102
ENSMUSG00000028896	228
ENSMUSG00000028898	577
ENSMUSG00000028899	493
ENSMUSG00000028901	206
ENSMUSG00000028902	460
ENSMUSG00000028906	2827
ENSMUSG00000028907	466
ENSMUSG00000028909	42
ENSMUSG00000028910	761
ENSMUSG00000028911	2536
ENSMUSG00000028914	514
ENSMUSG00000028917	456
ENSMUSG00000028919	1695
ENSMUSG00000028920	341
ENSMUSG00000028923	376
ENSMUSG00000028926	47
ENSMUSG00000028927	20
ENSMUSG00000028931	28
ENSMUSG00000028932	2047
ENSMUSG00000028933	41
ENSMUSG00000028936	2260
ENSMUSG00000028937	742
ENSMUSG00000028938	0
ENSMUSG00000028940	0
ENSMUSG00000028943	15
ENSMUSG00000028944	1020
ENSMUSG00000028945	1037
ENSMUSG00000028946	0
ENSMUSG00000028948	520
ENSMUSG00000028949	50
ENSMUSG00000028950	4
ENSMUSG00000028952	863
ENSMUSG00000028953	547
ENSMUSG00000028954	1018
ENSMUSG00000028955	441
ENSMUSG00000028957	1444
ENSMUSG00000028958	235
ENSMUSG00000028959	1704
ENSMUSG00000028960	1003
ENSMUSG00000028961	1515
ENSMUSG00000028962	1181
ENSMUSG00000028963	0
ENSMUSG00000028964	4674
ENSMUSG00000028965	0
ENSMUSG00000028967	28212
ENSMUSG00000028969	957
ENSMUSG00000028970	26
ENSMUSG00000028971	0
ENSMUSG00000028972	0
ENSMUSG00000028973	880
ENSMUSG00000028974	446
ENSMUSG00000028975	1206
ENSMUSG00000028976	440
ENSMUSG00000028977	22
ENSMUSG00000028978	189
ENSMUSG00000028979	10319
ENSMUSG00000028980	7749
ENSMUSG00000028982	372
ENSMUSG00000028986	303
ENSMUSG00000028988	362
ENSMUSG00000028989	19
ENSMUSG00000028990	108
ENSMUSG00000028991	1259
ENSMUSG00000028992	571
ENSMUSG00000028995	291
ENSMUSG00000028996	1
ENSMUSG00000028998	1207
ENSMUSG00000028999	726
ENSMUSG00000029001	57
ENSMUSG00000029003	431
ENSMUSG00000029004	1744
ENSMUSG00000029005	2
ENSMUSG00000029007	156
ENSMUSG00000029009	394
ENSMUSG00000029012	526
ENSMUSG00000029014	194
ENSMUSG00000029015	0
ENSMUSG00000029016	258
ENSMUSG00000029017	2419
ENSMUSG00000029019	0
ENSMUSG00000029020	2212
ENSMUSG00000029022	947
ENSMUSG00000029026	0
ENSMUSG00000029027	246
ENSMUSG00000029028	754
ENSMUSG00000029029	260
ENSMUSG00000029030	1279
ENSMUSG00000029032	113
ENSMUSG00000029033	280
ENSMUSG00000029034	518
ENSMUSG00000029036	826
ENSMUSG00000029038	1096
ENSMUSG00000029044	0
ENSMUSG00000029047	193
ENSMUSG00000029048	3315
ENSMUSG00000029049	40
ENSMUSG00000029050	930
ENSMUSG00000029053	222
ENSMUSG00000029054	2
ENSMUSG00000029055	11
ENSMUSG00000029056	649
ENSMUSG00000029059	390
ENSMUSG00000029060	880
ENSMUSG00000029061	58
ENSMUSG00000029062	2277
ENSMUSG00000029063	5608
ENSMUSG00000029064	2251
ENSMUSG00000029066	1245
ENSMUSG00000029068	8226
ENSMUSG00000029070	273
ENSMUSG00000029071	4025
ENSMUSG00000029072	5
ENSMUSG00000029073	553
ENSMUSG00000029074	5
ENSMUSG00000029075	28
ENSMUSG00000029076	3127
ENSMUSG00000029082	10
ENSMUSG00000029084	447
ENSMUSG00000029086	45
ENSMUSG00000029088	0
ENSMUSG00000029089	108
ENSMUSG00000029090	922
ENSMUSG00000029092	0
ENSMUSG00000029093	4
ENSMUSG00000029094	57
ENSMUSG00000029095	169
ENSMUSG00000029096	76
ENSMUSG00000029097	87
ENSMUSG00000029098	770
ENSMUSG00000029101	204
ENSMUSG00000029102	12776
ENSMUSG00000029103	1175
ENSMUSG00000029104	784
ENSMUSG00000029106	1021
ENSMUSG00000029108	15
ENSMUSG00000029110	1496
ENSMUSG00000029111	341
ENSMUSG00000029112	0
ENSMUSG00000029119	880
ENSMUSG00000029120	1
ENSMUSG00000029121	4
ENSMUSG00000029122	58
ENSMUSG00000029123	0
ENSMUSG00000029125	370
ENSMUSG00000029126	42
ENSMUSG00000029127	59
ENSMUSG00000029128	390
ENSMUSG00000029130	3
ENSMUSG00000029131	207
ENSMUSG00000029134	0
ENSMUSG00000029135	302
ENSMUSG00000029136	263
ENSMUSG00000029138	0
ENSMUSG00000029141	292
ENSMUSG00000029145	922
ENSMUSG00000029146	582
ENSMUSG00000029147	825
ENSMUSG00000029148	1269
ENSMUSG00000029149	59
ENSMUSG00000029151	18
ENSMUSG00000029152	2975
ENSMUSG00000029153	1227
ENSMUSG00000029154	0
ENSMUSG00000029155	0
ENSMUSG00000029156	117
ENSMUSG00000029158	0
ENSMUSG00000029161	20
ENSMUSG00000029162	17485
ENSMUSG00000029163	539
ENSMUSG00000029165	280
ENSMUSG00000029166	1500
ENSMUSG00000029167	136
ENSMUSG00000029168	1
ENSMUSG00000029169	1029
ENSMUSG00000029171	121
ENSMUSG00000029173	2555
ENSMUSG00000029174	234
ENSMUSG00000029175	576
ENSMUSG00000029176	603
ENSMUSG00000029177	160
ENSMUSG00000029178	1146
ENSMUSG00000029179	322
ENSMUSG00000029182	0
ENSMUSG00000029184	0
ENSMUSG00000029185	754
ENSMUSG00000029186	860
ENSMUSG00000029188	33
ENSMUSG00000029189	506
ENSMUSG00000029190	902
ENSMUSG00000029191	482
ENSMUSG00000029192	471
ENSMUSG00000029193	0
ENSMUSG00000029195	413
ENSMUSG00000029196	428
ENSMUSG00000029198	2722
ENSMUSG00000029199	764
ENSMUSG00000029201	5745
ENSMUSG00000029202	529
ENSMUSG00000029203	1114
ENSMUSG00000029204	53
ENSMUSG00000029205	0
ENSMUSG00000029206	22
ENSMUSG00000029207	458
ENSMUSG00000029208	346
ENSMUSG00000029209	80
ENSMUSG00000029211	0
ENSMUSG00000029212	0
ENSMUSG00000029213	620
ENSMUSG00000029217	543
ENSMUSG00000029219	0
ENSMUSG00000029221	1938
ENSMUSG00000029223	0
ENSMUSG00000029227	873
ENSMUSG00000029228	31
ENSMUSG00000029229	470
ENSMUSG00000029231	132
ENSMUSG00000029233	299
ENSMUSG00000029234	340
ENSMUSG00000029235	0
ENSMUSG00000029236	0
ENSMUSG00000029238	696
ENSMUSG00000029245	0
ENSMUSG00000029246	568
ENSMUSG00000029247	3778
ENSMUSG00000029248	0
ENSMUSG00000029249	438
ENSMUSG00000029250	504
ENSMUSG00000029253	75
ENSMUSG00000029254	45
ENSMUSG00000029255	0
ENSMUSG00000029260	12569
ENSMUSG00000029263	189
ENSMUSG00000029265	579
ENSMUSG00000029267	505
ENSMUSG00000029268	0
ENSMUSG00000029269	776
ENSMUSG00000029270	273
ENSMUSG00000029272	5
ENSMUSG00000029273	2639
ENSMUSG00000029275	6
ENSMUSG00000029276	58
ENSMUSG00000029279	67
ENSMUSG00000029280	0
ENSMUSG00000029281	0
ENSMUSG00000029282	0
ENSMUSG00000029283	25
ENSMUSG00000029286	0
ENSMUSG00000029287	330
ENSMUSG00000029288	0
ENSMUSG00000029290	513
ENSMUSG00000029291	1213
ENSMUSG00000029298	345
ENSMUSG00000029299	165
ENSMUSG00000029304	1621
ENSMUSG00000029306	0
ENSMUSG00000029307	0
ENSMUSG00000029309	156
ENSMUSG00000029310	1220
ENSMUSG00000029311	4424
ENSMUSG00000029312	100
ENSMUSG00000029313	727
ENSMUSG00000029314	88
ENSMUSG00000029319	761
ENSMUSG00000029320	0
ENSMUSG00000029321	9
ENSMUSG00000029322	280
ENSMUSG00000029326	146
ENSMUSG00000029328	1448
ENSMUSG00000029330	19
ENSMUSG00000029331	0
ENSMUSG00000029334	1
ENSMUSG00000029335	0
ENSMUSG00000029337	0
ENSMUSG00000029338	524
ENSMUSG00000029343	0
ENSMUSG00000029344	718
ENSMUSG00000029345	671
ENSMUSG00000029346	297
ENSMUSG00000029348	0
ENSMUSG00000029352	41
ENSMUSG00000029359	5
ENSMUSG00000029360	0
ENSMUSG00000029361	3
ENSMUSG00000029363	185
ENSMUSG00000029364	400
ENSMUSG00000029366	118
ENSMUSG00000029368	2249674
ENSMUSG00000029369	10311
ENSMUSG00000029370	398
ENSMUSG00000029371	1
ENSMUSG00000029372	45
ENSMUSG00000029373	33
ENSMUSG00000029375	0
ENSMUSG00000029376	102
ENSMUSG00000029377	2
ENSMUSG00000029378	1
ENSMUSG00000029379	0
ENSMUSG00000029380	727
ENSMUSG00000029381	228
ENSMUSG00000029384	3
ENSMUSG00000029385	227
ENSMUSG00000029386	36
ENSMUSG00000029387	338
ENSMUSG00000029388	690
ENSMUSG00000029389	392
ENSMUSG00000029390	1040
ENSMUSG00000029392	98
ENSMUSG00000029394	46
ENSMUSG00000029397	851
ENSMUSG00000029401	253
ENSMUSG00000029402	125
ENSMUSG00000029403	138
ENSMUSG00000029404	1026
ENSMUSG00000029405	1264
ENSMUSG00000029406	1948
ENSMUSG00000029407	2897
ENSMUSG00000029408	69
ENSMUSG00000029409	0
ENSMUSG00000029410	4
ENSMUSG00000029413	71
ENSMUSG00000029414	2
ENSMUSG00000029415	566
ENSMUSG00000029416	671
ENSMUSG00000029417	357
ENSMUSG00000029419	4
ENSMUSG00000029420	0
ENSMUSG00000029422	1277
ENSMUSG00000029423	0
ENSMUSG00000029426	4780
ENSMUSG00000029427	1073
ENSMUSG00000029428	466
ENSMUSG00000029430	192
ENSMUSG00000029431	0
ENSMUSG00000029432	612
ENSMUSG00000029433	725
ENSMUSG00000029434	638
ENSMUSG00000029436	13
ENSMUSG00000029437	0
ENSMUSG00000029438	690
ENSMUSG00000029439	1297
ENSMUSG00000029440	1242
ENSMUSG00000029442	107
ENSMUSG00000029445	47039
ENSMUSG00000029446	166
ENSMUSG00000029447	3021
ENSMUSG00000029449	13
ENSMUSG00000029451	0
ENSMUSG00000029452	2
ENSMUSG00000029454	63
ENSMUSG00000029455	40151
ENSMUSG00000029456	491
ENSMUSG00000029458	3201
ENSMUSG00000029461	571
ENSMUSG00000029462	994
ENSMUSG00000029463	58
ENSMUSG00000029464	315
ENSMUSG00000029465	2128
ENSMUSG00000029466	593
ENSMUSG00000029467	3849
ENSMUSG00000029468	193
ENSMUSG00000029469	52
ENSMUSG00000029470	2148
ENSMUSG00000029471	193
ENSMUSG00000029472	1107
ENSMUSG00000029474	190
ENSMUSG00000029475	56
ENSMUSG00000029477	0
ENSMUSG00000029478	1117
ENSMUSG00000029480	355
ENSMUSG00000029482	2174
ENSMUSG00000029484	267
ENSMUSG00000029486	803
ENSMUSG00000029490	231
ENSMUSG00000029491	0
ENSMUSG00000029499	4188
ENSMUSG00000029500	495
ENSMUSG00000029501	730
ENSMUSG00000029502	717
ENSMUSG00000029503	0
ENSMUSG00000029504	259
ENSMUSG00000029505	1425
ENSMUSG00000029507	590
ENSMUSG00000029510	0
ENSMUSG00000029512	3937
ENSMUSG00000029513	1300
ENSMUSG00000029516	62
ENSMUSG00000029517	3
ENSMUSG00000029518	544
ENSMUSG00000029521	49
ENSMUSG00000029522	0
ENSMUSG00000029524	338
ENSMUSG00000029526	0
ENSMUSG00000029528	1373
ENSMUSG00000029530	1
ENSMUSG00000029534	183
ENSMUSG00000029535	379
ENSMUSG00000029536	451
ENSMUSG00000029538	653
ENSMUSG00000029541	0
ENSMUSG00000029544	17
ENSMUSG00000029545	3073
ENSMUSG00000029546	0
ENSMUSG00000029547	1074
ENSMUSG00000029550	606
ENSMUSG00000029551	447
ENSMUSG00000029552	39
ENSMUSG00000029553	60
ENSMUSG00000029554	269
ENSMUSG00000029556	876
ENSMUSG00000029557	164
ENSMUSG00000029559	491
ENSMUSG00000029560	485
ENSMUSG00000029561	343
ENSMUSG00000029563	224
ENSMUSG00000029564	0
ENSMUSG00000029569	480
ENSMUSG00000029570	71
ENSMUSG00000029571	3885
ENSMUSG00000029575	965
ENSMUSG00000029576	0
ENSMUSG00000029577	1648
ENSMUSG00000029578	2215
ENSMUSG00000029580	11135
ENSMUSG00000029581	121
ENSMUSG00000029586	0
ENSMUSG00000029587	358
ENSMUSG00000029591	157
ENSMUSG00000029592	491
ENSMUSG00000029594	278
ENSMUSG00000029595	0
ENSMUSG00000029596	372
ENSMUSG00000029597	5934
ENSMUSG00000029598	1835
ENSMUSG00000029599	930
ENSMUSG00000029600	71
ENSMUSG00000029601	2
ENSMUSG00000029602	22
ENSMUSG00000029603	21
ENSMUSG00000029605	83
ENSMUSG00000029607	1
ENSMUSG00000029608	0
ENSMUSG00000029610	414
ENSMUSG00000029613	1151
ENSMUSG00000029614	67
ENSMUSG00000029616	1740
ENSMUSG00000029617	798
ENSMUSG00000029618	0
ENSMUSG00000029620	0
ENSMUSG00000029621	1754
ENSMUSG00000029622	452
ENSMUSG00000029623	726
ENSMUSG00000029624	348
ENSMUSG00000029625	927
ENSMUSG00000029627	195
ENSMUSG00000029629	490
ENSMUSG00000029630	16774
ENSMUSG00000029632	8315
ENSMUSG00000029633	9
ENSMUSG00000029634	718
ENSMUSG00000029635	720
ENSMUSG00000029636	1
ENSMUSG00000029638	23
ENSMUSG00000029640	369
ENSMUSG00000029641	13
ENSMUSG00000029642	1088
ENSMUSG00000029644	0
ENSMUSG00000029646	0
ENSMUSG00000029647	1491
ENSMUSG00000029648	292
ENSMUSG00000029649	3578
ENSMUSG00000029650	980
ENSMUSG00000029651	36
ENSMUSG00000029655	721
ENSMUSG00000029656	7458
ENSMUSG00000029657	672
ENSMUSG00000029658	0
ENSMUSG00000029659	1
ENSMUSG00000029660	0
ENSMUSG00000029661	231
ENSMUSG00000029663	54
ENSMUSG00000029664	2246
ENSMUSG00000029669	4316
ENSMUSG00000029670	295
ENSMUSG00000029671	0
ENSMUSG00000029672	619
ENSMUSG00000029673	11
ENSMUSG00000029674	97
ENSMUSG00000029675	101
ENSMUSG00000029676	154
ENSMUSG00000029678	0
ENSMUSG00000029679	0
ENSMUSG00000029680	0
ENSMUSG00000029681	545
ENSMUSG00000029682	0
ENSMUSG00000029683	1
ENSMUSG00000029684	2345
ENSMUSG00000029685	0
ENSMUSG00000029686	1467
ENSMUSG00000029687	80
ENSMUSG00000029695	4435
ENSMUSG00000029697	0
ENSMUSG00000029699	65
ENSMUSG00000029700	0
ENSMUSG00000029701	1164
ENSMUSG00000029703	269
ENSMUSG00000029705	496
ENSMUSG00000029706	0
ENSMUSG00000029707	0
ENSMUSG00000029708	619
ENSMUSG00000029710	609
ENSMUSG00000029711	0
ENSMUSG00000029712	0
ENSMUSG00000029713	3207
ENSMUSG00000029714	1275
ENSMUSG00000029715	193
ENSMUSG00000029716	12979
ENSMUSG00000029718	296
ENSMUSG00000029720	38
ENSMUSG00000029722	831
ENSMUSG00000029723	423
ENSMUSG00000029725	312
ENSMUSG00000029726	911
ENSMUSG00000029727	4525
ENSMUSG00000029729	957
ENSMUSG00000029730	151
ENSMUSG00000029735	606
ENSMUSG00000029736	1
ENSMUSG00000029752	63
ENSMUSG00000029754	0
ENSMUSG00000029755	0
ENSMUSG00000029757	0
ENSMUSG00000029759	1360
ENSMUSG00000029761	5222
ENSMUSG00000029762	86
ENSMUSG00000029763	398
ENSMUSG00000029765	43
ENSMUSG00000029766	0
ENSMUSG00000029767	2233
ENSMUSG00000029769	5
ENSMUSG00000029771	516
ENSMUSG00000029772	321
ENSMUSG00000029775	1163
ENSMUSG00000029776	8326
ENSMUSG00000029777	1196
ENSMUSG00000029778	93
ENSMUSG00000029780	684
ENSMUSG00000029781	658
ENSMUSG00000029782	254
ENSMUSG00000029784	1
ENSMUSG00000029787	493
ENSMUSG00000029788	0
ENSMUSG00000029790	103
ENSMUSG00000029797	100
ENSMUSG00000029798	279
ENSMUSG00000029802	1760
ENSMUSG00000029804	157
ENSMUSG00000029810	12483
ENSMUSG00000029811	1
ENSMUSG00000029813	0
ENSMUSG00000029814	0
ENSMUSG00000029815	369
ENSMUSG00000029816	40
ENSMUSG00000029817	927
ENSMUSG00000029819	0
ENSMUSG00000029821	16
ENSMUSG00000029822	385
ENSMUSG00000029823	5782
ENSMUSG00000029826	1114
ENSMUSG00000029828	13
ENSMUSG00000029829	1
ENSMUSG00000029830	0
ENSMUSG00000029831	0
ENSMUSG00000029832	4
ENSMUSG00000029833	913
ENSMUSG00000029836	24
ENSMUSG00000029837	0
ENSMUSG00000029838	0
ENSMUSG00000029840	2119
ENSMUSG00000029843	11
ENSMUSG00000029844	20
ENSMUSG00000029847	1
ENSMUSG00000029848	0
ENSMUSG00000029851	39
ENSMUSG00000029859	1223
ENSMUSG00000029860	1214
ENSMUSG00000029861	0
ENSMUSG00000029862	1
ENSMUSG00000029863	162
ENSMUSG00000029864	2807
ENSMUSG00000029865	0
ENSMUSG00000029866	0
ENSMUSG00000029867	0
ENSMUSG00000029868	0
ENSMUSG00000029869	27
ENSMUSG00000029875	0
ENSMUSG00000029878	0
ENSMUSG00000029882	0
ENSMUSG00000029883	0
ENSMUSG00000029885	0
ENSMUSG00000029909	0
ENSMUSG00000029910	83
ENSMUSG00000029911	506
ENSMUSG00000029913	6
ENSMUSG00000029915	11
ENSMUSG00000029916	11
ENSMUSG00000029917	0
ENSMUSG00000029918	52
ENSMUSG00000029919	95
ENSMUSG00000029920	420
ENSMUSG00000029922	581
ENSMUSG00000029923	9
ENSMUSG00000029924	482
ENSMUSG00000029925	114
ENSMUSG00000029992	596
ENSMUSG00000029993	398
ENSMUSG00000029994	1844
ENSMUSG00000029998	3903
ENSMUSG00000029999	431
ENSMUSG00000030000	0
ENSMUSG00000030001	0
ENSMUSG00000030002	2504
ENSMUSG00000030004	809
ENSMUSG00000030007	2075
ENSMUSG00000030008	208
ENSMUSG00000030016	706
ENSMUSG00000030017	0
ENSMUSG00000030019	202
ENSMUSG00000030020	49
ENSMUSG00000030022	39
ENSMUSG00000030029	699
ENSMUSG00000030030	5
ENSMUSG00000030031	37
ENSMUSG00000030032	8
ENSMUSG00000030034	256
ENSMUSG00000030035	885
ENSMUSG00000030036	1184
ENSMUSG00000030037	0
ENSMUSG00000030041	2
ENSMUSG00000030042	271
ENSMUSG00000030043	0
ENSMUSG00000030045	308
ENSMUSG00000030046	66
ENSMUSG00000030047	133
ENSMUSG00000030048	0
ENSMUSG00000030049	0
ENSMUSG00000030050	0
ENSMUSG00000030051	78
ENSMUSG00000030054	10
ENSMUSG00000030055	14
ENSMUSG00000030056	360
ENSMUSG00000030057	7641
ENSMUSG00000030058	2731
ENSMUSG00000030059	489
ENSMUSG00000030060	397
ENSMUSG00000030061	845
ENSMUSG00000030062	5337
ENSMUSG00000030064	2997
ENSMUSG00000030067	469
ENSMUSG00000030068	1
ENSMUSG00000030069	0
ENSMUSG00000030074	0
ENSMUSG00000030075	0
ENSMUSG00000030077	1
ENSMUSG00000030079	12
ENSMUSG00000030082	5502
ENSMUSG00000030083	874
ENSMUSG00000030084	334
ENSMUSG00000030086	94
ENSMUSG00000030087	3844
ENSMUSG00000030088	25431
ENSMUSG00000030089	46
ENSMUSG00000030091	665
ENSMUSG00000030092	0
ENSMUSG00000030093	1
ENSMUSG00000030094	497
ENSMUSG00000030095	475
ENSMUSG00000030096	1935
ENSMUSG00000030098	8
ENSMUSG00000030101	533
ENSMUSG00000030102	1488
ENSMUSG00000030103	7775
ENSMUSG00000030104	4752
ENSMUSG00000030105	1429
ENSMUSG00000030107	342
ENSMUSG00000030108	5544
ENSMUSG00000030109	1820
ENSMUSG00000030110	0
ENSMUSG00000030111	0
ENSMUSG00000030114	0
ENSMUSG00000030116	0
ENSMUSG00000030117	11
ENSMUSG00000030120	3471
ENSMUSG00000030122	15903
ENSMUSG00000030123	1196
ENSMUSG00000030124	46
ENSMUSG00000030125	0
ENSMUSG00000030126	1208
ENSMUSG00000030127	1549
ENSMUSG00000030131	15042
ENSMUSG00000030134	3
ENSMUSG00000030137	19
ENSMUSG00000030138	773
ENSMUSG00000030142	6
ENSMUSG00000030143	0
ENSMUSG00000030144	5
ENSMUSG00000030145	16
ENSMUSG00000030147	2
ENSMUSG00000030148	52
ENSMUSG00000030149	46
ENSMUSG00000030154	6
ENSMUSG00000030155	0
ENSMUSG00000030156	9
ENSMUSG00000030157	4686
ENSMUSG00000030158	5
ENSMUSG00000030159	383
ENSMUSG00000030160	11
ENSMUSG00000030161	6682
ENSMUSG00000030162	0
ENSMUSG00000030165	15
ENSMUSG00000030166	223
ENSMUSG00000030167	6
ENSMUSG00000030168	12066
ENSMUSG00000030170	122
ENSMUSG00000030172	500
ENSMUSG00000030173	0
ENSMUSG00000030177	183
ENSMUSG00000030178	5
ENSMUSG00000030180	878
ENSMUSG00000030187	94
ENSMUSG00000030188	59
ENSMUSG00000030189	529
ENSMUSG00000030194	0
ENSMUSG00000030196	0
ENSMUSG00000030199	483
ENSMUSG00000030200	15
ENSMUSG00000030201	1301
ENSMUSG00000030203	915
ENSMUSG00000030204	890
ENSMUSG00000030205	5
ENSMUSG00000030206	2
ENSMUSG00000030207	761
ENSMUSG00000030208	43
ENSMUSG00000030209	1
ENSMUSG00000030213	637
ENSMUSG00000030214	1199
ENSMUSG00000030216	834
ENSMUSG00000030217	100
ENSMUSG00000030218	68
ENSMUSG00000030219	3
ENSMUSG00000030220	386
ENSMUSG00000030222	99
ENSMUSG00000030223	31
ENSMUSG00000030224	2083
ENSMUSG00000030225	1324
ENSMUSG00000030226	0
ENSMUSG00000030228	236
ENSMUSG00000030230	0
ENSMUSG00000030231	1648
ENSMUSG00000030232	615
ENSMUSG00000030235	2
ENSMUSG00000030236	23043
ENSMUSG00000030237	1951
ENSMUSG00000030243	134
ENSMUSG00000030244	4431
ENSMUSG00000030245	211
ENSMUSG00000030246	15
ENSMUSG00000030247	120
ENSMUSG00000030249	860
ENSMUSG00000030254	29
ENSMUSG00000030255	54
ENSMUSG00000030256	227
ENSMUSG00000030257	87
ENSMUSG00000030259	659
ENSMUSG00000030263	162
ENSMUSG00000030264	399
ENSMUSG00000030265	928
ENSMUSG00000030268	0
ENSMUSG00000030269	466
ENSMUSG00000030270	1
ENSMUSG00000030271	106
ENSMUSG00000030272	430
ENSMUSG00000030275	2592
ENSMUSG00000030276	56
ENSMUSG00000030278	828
ENSMUSG00000030279	258
ENSMUSG00000030281	492
ENSMUSG00000030282	1408
ENSMUSG00000030283	3
ENSMUSG00000030284	963
ENSMUSG00000030286	1248
ENSMUSG00000030287	466
ENSMUSG00000030291	663
ENSMUSG00000030292	0
ENSMUSG00000030298	1458
ENSMUSG00000030301	588
ENSMUSG00000030302	66
ENSMUSG00000030303	1
ENSMUSG00000030304	1698
ENSMUSG00000030306	41
ENSMUSG00000030307	0
ENSMUSG00000030309	142
ENSMUSG00000030310	4
ENSMUSG00000030313	1788
ENSMUSG00000030314	753
ENSMUSG00000030315	219
ENSMUSG00000030316	85
ENSMUSG00000030317	0
ENSMUSG00000030319	6
ENSMUSG00000030321	2
ENSMUSG00000030322	36
ENSMUSG00000030323	93
ENSMUSG00000030324	4
ENSMUSG00000030325	6
ENSMUSG00000030327	1183
ENSMUSG00000030329	32
ENSMUSG00000030330	5
ENSMUSG00000030335	884
ENSMUSG00000030336	17
ENSMUSG00000030337	120
ENSMUSG00000030339	2297
ENSMUSG00000030340	2543
ENSMUSG00000030341	2295
ENSMUSG00000030342	718
ENSMUSG00000030344	0
ENSMUSG00000030345	0
ENSMUSG00000030346	11
ENSMUSG00000030347	163
ENSMUSG00000030350	0
ENSMUSG00000030351	0
ENSMUSG00000030352	780
ENSMUSG00000030353	13
ENSMUSG00000030357	3387
ENSMUSG00000030359	103892
ENSMUSG00000030361	0
ENSMUSG00000030363	0
ENSMUSG00000030364	265
ENSMUSG00000030365	27
ENSMUSG00000030366	0
ENSMUSG00000030368	0
ENSMUSG00000030373	0
ENSMUSG00000030374	1025
ENSMUSG00000030376	0
ENSMUSG00000030378	20658
ENSMUSG00000030380	6
ENSMUSG00000030382	19886
ENSMUSG00000030385	0
ENSMUSG00000030386	263
ENSMUSG00000030393	13
ENSMUSG00000030397	329
ENSMUSG00000030399	1
ENSMUSG00000030400	497
ENSMUSG00000030401	18
ENSMUSG00000030402	2
ENSMUSG00000030403	363
ENSMUSG00000030406	0
ENSMUSG00000030407	395
ENSMUSG00000030409	1215
ENSMUSG00000030410	1124
ENSMUSG00000030411	38
ENSMUSG00000030413	19
ENSMUSG00000030417	287
ENSMUSG00000030421	1389
ENSMUSG00000030423	516
ENSMUSG00000030424	72
ENSMUSG00000030427	0
ENSMUSG00000030428	3
ENSMUSG00000030431	134
ENSMUSG00000030432	21
ENSMUSG00000030433	1
ENSMUSG00000030435	340
ENSMUSG00000030443	9
ENSMUSG00000030446	53
ENSMUSG00000030447	871
ENSMUSG00000030450	0
ENSMUSG00000030451	1433
ENSMUSG00000030452	650
ENSMUSG00000030463	0
ENSMUSG00000030465	897
ENSMUSG00000030468	31
ENSMUSG00000030469	135
ENSMUSG00000030470	733
ENSMUSG00000030471	152
ENSMUSG00000030472	0
ENSMUSG00000030474	152
ENSMUSG00000030483	288
ENSMUSG00000030484	0
ENSMUSG00000030486	46
ENSMUSG00000030491	0
ENSMUSG00000030492	8
ENSMUSG00000030493	36
ENSMUSG00000030494	466
ENSMUSG00000030495	0
ENSMUSG00000030498	1617
ENSMUSG00000030499	162
ENSMUSG00000030500	0
ENSMUSG00000030505	264
ENSMUSG00000030507	0
ENSMUSG00000030509	269
ENSMUSG00000030510	0
ENSMUSG00000030512	576
ENSMUSG00000030513	2319
ENSMUSG00000030515	226
ENSMUSG00000030516	1078
ENSMUSG00000030518	4
ENSMUSG00000030519	23
ENSMUSG00000030521	246
ENSMUSG00000030522	872
ENSMUSG00000030523	0
ENSMUSG00000030525	0
ENSMUSG00000030527	368
ENSMUSG00000030528	23
ENSMUSG00000030530	3967
ENSMUSG00000030532	25
ENSMUSG00000030533	521
ENSMUSG00000030534	273
ENSMUSG00000030536	463
ENSMUSG00000030538	1625
ENSMUSG00000030539	214
ENSMUSG00000030541	2840
ENSMUSG00000030543	8
ENSMUSG00000030544	3
ENSMUSG00000030545	1866
ENSMUSG00000030546	2
ENSMUSG00000030549	9
ENSMUSG00000030551	1242
ENSMUSG00000030553	8
ENSMUSG00000030554	22
ENSMUSG00000030555	1793
ENSMUSG00000030556	1121
ENSMUSG00000030557	1201
ENSMUSG00000030559	26
ENSMUSG00000030560	3299
ENSMUSG00000030562	1542
ENSMUSG00000030577	142
ENSMUSG00000030579	604
ENSMUSG00000030583	277
ENSMUSG00000030584	3
ENSMUSG00000030587	359
ENSMUSG00000030588	605
ENSMUSG00000030589	29
ENSMUSG00000030590	501
ENSMUSG00000030591	2504
ENSMUSG00000030592	6
ENSMUSG00000030595	445
ENSMUSG00000030598	32
ENSMUSG00000030600	4
ENSMUSG00000030602	326
ENSMUSG00000030603	2936
ENSMUSG00000030604	152
ENSMUSG00000030605	432
ENSMUSG00000030606	0
ENSMUSG00000030607	0
ENSMUSG00000030609	242
ENSMUSG00000030610	128
ENSMUSG00000030611	358
ENSMUSG00000030612	675
ENSMUSG00000030613	201
ENSMUSG00000030614	546
ENSMUSG00000030615	458
ENSMUSG00000030616	65
ENSMUSG00000030617	0
ENSMUSG00000030619	407
ENSMUSG00000030621	6
ENSMUSG00000030623	0
ENSMUSG00000030629	2935
ENSMUSG00000030630	16845
ENSMUSG00000030636	0
ENSMUSG00000030638	0
ENSMUSG00000030641	16
ENSMUSG00000030643	147
ENSMUSG00000030647	1924
ENSMUSG00000030649	263
ENSMUSG00000030650	2
ENSMUSG00000030651	10
ENSMUSG00000030652	1112
ENSMUSG00000030653	12
ENSMUSG00000030654	4958
ENSMUSG00000030655	875
ENSMUSG00000030657	17
ENSMUSG00000030659	62
ENSMUSG00000030660	863
ENSMUSG00000030662	923
ENSMUSG00000030663	796
ENSMUSG00000030664	8
ENSMUSG00000030666	0
ENSMUSG00000030669	0
ENSMUSG00000030670	470
ENSMUSG00000030671	2091
ENSMUSG00000030672	32
ENSMUSG00000030674	5489
ENSMUSG00000030677	26
ENSMUSG00000030678	1151
ENSMUSG00000030680	0
ENSMUSG00000030681	1508
ENSMUSG00000030682	752
ENSMUSG00000030683	37
ENSMUSG00000030685	149
ENSMUSG00000030688	24874
ENSMUSG00000030689	382
ENSMUSG00000030691	617
ENSMUSG00000030693	0
ENSMUSG00000030695	1811
ENSMUSG00000030697	1022
ENSMUSG00000030699	24
ENSMUSG00000030701	1749
ENSMUSG00000030703	12
ENSMUSG00000030704	1589
ENSMUSG00000030706	517
ENSMUSG00000030707	307
ENSMUSG00000030708	17
ENSMUSG00000030711	10838
ENSMUSG00000030713	0
ENSMUSG00000030714	540
ENSMUSG00000030717	58
ENSMUSG00000030718	525
ENSMUSG00000030720	440
ENSMUSG00000030722	157
ENSMUSG00000030724	88
ENSMUSG00000030725	103
ENSMUSG00000030726	337
ENSMUSG00000030727	563
ENSMUSG00000030729	93
ENSMUSG00000030730	0
ENSMUSG00000030731	128
ENSMUSG00000030732	3
ENSMUSG00000030733	1336
ENSMUSG00000030735	85
ENSMUSG00000030737	5116
ENSMUSG00000030738	1631
ENSMUSG00000030739	443
ENSMUSG00000030741	709
ENSMUSG00000030742	45
ENSMUSG00000030744	7439
ENSMUSG00000030745	32
ENSMUSG00000030747	12174
ENSMUSG00000030748	911
ENSMUSG00000030750	314
ENSMUSG00000030751	2988
ENSMUSG00000030752	76
ENSMUSG00000030753	594
ENSMUSG00000030754	1908
ENSMUSG00000030757	8
ENSMUSG00000030759	251
ENSMUSG00000030760	444
ENSMUSG00000030761	1097
ENSMUSG00000030762	7143
ENSMUSG00000030763	321
ENSMUSG00000030766	552
ENSMUSG00000030768	83
ENSMUSG00000030769	8
ENSMUSG00000030770	1725
ENSMUSG00000030771	1
ENSMUSG00000030772	102
ENSMUSG00000030774	94
ENSMUSG00000030775	0
ENSMUSG00000030779	1635
ENSMUSG00000030780	783
ENSMUSG00000030781	0
ENSMUSG00000030782	139
ENSMUSG00000030785	4
ENSMUSG00000030786	32
ENSMUSG00000030787	113
ENSMUSG00000030788	1026
ENSMUSG00000030789	66
ENSMUSG00000030790	55
ENSMUSG00000030792	1
ENSMUSG00000030793	48
ENSMUSG00000030795	1173
ENSMUSG00000030796	30
ENSMUSG00000030798	155
ENSMUSG00000030800	605
ENSMUSG00000030801	406
ENSMUSG00000030802	389
ENSMUSG00000030804	0
ENSMUSG00000030805	1164
ENSMUSG00000030806	96
ENSMUSG00000030811	203
ENSMUSG00000030814	35
ENSMUSG00000030815	1304
ENSMUSG00000030816	1613
ENSMUSG00000030822	1148
ENSMUSG00000030823	32
ENSMUSG00000030824	3858
ENSMUSG00000030825	1
ENSMUSG00000030826	1050
ENSMUSG00000030827	65
ENSMUSG00000030830	494
ENSMUSG00000030834	9461
ENSMUSG00000030835	870
ENSMUSG00000030838	1
ENSMUSG00000030839	106
ENSMUSG00000030842	521
ENSMUSG00000030844	99
ENSMUSG00000030846	1959
ENSMUSG00000030847	1293
ENSMUSG00000030849	1424
ENSMUSG00000030850	608
ENSMUSG00000030851	0
ENSMUSG00000030852	485
ENSMUSG00000030854	0
ENSMUSG00000030858	0
ENSMUSG00000030859	0
ENSMUSG00000030861	3220
ENSMUSG00000030862	9
ENSMUSG00000030865	56
ENSMUSG00000030866	0
ENSMUSG00000030867	31
ENSMUSG00000030868	941
ENSMUSG00000030869	393
ENSMUSG00000030870	836
ENSMUSG00000030871	242
ENSMUSG00000030872	376
ENSMUSG00000030873	1
ENSMUSG00000030876	1119
ENSMUSG00000030877	0
ENSMUSG00000030878	28
ENSMUSG00000030879	1928
ENSMUSG00000030880	410
ENSMUSG00000030881	1156
ENSMUSG00000030882	334
ENSMUSG00000030884	5539
ENSMUSG00000030887	0
ENSMUSG00000030888	245
ENSMUSG00000030889	1
ENSMUSG00000030890	514
ENSMUSG00000030894	3042
ENSMUSG00000030895	154168
ENSMUSG00000030897	0
ENSMUSG00000030898	0
ENSMUSG00000030905	31
ENSMUSG00000030909	2631
ENSMUSG00000030911	0
ENSMUSG00000030917	66
ENSMUSG00000030921	452
ENSMUSG00000030922	69
ENSMUSG00000030924	131
ENSMUSG00000030929	225
ENSMUSG00000030930	500
ENSMUSG00000030934	17957
ENSMUSG00000030935	1836
ENSMUSG00000030942	515
ENSMUSG00000030945	10
ENSMUSG00000030946	1883
ENSMUSG00000030954	0
ENSMUSG00000030956	291
ENSMUSG00000030960	70
ENSMUSG00000030963	38
ENSMUSG00000030965	728
ENSMUSG00000030966	263
ENSMUSG00000030967	2136
ENSMUSG00000030968	511
ENSMUSG00000030970	67
ENSMUSG00000030972	4793
ENSMUSG00000030976	0
ENSMUSG00000030978	245
ENSMUSG00000030979	797
ENSMUSG00000030980	780
ENSMUSG00000030981	0
ENSMUSG00000030982	645
ENSMUSG00000030983	2162
ENSMUSG00000030986	677
ENSMUSG00000030987	735
ENSMUSG00000030990	528
ENSMUSG00000030994	2
ENSMUSG00000030996	0
ENSMUSG00000031004	104
ENSMUSG00000031007	1141
ENSMUSG00000031010	432
ENSMUSG00000031012	478
ENSMUSG00000031015	435
ENSMUSG00000031016	479
ENSMUSG00000031021	677
ENSMUSG00000031022	0
ENSMUSG00000031023	670
ENSMUSG00000031024	670
ENSMUSG00000031026	0
ENSMUSG00000031027	0
ENSMUSG00000031028	0
ENSMUSG00000031029	2443
ENSMUSG00000031059	340
ENSMUSG00000031060	279
ENSMUSG00000031065	1068
ENSMUSG00000031066	55
ENSMUSG00000031068	123
ENSMUSG00000031070	5
ENSMUSG00000031072	255
ENSMUSG00000031073	0
ENSMUSG00000031074	0
ENSMUSG00000031075	63
ENSMUSG00000031077	240
ENSMUSG00000031078	925
ENSMUSG00000031079	7
ENSMUSG00000031085	0
ENSMUSG00000031089	0
ENSMUSG00000031090	945
ENSMUSG00000031093	46
ENSMUSG00000031095	586
ENSMUSG00000031097	6
ENSMUSG00000031098	0
ENSMUSG00000031099	0
ENSMUSG00000031101	51
ENSMUSG00000031103	87
ENSMUSG00000031104	1
ENSMUSG00000031105	80
ENSMUSG00000031107	28
ENSMUSG00000031109	289
ENSMUSG00000031111	6
ENSMUSG00000031112	20
ENSMUSG00000031118	0
ENSMUSG00000031119	908
ENSMUSG00000031125	2
ENSMUSG00000031129	178
ENSMUSG00000031130	0
ENSMUSG00000031131	0
ENSMUSG00000031132	0
ENSMUSG00000031133	207
ENSMUSG00000031134	322
ENSMUSG00000031137	0
ENSMUSG00000031138	4607
ENSMUSG00000031139	0
ENSMUSG00000031142	13
ENSMUSG00000031143	158
ENSMUSG00000031144	29
ENSMUSG00000031145	197
ENSMUSG00000031146	4
ENSMUSG00000031147	260
ENSMUSG00000031148	551
ENSMUSG00000031149	88
ENSMUSG00000031150	45
ENSMUSG00000031153	1038
ENSMUSG00000031154	2057
ENSMUSG00000031155	13
ENSMUSG00000031156	429
ENSMUSG00000031157	891
ENSMUSG00000031158	570
ENSMUSG00000031160	0
ENSMUSG00000031161	797
ENSMUSG00000031162	1
ENSMUSG00000031163	3
ENSMUSG00000031165	22
ENSMUSG00000031166	1019
ENSMUSG00000031167	72
ENSMUSG00000031168	7809
ENSMUSG00000031169	134
ENSMUSG00000031170	6
ENSMUSG00000031171	488
ENSMUSG00000031173	11229
ENSMUSG00000031174	65
ENSMUSG00000031176	1914
ENSMUSG00000031179	0
ENSMUSG00000031181	0
ENSMUSG00000031182	0
ENSMUSG00000031189	0
ENSMUSG00000031194	0
ENSMUSG00000031196	274
ENSMUSG00000031197	262
ENSMUSG00000031198	262
ENSMUSG00000031200	59
ENSMUSG00000031201	584
ENSMUSG00000031202	2
ENSMUSG00000031204	0
ENSMUSG00000031207	1094
ENSMUSG00000031209	23
ENSMUSG00000031210	0
ENSMUSG00000031212	0
ENSMUSG00000031214	62
ENSMUSG00000031216	500
ENSMUSG00000031217	191
ENSMUSG00000031220	47
ENSMUSG00000031221	1337
ENSMUSG00000031224	1
ENSMUSG00000031226	239
ENSMUSG00000031227	62
ENSMUSG00000031229	2808
ENSMUSG00000031230	0
ENSMUSG00000031231	1521
ENSMUSG00000031232	1649
ENSMUSG00000031233	0
ENSMUSG00000031239	12
ENSMUSG00000031241	0
ENSMUSG00000031242	508
ENSMUSG00000031245	876
ENSMUSG00000031246	3561
ENSMUSG00000031250	0
ENSMUSG00000031253	83
ENSMUSG00000031255	66
ENSMUSG00000031256	389
ENSMUSG00000031257	0
ENSMUSG00000031258	4
ENSMUSG00000031262	2
ENSMUSG00000031264	42
ENSMUSG00000031266	106
ENSMUSG00000031270	9
ENSMUSG00000031271	3974
ENSMUSG00000031273	6
ENSMUSG00000031274	60
ENSMUSG00000031278	1580
ENSMUSG00000031283	8
ENSMUSG00000031284	1
ENSMUSG00000031285	0
ENSMUSG00000031286	100
ENSMUSG00000031289	1
ENSMUSG00000031290	4
ENSMUSG00000031292	112
ENSMUSG00000031293	0
ENSMUSG00000031294	0
ENSMUSG00000031295	829
ENSMUSG00000031297	4
ENSMUSG00000031298	151
ENSMUSG00000031299	3190
ENSMUSG00000031302	1
ENSMUSG00000031303	71
ENSMUSG00000031304	133
ENSMUSG00000031309	254
ENSMUSG00000031310	908
ENSMUSG00000031311	84
ENSMUSG00000031312	6
ENSMUSG00000031314	1054
ENSMUSG00000031320	14
ENSMUSG00000031323	0
ENSMUSG00000031325	0
ENSMUSG00000031326	0
ENSMUSG00000031327	42
ENSMUSG00000031328	1284
ENSMUSG00000031329	1
ENSMUSG00000031330	0
ENSMUSG00000031333	1153
ENSMUSG00000031337	390
ENSMUSG00000031340	31
ENSMUSG00000031342	26
ENSMUSG00000031343	86
ENSMUSG00000031344	7
ENSMUSG00000031347	396
ENSMUSG00000031349	2960
ENSMUSG00000031351	7
ENSMUSG00000031352	335
ENSMUSG00000031353	952
ENSMUSG00000031354	0
ENSMUSG00000031355	175
ENSMUSG00000031357	1328
ENSMUSG00000031358	525
ENSMUSG00000031360	284
ENSMUSG00000031362	0
ENSMUSG00000031364	0
ENSMUSG00000031365	518
ENSMUSG00000031367	127
ENSMUSG00000031370	260
ENSMUSG00000031371	550
ENSMUSG00000031372	0
ENSMUSG00000031373	103
ENSMUSG00000031374	0
ENSMUSG00000031375	4209
ENSMUSG00000031376	0
ENSMUSG00000031377	12
ENSMUSG00000031378	749
ENSMUSG00000031379	630
ENSMUSG00000031380	121
ENSMUSG00000031381	289
ENSMUSG00000031382	0
ENSMUSG00000031383	0
ENSMUSG00000031384	0
ENSMUSG00000031385	11
ENSMUSG00000031386	896
ENSMUSG00000031387	229
ENSMUSG00000031388	743
ENSMUSG00000031389	580
ENSMUSG00000031390	0
ENSMUSG00000031391	10
ENSMUSG00000031392	1904
ENSMUSG00000031393	416
ENSMUSG00000031394	0
ENSMUSG00000031397	0
ENSMUSG00000031398	40
ENSMUSG00000031399	478
ENSMUSG00000031400	127
ENSMUSG00000031402	1059
ENSMUSG00000031403	194
ENSMUSG00000031409	0
ENSMUSG00000031410	1
ENSMUSG00000031411	0
ENSMUSG00000031422	612
ENSMUSG00000031424	0
ENSMUSG00000031425	75
ENSMUSG00000031428	9
ENSMUSG00000031429	296
ENSMUSG00000031430	0
ENSMUSG00000031431	1363
ENSMUSG00000031432	666
ENSMUSG00000031433	31
ENSMUSG00000031434	45
ENSMUSG00000031438	2786
ENSMUSG00000031441	1167
ENSMUSG00000031442	14
ENSMUSG00000031443	3231
ENSMUSG00000031444	12858
ENSMUSG00000031445	13033
ENSMUSG00000031446	1847
ENSMUSG00000031447	14774
ENSMUSG00000031448	0
ENSMUSG00000031449	0
ENSMUSG00000031450	0
ENSMUSG00000031451	2152
ENSMUSG00000031452	0
ENSMUSG00000031453	410
ENSMUSG00000031458	98
ENSMUSG00000031461	0
ENSMUSG00000031465	40
ENSMUSG00000031467	314
ENSMUSG00000031471	0
ENSMUSG00000031478	110
ENSMUSG00000031479	621
ENSMUSG00000031480	228
ENSMUSG00000031481	0
ENSMUSG00000031482	6087
ENSMUSG00000031483	710
ENSMUSG00000031485	2676
ENSMUSG00000031486	166
ENSMUSG00000031487	155
ENSMUSG00000031488	240
ENSMUSG00000031489	1207
ENSMUSG00000031490	809
ENSMUSG00000031491	0
ENSMUSG00000031492	0
ENSMUSG00000031493	6
ENSMUSG00000031494	9
ENSMUSG00000031495	1
ENSMUSG00000031497	24
ENSMUSG00000031502	619
ENSMUSG00000031503	510
ENSMUSG00000031504	484
ENSMUSG00000031505	1624
ENSMUSG00000031506	19
ENSMUSG00000031508	729
ENSMUSG00000031509	0
ENSMUSG00000031510	0
ENSMUSG00000031511	696
ENSMUSG00000031512	1
ENSMUSG00000031513	603
ENSMUSG00000031516	571
ENSMUSG00000031517	43
ENSMUSG00000031518	0
ENSMUSG00000031519	11
ENSMUSG00000031520	77
ENSMUSG00000031521	383
ENSMUSG00000031523	1563
ENSMUSG00000031527	290
ENSMUSG00000031529	575
ENSMUSG00000031530	35
ENSMUSG00000031532	3362
ENSMUSG00000031533	641
ENSMUSG00000031534	812
ENSMUSG00000031535	3
ENSMUSG00000031536	420
ENSMUSG00000031537	2064
ENSMUSG00000031538	10
ENSMUSG00000031539	142
ENSMUSG00000031540	562
ENSMUSG00000031543	4
ENSMUSG00000031545	4133
ENSMUSG00000031546	322
ENSMUSG00000031548	25
ENSMUSG00000031549	955
ENSMUSG00000031551	0
ENSMUSG00000031552	0
ENSMUSG00000031553	0
ENSMUSG00000031554	3
ENSMUSG00000031555	1560
ENSMUSG00000031556	1114
ENSMUSG00000031557	157
ENSMUSG00000031558	4
ENSMUSG00000031559	0
ENSMUSG00000031561	185
ENSMUSG00000031562	1
ENSMUSG00000031563	345
ENSMUSG00000031565	395
ENSMUSG00000031568	495
ENSMUSG00000031570	700
ENSMUSG00000031574	58
ENSMUSG00000031575	420
ENSMUSG00000031576	3
ENSMUSG00000031577	355
ENSMUSG00000031578	527
ENSMUSG00000031583	310
ENSMUSG00000031584	2046
ENSMUSG00000031585	269
ENSMUSG00000031586	912
ENSMUSG00000031590	393
ENSMUSG00000031591	1010
ENSMUSG00000031592	615
ENSMUSG00000031594	18151
ENSMUSG00000031595	8
ENSMUSG00000031596	8791
ENSMUSG00000031600	1167
ENSMUSG00000031601	1310
ENSMUSG00000031603	0
ENSMUSG00000031604	7268
ENSMUSG00000031605	988
ENSMUSG00000031608	98
ENSMUSG00000031609	86
ENSMUSG00000031610	0
ENSMUSG00000031613	3092
ENSMUSG00000031616	154
ENSMUSG00000031617	477
ENSMUSG00000031618	409
ENSMUSG00000031620	0
ENSMUSG00000031621	0
ENSMUSG00000031622	1555
ENSMUSG00000031626	1925
ENSMUSG00000031627	2902
ENSMUSG00000031628	612
ENSMUSG00000031629	8
ENSMUSG00000031631	235
ENSMUSG00000031633	209
ENSMUSG00000031634	942
ENSMUSG00000031635	0
ENSMUSG00000031636	7
ENSMUSG00000031637	52
ENSMUSG00000031639	294
ENSMUSG00000031640	0
ENSMUSG00000031641	928
ENSMUSG00000031642	133
ENSMUSG00000031644	322
ENSMUSG00000031645	2404
ENSMUSG00000031647	20
ENSMUSG00000031651	0
ENSMUSG00000031652	466
ENSMUSG00000031654	0
ENSMUSG00000031657	496
ENSMUSG00000031659	227
ENSMUSG00000031660	880
ENSMUSG00000031661	155
ENSMUSG00000031662	30
ENSMUSG00000031665	1402
ENSMUSG00000031666	878
ENSMUSG00000031667	309
ENSMUSG00000031668	692
ENSMUSG00000031669	51
ENSMUSG00000031671	581
ENSMUSG00000031672	3858
ENSMUSG00000031673	0
ENSMUSG00000031681	522
ENSMUSG00000031682	0
ENSMUSG00000031683	519
ENSMUSG00000031684	231
ENSMUSG00000031688	0
ENSMUSG00000031691	1358
ENSMUSG00000031696	1623
ENSMUSG00000031697	169
ENSMUSG00000031698	11
ENSMUSG00000031700	10433
ENSMUSG00000031701	2684
ENSMUSG00000031703	1557
ENSMUSG00000031706	560
ENSMUSG00000031708	5717
ENSMUSG00000031709	73
ENSMUSG00000031710	0
ENSMUSG00000031711	337
ENSMUSG00000031712	75
ENSMUSG00000031714	322
ENSMUSG00000031715	389
ENSMUSG00000031722	122517
ENSMUSG00000031723	330
ENSMUSG00000031725	13992
ENSMUSG00000031727	0
ENSMUSG00000031728	103
ENSMUSG00000031729	1938
ENSMUSG00000031730	192
ENSMUSG00000031731	2065
ENSMUSG00000031732	126
ENSMUSG00000031734	5
ENSMUSG00000031736	2
ENSMUSG00000031737	0
ENSMUSG00000031738	0
ENSMUSG00000031740	89
ENSMUSG00000031748	15
ENSMUSG00000031749	61
ENSMUSG00000031750	42
ENSMUSG00000031751	6720
ENSMUSG00000031753	1637
ENSMUSG00000031754	9
ENSMUSG00000031755	122
ENSMUSG00000031756	20
ENSMUSG00000031757	0
ENSMUSG00000031758	21
ENSMUSG00000031760	0
ENSMUSG00000031762	308
ENSMUSG00000031765	2235
ENSMUSG00000031766	3
ENSMUSG00000031767	17733
ENSMUSG00000031770	14174
ENSMUSG00000031772	1
ENSMUSG00000031774	816
ENSMUSG00000031775	236
ENSMUSG00000031776	190
ENSMUSG00000031778	24
ENSMUSG00000031779	10
ENSMUSG00000031780	1
ENSMUSG00000031781	848
ENSMUSG00000031782	2143
ENSMUSG00000031783	50
ENSMUSG00000031785	124
ENSMUSG00000031786	0
ENSMUSG00000031787	88
ENSMUSG00000031788	727
ENSMUSG00000031789	3
ENSMUSG00000031790	1016
ENSMUSG00000031791	84
ENSMUSG00000031792	248
ENSMUSG00000031796	1197
ENSMUSG00000031799	331
ENSMUSG00000031802	0
ENSMUSG00000031803	70
ENSMUSG00000031805	455
ENSMUSG00000031807	1626
ENSMUSG00000031808	173
ENSMUSG00000031809	0
ENSMUSG00000031812	2043
ENSMUSG00000031813	1822
ENSMUSG00000031816	364
ENSMUSG00000031818	14757
ENSMUSG00000031819	598
ENSMUSG00000031820	1529
ENSMUSG00000031821	29
ENSMUSG00000031822	1177
ENSMUSG00000031823	492
ENSMUSG00000031824	261
ENSMUSG00000031825	29
ENSMUSG00000031826	1929
ENSMUSG00000031827	523
ENSMUSG00000031828	138
ENSMUSG00000031831	1
ENSMUSG00000031832	161
ENSMUSG00000031833	2472
ENSMUSG00000031834	605
ENSMUSG00000031835	1601
ENSMUSG00000031837	15
ENSMUSG00000031838	773
ENSMUSG00000031839	2492
ENSMUSG00000031840	202
ENSMUSG00000031841	57
ENSMUSG00000031842	928
ENSMUSG00000031843	43
ENSMUSG00000031844	2842
ENSMUSG00000031845	119
ENSMUSG00000031847	1
ENSMUSG00000031848	631
ENSMUSG00000031849	0
ENSMUSG00000031851	267
ENSMUSG00000031853	268
ENSMUSG00000031858	1620
ENSMUSG00000031860	41
ENSMUSG00000031861	118
ENSMUSG00000031862	2011
ENSMUSG00000031864	163
ENSMUSG00000031865	550
ENSMUSG00000031870	0
ENSMUSG00000031871	875
ENSMUSG00000031872	1
ENSMUSG00000031875	404
ENSMUSG00000031876	0
ENSMUSG00000031877	1203
ENSMUSG00000031878	619
ENSMUSG00000031879	281
ENSMUSG00000031880	6
ENSMUSG00000031881	0
ENSMUSG00000031883	53
ENSMUSG00000031884	3
ENSMUSG00000031885	439
ENSMUSG00000031886	6049
ENSMUSG00000031887	440
ENSMUSG00000031889	1057
ENSMUSG00000031891	0
ENSMUSG00000031893	0
ENSMUSG00000031896	11
ENSMUSG00000031897	1453
ENSMUSG00000031898	0
ENSMUSG00000031901	300
ENSMUSG00000031902	622
ENSMUSG00000031903	636
ENSMUSG00000031904	42
ENSMUSG00000031906	83
ENSMUSG00000031907	138
ENSMUSG00000031910	9
ENSMUSG00000031913	692
ENSMUSG00000031916	974
ENSMUSG00000031917	369
ENSMUSG00000031918	366
ENSMUSG00000031919	0
ENSMUSG00000031921	406
ENSMUSG00000031922	447
ENSMUSG00000031924	11786
ENSMUSG00000031925	47
ENSMUSG00000031927	0
ENSMUSG00000031928	139
ENSMUSG00000031930	603
ENSMUSG00000031931	237
ENSMUSG00000031932	2
ENSMUSG00000031933	3
ENSMUSG00000031934	22
ENSMUSG00000031935	618
ENSMUSG00000031936	0
ENSMUSG00000031937	20
ENSMUSG00000031938	6252
ENSMUSG00000031939	57
ENSMUSG00000031948	1551
ENSMUSG00000031949	129
ENSMUSG00000031950	103
ENSMUSG00000031951	4
ENSMUSG00000031952	0
ENSMUSG00000031953	295
ENSMUSG00000031954	1153
ENSMUSG00000031955	1308
ENSMUSG00000031957	0
ENSMUSG00000031958	2834
ENSMUSG00000031959	412
ENSMUSG00000031960	4790
ENSMUSG00000031962	0
ENSMUSG00000031963	6
ENSMUSG00000031965	62
ENSMUSG00000031966	0
ENSMUSG00000031967	1225
ENSMUSG00000031969	1843
ENSMUSG00000031970	0
ENSMUSG00000031971	6
ENSMUSG00000031972	0
ENSMUSG00000031974	1205
ENSMUSG00000031976	190
ENSMUSG00000031979	582
ENSMUSG00000031980	15380
ENSMUSG00000031981	5
ENSMUSG00000031982	62
ENSMUSG00000031983	927
ENSMUSG00000031984	381
ENSMUSG00000031985	1033
ENSMUSG00000031986	322
ENSMUSG00000031987	562
ENSMUSG00000031988	388
ENSMUSG00000031990	35
ENSMUSG00000031991	0
ENSMUSG00000031993	809
ENSMUSG00000031994	1
ENSMUSG00000031995	25
ENSMUSG00000031996	8380
ENSMUSG00000031997	0
ENSMUSG00000031998	0
ENSMUSG00000032000	517
ENSMUSG00000032002	649
ENSMUSG00000032006	57
ENSMUSG00000032009	428
ENSMUSG00000032010	518
ENSMUSG00000032011	40
ENSMUSG00000032012	922
ENSMUSG00000032013	3
ENSMUSG00000032014	9694
ENSMUSG00000032015	0
ENSMUSG00000032017	2
ENSMUSG00000032018	19871
ENSMUSG00000032020	93
ENSMUSG00000032021	5
ENSMUSG00000032023	0
ENSMUSG00000032024	70
ENSMUSG00000032026	1973
ENSMUSG00000032028	690
ENSMUSG00000032030	715
ENSMUSG00000032033	0
ENSMUSG00000032034	0
ENSMUSG00000032035	662
ENSMUSG00000032036	1
ENSMUSG00000032038	2582
ENSMUSG00000032040	543
ENSMUSG00000032041	425
ENSMUSG00000032042	2565
ENSMUSG00000032044	199
ENSMUSG00000032046	799
ENSMUSG00000032047	8866
ENSMUSG00000032048	0
ENSMUSG00000032050	4588
ENSMUSG00000032051	2788
ENSMUSG00000032053	46
ENSMUSG00000032056	0
ENSMUSG00000032057	0
ENSMUSG00000032058	495
ENSMUSG00000032059	442
ENSMUSG00000032060	157
ENSMUSG00000032062	694
ENSMUSG00000032064	815
ENSMUSG00000032065	44
ENSMUSG00000032066	924
ENSMUSG00000032067	1175
ENSMUSG00000032068	66
ENSMUSG00000032076	674
ENSMUSG00000032077	247
ENSMUSG00000032078	2937
ENSMUSG00000032079	41839
ENSMUSG00000032080	3057
ENSMUSG00000032081	66344
ENSMUSG00000032083	440844
ENSMUSG00000032085	354
ENSMUSG00000032086	515
ENSMUSG00000032087	3
ENSMUSG00000032089	289
ENSMUSG00000032091	22
ENSMUSG00000032092	1319
ENSMUSG00000032093	29
ENSMUSG00000032094	20
ENSMUSG00000032096	1635
ENSMUSG00000032097	2027
ENSMUSG00000032098	19
ENSMUSG00000032099	0
ENSMUSG00000032101	3
ENSMUSG00000032103	131
ENSMUSG00000032105	2
ENSMUSG00000032108	0
ENSMUSG00000032109	321
ENSMUSG00000032110	0
ENSMUSG00000032112	788
ENSMUSG00000032113	41
ENSMUSG00000032114	4912
ENSMUSG00000032115	5554
ENSMUSG00000032116	2677
ENSMUSG00000032118	2
ENSMUSG00000032119	403
ENSMUSG00000032120	1601
ENSMUSG00000032121	129
ENSMUSG00000032122	95
ENSMUSG00000032123	1306
ENSMUSG00000032125	826
ENSMUSG00000032126	468
ENSMUSG00000032127	1229
ENSMUSG00000032128	28
ENSMUSG00000032131	0
ENSMUSG00000032135	255
ENSMUSG00000032171	298
ENSMUSG00000032172	48
ENSMUSG00000032174	1
ENSMUSG00000032175	1027
ENSMUSG00000032177	163
ENSMUSG00000032178	468
ENSMUSG00000032179	266
ENSMUSG00000032180	457
ENSMUSG00000032181	0
ENSMUSG00000032182	757
ENSMUSG00000032184	4
ENSMUSG00000032185	829
ENSMUSG00000032186	4
ENSMUSG00000032187	1254
ENSMUSG00000032191	0
ENSMUSG00000032192	31
ENSMUSG00000032193	6839
ENSMUSG00000032194	1042
ENSMUSG00000032198	1758
ENSMUSG00000032199	1215
ENSMUSG00000032202	69
ENSMUSG00000032204	11495
ENSMUSG00000032207	3992
ENSMUSG00000032212	1243
ENSMUSG00000032215	295
ENSMUSG00000032216	5902
ENSMUSG00000032217	784
ENSMUSG00000032218	24
ENSMUSG00000032220	879
ENSMUSG00000032221	8
ENSMUSG00000032224	67
ENSMUSG00000032226	0
ENSMUSG00000032228	515
ENSMUSG00000032231	541
ENSMUSG00000032232	2146
ENSMUSG00000032235	527
ENSMUSG00000032238	1240
ENSMUSG00000032239	844
ENSMUSG00000032243	3
ENSMUSG00000032244	315
ENSMUSG00000032245	147
ENSMUSG00000032246	38
ENSMUSG00000032249	2661
ENSMUSG00000032251	33
ENSMUSG00000032252	511
ENSMUSG00000032253	523
ENSMUSG00000032254	47
ENSMUSG00000032257	0
ENSMUSG00000032258	29
ENSMUSG00000032259	0
ENSMUSG00000032261	862
ENSMUSG00000032262	1
ENSMUSG00000032263	3021
ENSMUSG00000032264	539
ENSMUSG00000032265	275
ENSMUSG00000032267	290
ENSMUSG00000032268	2
ENSMUSG00000032269	0
ENSMUSG00000032271	3578
ENSMUSG00000032274	0
ENSMUSG00000032278	2
ENSMUSG00000032279	1058
ENSMUSG00000032280	476
ENSMUSG00000032281	7
ENSMUSG00000032285	181
ENSMUSG00000032288	696
ENSMUSG00000032289	28
ENSMUSG00000032290	263
ENSMUSG00000032291	0
ENSMUSG00000032292	0
ENSMUSG00000032293	2287
ENSMUSG00000032294	190
ENSMUSG00000032295	1230
ENSMUSG00000032297	0
ENSMUSG00000032298	215
ENSMUSG00000032299	719
ENSMUSG00000032300	376
ENSMUSG00000032301	1479
ENSMUSG00000032303	0
ENSMUSG00000032305	345
ENSMUSG00000032306	319
ENSMUSG00000032307	305
ENSMUSG00000032308	345
ENSMUSG00000032309	1567
ENSMUSG00000032310	10552
ENSMUSG00000032311	331
ENSMUSG00000032312	1853
ENSMUSG00000032313	39
ENSMUSG00000032314	5306
ENSMUSG00000032315	21
ENSMUSG00000032316	1739
ENSMUSG00000032318	0
ENSMUSG00000032320	234
ENSMUSG00000032322	49
ENSMUSG00000032323	0
ENSMUSG00000032324	124
ENSMUSG00000032327	1
ENSMUSG00000032328	4683
ENSMUSG00000032329	790
ENSMUSG00000032330	4341
ENSMUSG00000032332	46
ENSMUSG00000032333	272
ENSMUSG00000032334	41
ENSMUSG00000032336	1473
ENSMUSG00000032338	0
ENSMUSG00000032340	379
ENSMUSG00000032342	353
ENSMUSG00000032343	0
ENSMUSG00000032344	18
ENSMUSG00000032346	0
ENSMUSG00000032348	1901
ENSMUSG00000032349	20924
ENSMUSG00000032350	9089
ENSMUSG00000032352	19
ENSMUSG00000032353	739
ENSMUSG00000032355	0
ENSMUSG00000032356	2
ENSMUSG00000032357	2
ENSMUSG00000032358	2
ENSMUSG00000032359	7042
ENSMUSG00000032360	7
ENSMUSG00000032363	461
ENSMUSG00000032366	911
ENSMUSG00000032368	1
ENSMUSG00000032369	80
ENSMUSG00000032370	1336
ENSMUSG00000032372	889
ENSMUSG00000032373	2
ENSMUSG00000032374	42
ENSMUSG00000032375	42
ENSMUSG00000032376	1020
ENSMUSG00000032377	210
ENSMUSG00000032380	672
ENSMUSG00000032381	967
ENSMUSG00000032382	557
ENSMUSG00000032383	7644
ENSMUSG00000032384	192
ENSMUSG00000032386	1904
ENSMUSG00000032387	1688
ENSMUSG00000032388	684
ENSMUSG00000032392	707
ENSMUSG00000032393	822
ENSMUSG00000032394	0
ENSMUSG00000032396	567
ENSMUSG00000032397	192
ENSMUSG00000032398	484
ENSMUSG00000032399	5255
ENSMUSG00000032400	36
ENSMUSG00000032401	0
ENSMUSG00000032402	597
ENSMUSG00000032403	280
ENSMUSG00000032405	505
ENSMUSG00000032407	1146
ENSMUSG00000032409	462
ENSMUSG00000032410	561
ENSMUSG00000032411	390
ENSMUSG00000032412	1006
ENSMUSG00000032413	81
ENSMUSG00000032415	57
ENSMUSG00000032417	8
ENSMUSG00000032418	3557
ENSMUSG00000032419	0
ENSMUSG00000032420	159
ENSMUSG00000032422	361
ENSMUSG00000032423	995
ENSMUSG00000032425	180
ENSMUSG00000032431	99
ENSMUSG00000032434	2360
ENSMUSG00000032435	615
ENSMUSG00000032436	107
ENSMUSG00000032437	2355
ENSMUSG00000032440	684
ENSMUSG00000032443	3
ENSMUSG00000032446	4
ENSMUSG00000032449	337
ENSMUSG00000032451	0
ENSMUSG00000032452	10
ENSMUSG00000032454	0
ENSMUSG00000032456	286
ENSMUSG00000032458	2469
ENSMUSG00000032459	436
ENSMUSG00000032462	443
ENSMUSG00000032463	149
ENSMUSG00000032468	406
ENSMUSG00000032469	323
ENSMUSG00000032470	85
ENSMUSG00000032473	1
ENSMUSG00000032475	471
ENSMUSG00000032477	128
ENSMUSG00000032478	575
ENSMUSG00000032479	1174
ENSMUSG00000032480	946
ENSMUSG00000032481	379
ENSMUSG00000032482	20
ENSMUSG00000032484	15
ENSMUSG00000032485	4098
ENSMUSG00000032487	4
ENSMUSG00000032489	14
ENSMUSG00000032491	38
ENSMUSG00000032492	436
ENSMUSG00000032493	0
ENSMUSG00000032494	0
ENSMUSG00000032495	0
ENSMUSG00000032496	3
ENSMUSG00000032497	1250
ENSMUSG00000032498	410
ENSMUSG00000032500	255
ENSMUSG00000032501	2504
ENSMUSG00000032502	0
ENSMUSG00000032503	0
ENSMUSG00000032504	3642
ENSMUSG00000032507	11
ENSMUSG00000032508	453
ENSMUSG00000032511	0
ENSMUSG00000032512	590
ENSMUSG00000032513	1021
ENSMUSG00000032514	1
ENSMUSG00000032515	701
ENSMUSG00000032517	0
ENSMUSG00000032518	50
ENSMUSG00000032519	899
ENSMUSG00000032523	0
ENSMUSG00000032525	3152
ENSMUSG00000032526	1142
ENSMUSG00000032527	4185
ENSMUSG00000032528	764
ENSMUSG00000032530	0
ENSMUSG00000032531	789
ENSMUSG00000032532	0
ENSMUSG00000032534	528
ENSMUSG00000032536	3354
ENSMUSG00000032537	0
ENSMUSG00000032540	611
ENSMUSG00000032547	1088
ENSMUSG00000032548	2688
ENSMUSG00000032549	22
ENSMUSG00000032551	482
ENSMUSG00000032553	493
ENSMUSG00000032554	117966
ENSMUSG00000032555	403
ENSMUSG00000032556	1
ENSMUSG00000032557	1436
ENSMUSG00000032558	634
ENSMUSG00000032560	585
ENSMUSG00000032561	238
ENSMUSG00000032562	1960
ENSMUSG00000032563	533
ENSMUSG00000032564	0
ENSMUSG00000032565	210
ENSMUSG00000032566	0
ENSMUSG00000032567	80
ENSMUSG00000032570	1219
ENSMUSG00000032571	482
ENSMUSG00000032572	0
ENSMUSG00000032575	3957
ENSMUSG00000032577	128
ENSMUSG00000032578	214
ENSMUSG00000032579	400
ENSMUSG00000032580	2278
ENSMUSG00000032582	619
ENSMUSG00000032583	568
ENSMUSG00000032584	5
ENSMUSG00000032586	10
ENSMUSG00000032589	0
ENSMUSG00000032590	1570
ENSMUSG00000032591	7741
ENSMUSG00000032593	28
ENSMUSG00000032594	2597
ENSMUSG00000032595	4
ENSMUSG00000032596	602
ENSMUSG00000032598	302
ENSMUSG00000032599	1228
ENSMUSG00000032601	1389
ENSMUSG00000032602	2496
ENSMUSG00000032604	1122
ENSMUSG00000032606	427
ENSMUSG00000032607	1171
ENSMUSG00000032609	1015
ENSMUSG00000032611	8
ENSMUSG00000032612	1700
ENSMUSG00000032615	223
ENSMUSG00000032621	2318
ENSMUSG00000032623	0
ENSMUSG00000032624	569
ENSMUSG00000032625	3
ENSMUSG00000032633	1878
ENSMUSG00000032637	2442
ENSMUSG00000032640	120
ENSMUSG00000032641	159
ENSMUSG00000032643	13
ENSMUSG00000032648	32
ENSMUSG00000032649	10
ENSMUSG00000032652	1066
ENSMUSG00000032656	10
ENSMUSG00000032657	36
ENSMUSG00000032661	21
ENSMUSG00000032666	64
ENSMUSG00000032667	1890
ENSMUSG00000032671	5
ENSMUSG00000032673	372
ENSMUSG00000032679	854
ENSMUSG00000032680	1
ENSMUSG00000032688	216
ENSMUSG00000032690	475
ENSMUSG00000032691	46
ENSMUSG00000032698	146
ENSMUSG00000032702	1249
ENSMUSG00000032705	344
ENSMUSG00000032712	1160
ENSMUSG00000032714	200
ENSMUSG00000032715	257
ENSMUSG00000032717	45
ENSMUSG00000032718	22
ENSMUSG00000032719	2
ENSMUSG00000032724	143
ENSMUSG00000032725	407
ENSMUSG00000032726	0
ENSMUSG00000032727	619
ENSMUSG00000032733	599
ENSMUSG00000032735	695
ENSMUSG00000032737	1096
ENSMUSG00000032739	0
ENSMUSG00000032740	50
ENSMUSG00000032741	1126
ENSMUSG00000032743	413
ENSMUSG00000032744	70
ENSMUSG00000032745	1143
ENSMUSG00000032750	13
ENSMUSG00000032754	1099
ENSMUSG00000032757	1652
ENSMUSG00000032758	1
ENSMUSG00000032763	586
ENSMUSG00000032766	285
ENSMUSG00000032769	0
ENSMUSG00000032773	8
ENSMUSG00000032776	389
ENSMUSG00000032777	1173
ENSMUSG00000032782	360
ENSMUSG00000032783	7
ENSMUSG00000032786	8863
ENSMUSG00000032788	916
ENSMUSG00000032796	144
ENSMUSG00000032802	1203
ENSMUSG00000032803	457
ENSMUSG00000032806	113
ENSMUSG00000032807	0
ENSMUSG00000032808	579
ENSMUSG00000032812	2123
ENSMUSG00000032815	31
ENSMUSG00000032816	0
ENSMUSG00000032818	0
ENSMUSG00000032826	32
ENSMUSG00000032827	1526
ENSMUSG00000032834	521
ENSMUSG00000032839	38
ENSMUSG00000032840	315
ENSMUSG00000032841	44
ENSMUSG00000032842	981
ENSMUSG00000032845	3
ENSMUSG00000032846	185
ENSMUSG00000032849	123
ENSMUSG00000032850	15
ENSMUSG00000032852	0
ENSMUSG00000032854	6
ENSMUSG00000032855	1337
ENSMUSG00000032860	310
ENSMUSG00000032864	0
ENSMUSG00000032867	1023
ENSMUSG00000032869	723
ENSMUSG00000032870	1095
ENSMUSG00000032872	121
ENSMUSG00000032875	137
ENSMUSG00000032878	0
ENSMUSG00000032883	894
ENSMUSG00000032889	0
ENSMUSG00000032890	64
ENSMUSG00000032892	0
ENSMUSG00000032894	0
ENSMUSG00000032897	49
ENSMUSG00000032898	2603
ENSMUSG00000032899	4
ENSMUSG00000032900	0
ENSMUSG00000032902	1111
ENSMUSG00000032905	854
ENSMUSG00000032908	6
ENSMUSG00000032911	0
ENSMUSG00000032913	355
ENSMUSG00000032915	226
ENSMUSG00000032921	4
ENSMUSG00000032925	10
ENSMUSG00000032932	1092
ENSMUSG00000032936	0
ENSMUSG00000032937	0
ENSMUSG00000032939	263
ENSMUSG00000032940	2
ENSMUSG00000032942	2
ENSMUSG00000032946	873
ENSMUSG00000032948	0
ENSMUSG00000032952	174
ENSMUSG00000032959	350
ENSMUSG00000032965	25
ENSMUSG00000032966	636
ENSMUSG00000032968	7
ENSMUSG00000032977	1210
ENSMUSG00000032978	0
ENSMUSG00000032985	1
ENSMUSG00000032987	0
ENSMUSG00000032988	0
ENSMUSG00000032997	95
ENSMUSG00000032998	102
ENSMUSG00000032999	0
ENSMUSG00000033004	1232
ENSMUSG00000033006	0
ENSMUSG00000033007	0
ENSMUSG00000033009	259
ENSMUSG00000033014	350
ENSMUSG00000033015	0
ENSMUSG00000033016	285
ENSMUSG00000033020	671
ENSMUSG00000033021	1369
ENSMUSG00000033022	42757
ENSMUSG00000033024	0
ENSMUSG00000033027	0
ENSMUSG00000033029	6
ENSMUSG00000033031	41
ENSMUSG00000033032	157
ENSMUSG00000033033	47
ENSMUSG00000033036	0
ENSMUSG00000033039	520
ENSMUSG00000033044	0
ENSMUSG00000033047	1989
ENSMUSG00000033053	0
ENSMUSG00000033054	201
ENSMUSG00000033055	367
ENSMUSG00000033059	155
ENSMUSG00000033060	535
ENSMUSG00000033061	0
ENSMUSG00000033063	1
ENSMUSG00000033065	504
ENSMUSG00000033066	267
ENSMUSG00000033068	312
ENSMUSG00000033075	282
ENSMUSG00000033080	0
ENSMUSG00000033082	43
ENSMUSG00000033083	349
ENSMUSG00000033088	632
ENSMUSG00000033096	978
ENSMUSG00000033099	413
ENSMUSG00000033102	603
ENSMUSG00000033105	1567
ENSMUSG00000033106	848
ENSMUSG00000033107	34
ENSMUSG00000033111	429
ENSMUSG00000033114	2077
ENSMUSG00000033122	0
ENSMUSG00000033124	282
ENSMUSG00000033126	66
ENSMUSG00000033128	981
ENSMUSG00000033147	187
ENSMUSG00000033149	1411
ENSMUSG00000033152	3
ENSMUSG00000033156	0
ENSMUSG00000033157	276
ENSMUSG00000033159	2027
ENSMUSG00000033161	5727
ENSMUSG00000033166	158
ENSMUSG00000033170	554
ENSMUSG00000033174	3368
ENSMUSG00000033177	6
ENSMUSG00000033182	13
ENSMUSG00000033184	121
ENSMUSG00000033186	359
ENSMUSG00000033187	2
ENSMUSG00000033191	473
ENSMUSG00000033192	136
ENSMUSG00000033196	0
ENSMUSG00000033200	0
ENSMUSG00000033207	66
ENSMUSG00000033208	0
ENSMUSG00000033209	50
ENSMUSG00000033210	0
ENSMUSG00000033213	0
ENSMUSG00000033214	1
ENSMUSG00000033216	876
ENSMUSG00000033219	0
ENSMUSG00000033220	323
ENSMUSG00000033222	150
ENSMUSG00000033227	2
ENSMUSG00000033228	1211
ENSMUSG00000033233	21
ENSMUSG00000033237	888
ENSMUSG00000033249	384
ENSMUSG00000033253	1080
ENSMUSG00000033255	4
ENSMUSG00000033256	366
ENSMUSG00000033257	1254
ENSMUSG00000033268	0
ENSMUSG00000033272	481
ENSMUSG00000033276	27
ENSMUSG00000033278	85
ENSMUSG00000033282	90
ENSMUSG00000033285	469
ENSMUSG00000033287	37
ENSMUSG00000033294	344
ENSMUSG00000033295	3157
ENSMUSG00000033306	1081
ENSMUSG00000033307	533
ENSMUSG00000033308	12065
ENSMUSG00000033313	94
ENSMUSG00000033316	1
ENSMUSG00000033318	2012
ENSMUSG00000033319	331
ENSMUSG00000033323	237
ENSMUSG00000033326	1182
ENSMUSG00000033327	560
ENSMUSG00000033335	1288
ENSMUSG00000033342	21
ENSMUSG00000033343	0
ENSMUSG00000033350	113
ENSMUSG00000033352	970
ENSMUSG00000033355	879
ENSMUSG00000033356	66
ENSMUSG00000033361	42
ENSMUSG00000033364	256
ENSMUSG00000033365	400
ENSMUSG00000033368	3
ENSMUSG00000033373	98
ENSMUSG00000033377	1211
ENSMUSG00000033379	1857
ENSMUSG00000033382	729
ENSMUSG00000033383	0
ENSMUSG00000033386	721
ENSMUSG00000033389	16
ENSMUSG00000033392	410
ENSMUSG00000033396	336
ENSMUSG00000033400	1688
ENSMUSG00000033405	0
ENSMUSG00000033409	1
ENSMUSG00000033411	158
ENSMUSG00000033416	4644
ENSMUSG00000033417	1141
ENSMUSG00000033419	0
ENSMUSG00000033420	26
ENSMUSG00000033423	875
ENSMUSG00000033427	9806
ENSMUSG00000033429	1777
ENSMUSG00000033430	377
ENSMUSG00000033434	423
ENSMUSG00000033436	90
ENSMUSG00000033439	260
ENSMUSG00000033444	573
ENSMUSG00000033446	1122
ENSMUSG00000033450	10
ENSMUSG00000033453	63
ENSMUSG00000033454	368
ENSMUSG00000033458	59
ENSMUSG00000033460	110
ENSMUSG00000033467	166
ENSMUSG00000033470	13
ENSMUSG00000033475	90
ENSMUSG00000033478	1911
ENSMUSG00000033486	174
ENSMUSG00000033487	3065
ENSMUSG00000033488	579
ENSMUSG00000033491	0
ENSMUSG00000033498	4
ENSMUSG00000033499	2129
ENSMUSG00000033501	3
ENSMUSG00000033502	81
ENSMUSG00000033508	9
ENSMUSG00000033510	0
ENSMUSG00000033520	0
ENSMUSG00000033526	284
ENSMUSG00000033530	606
ENSMUSG00000033533	8316
ENSMUSG00000033538	64
ENSMUSG00000033540	236
ENSMUSG00000033542	715
ENSMUSG00000033543	987
ENSMUSG00000033544	3
ENSMUSG00000033545	2936
ENSMUSG00000033554	231
ENSMUSG00000033557	477
ENSMUSG00000033565	726
ENSMUSG00000033569	0
ENSMUSG00000033576	1
ENSMUSG00000033577	2675
ENSMUSG00000033578	0
ENSMUSG00000033579	6
ENSMUSG00000033581	32
ENSMUSG00000033585	38
ENSMUSG00000033589	231
ENSMUSG00000033590	12
ENSMUSG00000033594	1312
ENSMUSG00000033595	2
ENSMUSG00000033596	221
ENSMUSG00000033597	22
ENSMUSG00000033610	4034
ENSMUSG00000033615	0
ENSMUSG00000033618	124
ENSMUSG00000033623	871
ENSMUSG00000033624	74
ENSMUSG00000033628	352
ENSMUSG00000033629	4979
ENSMUSG00000033632	111
ENSMUSG00000033633	0
ENSMUSG00000033634	17006
ENSMUSG00000033644	3
ENSMUSG00000033653	202
ENSMUSG00000033658	518
ENSMUSG00000033669	59
ENSMUSG00000033671	832
ENSMUSG00000033676	36
ENSMUSG00000033684	6777
ENSMUSG00000033685	1002
ENSMUSG00000033688	10100
ENSMUSG00000033697	154
ENSMUSG00000033701	802
ENSMUSG00000033703	394
ENSMUSG00000033705	367
ENSMUSG00000033706	521
ENSMUSG00000033707	482
ENSMUSG00000033712	660
ENSMUSG00000033713	1337
ENSMUSG00000033715	7661
ENSMUSG00000033717	0
ENSMUSG00000033720	1254
ENSMUSG00000033721	21
ENSMUSG00000033722	12
ENSMUSG00000033726	0
ENSMUSG00000033728	425
ENSMUSG00000033730	15
ENSMUSG00000033731	0
ENSMUSG00000033732	1076
ENSMUSG00000033735	2430
ENSMUSG00000033737	0
ENSMUSG00000033739	126
ENSMUSG00000033740	0
ENSMUSG00000033751	1680
ENSMUSG00000033752	19
ENSMUSG00000033760	267
ENSMUSG00000033762	97
ENSMUSG00000033763	168
ENSMUSG00000033765	0
ENSMUSG00000033767	1519
ENSMUSG00000033768	20
ENSMUSG00000033769	157
ENSMUSG00000033770	0
ENSMUSG00000033773	316
ENSMUSG00000033774	0
ENSMUSG00000033777	50
ENSMUSG00000033781	1680
ENSMUSG00000033788	235
ENSMUSG00000033790	146
ENSMUSG00000033792	17
ENSMUSG00000033793	1308
ENSMUSG00000033794	0
ENSMUSG00000033799	392
ENSMUSG00000033805	0
ENSMUSG00000033808	677
ENSMUSG00000033809	336
ENSMUSG00000033813	214
ENSMUSG00000033819	808
ENSMUSG00000033825	0
ENSMUSG00000033826	12
ENSMUSG00000033831	92661
ENSMUSG00000033834	0
ENSMUSG00000033837	0
ENSMUSG00000033845	1558
ENSMUSG00000033847	2
ENSMUSG00000033849	3
ENSMUSG00000033850	0
ENSMUSG00000033852	32
ENSMUSG00000033854	31
ENSMUSG00000033855	49
ENSMUSG00000033857	261
ENSMUSG00000033860	72741
ENSMUSG00000033862	963
ENSMUSG00000033863	289
ENSMUSG00000033871	76
ENSMUSG00000033872	0
ENSMUSG00000033880	2467
ENSMUSG00000033882	4
ENSMUSG00000033883	141
ENSMUSG00000033885	895
ENSMUSG00000033898	12554
ENSMUSG00000033900	19
ENSMUSG00000033902	351
ENSMUSG00000033904	130
ENSMUSG00000033906	1
ENSMUSG00000033909	1256
ENSMUSG00000033910	208
ENSMUSG00000033916	1548
ENSMUSG00000033917	1606
ENSMUSG00000033918	265
ENSMUSG00000033931	284
ENSMUSG00000033933	317
ENSMUSG00000033938	2859
ENSMUSG00000033940	1853
ENSMUSG00000033943	893
ENSMUSG00000033948	99
ENSMUSG00000033949	9
ENSMUSG00000033952	16
ENSMUSG00000033953	974
ENSMUSG00000033955	1694
ENSMUSG00000033960	198
ENSMUSG00000033961	216
ENSMUSG00000033963	0
ENSMUSG00000033964	428
ENSMUSG00000033965	3544
ENSMUSG00000033966	10
ENSMUSG00000033967	9
ENSMUSG00000033970	219
ENSMUSG00000033972	359
ENSMUSG00000033981	0
ENSMUSG00000033983	99
ENSMUSG00000033985	405
ENSMUSG00000033987	0
ENSMUSG00000033991	440
ENSMUSG00000033998	10
ENSMUSG00000034000	0
ENSMUSG00000034006	4338
ENSMUSG00000034007	147
ENSMUSG00000034009	0
ENSMUSG00000034021	517
ENSMUSG00000034022	1586
ENSMUSG00000034023	10
ENSMUSG00000034024	2554
ENSMUSG00000034028	9
ENSMUSG00000034031	0
ENSMUSG00000034032	314
ENSMUSG00000034035	159
ENSMUSG00000034037	347
ENSMUSG00000034039	0
ENSMUSG00000034040	1
ENSMUSG00000034041	38
ENSMUSG00000034042	394
ENSMUSG00000034055	316
ENSMUSG00000034057	0
ENSMUSG00000034059	1
ENSMUSG00000034063	0
ENSMUSG00000034064	325
ENSMUSG00000034066	524
ENSMUSG00000034071	9
ENSMUSG00000034075	1125
ENSMUSG00000034083	193
ENSMUSG00000034087	0
ENSMUSG00000034088	10345
ENSMUSG00000034098	0
ENSMUSG00000034101	1398
ENSMUSG00000034105	152
ENSMUSG00000034107	0
ENSMUSG00000034108	4580
ENSMUSG00000034109	1708
ENSMUSG00000034110	114
ENSMUSG00000034111	116
ENSMUSG00000034112	0
ENSMUSG00000034115	0
ENSMUSG00000034116	230
ENSMUSG00000034117	2
ENSMUSG00000034118	636
ENSMUSG00000034120	3549
ENSMUSG00000034121	127
ENSMUSG00000034122	0
ENSMUSG00000034126	395
ENSMUSG00000034127	37
ENSMUSG00000034135	1334
ENSMUSG00000034139	0
ENSMUSG00000034145	2
ENSMUSG00000034151	0
ENSMUSG00000034152	580
ENSMUSG00000034154	581
ENSMUSG00000034156	24
ENSMUSG00000034157	1758
ENSMUSG00000034158	423
ENSMUSG00000034159	0
ENSMUSG00000034160	3354
ENSMUSG00000034161	3
ENSMUSG00000034163	1001
ENSMUSG00000034164	17
ENSMUSG00000034165	420
ENSMUSG00000034168	197
ENSMUSG00000034171	5007
ENSMUSG00000034173	166
ENSMUSG00000034175	442
ENSMUSG00000034177	1012
ENSMUSG00000034185	0
ENSMUSG00000034187	306
ENSMUSG00000034189	349
ENSMUSG00000034190	1098
ENSMUSG00000034192	80
ENSMUSG00000034194	301
ENSMUSG00000034201	441
ENSMUSG00000034203	384
ENSMUSG00000034205	41
ENSMUSG00000034206	7
ENSMUSG00000034209	1
ENSMUSG00000034210	382
ENSMUSG00000034211	1552
ENSMUSG00000034212	0
ENSMUSG00000034216	506
ENSMUSG00000034218	108
ENSMUSG00000034219	1
ENSMUSG00000034220	581
ENSMUSG00000034224	2
ENSMUSG00000034226	0
ENSMUSG00000034227	8
ENSMUSG00000034235	212
ENSMUSG00000034239	0
ENSMUSG00000034243	6327
ENSMUSG00000034245	1486
ENSMUSG00000034247	513
ENSMUSG00000034248	2960
ENSMUSG00000034252	990
ENSMUSG00000034254	659
ENSMUSG00000034255	163
ENSMUSG00000034258	82
ENSMUSG00000034259	726
ENSMUSG00000034263	236
ENSMUSG00000034265	152
ENSMUSG00000034266	13
ENSMUSG00000034269	1436
ENSMUSG00000034271	43
ENSMUSG00000034274	353
ENSMUSG00000034275	2
ENSMUSG00000034278	86
ENSMUSG00000034282	19
ENSMUSG00000034285	7394
ENSMUSG00000034290	852
ENSMUSG00000034292	187
ENSMUSG00000034295	20
ENSMUSG00000034297	702
ENSMUSG00000034300	397
ENSMUSG00000034303	10
ENSMUSG00000034308	3831
ENSMUSG00000034310	0
ENSMUSG00000034311	15
ENSMUSG00000034312	1124
ENSMUSG00000034317	27
ENSMUSG00000034320	163
ENSMUSG00000034321	304
ENSMUSG00000034324	0
ENSMUSG00000034327	328
ENSMUSG00000034329	57
ENSMUSG00000034330	84
ENSMUSG00000034333	1
ENSMUSG00000034334	87
ENSMUSG00000034336	0
ENSMUSG00000034339	0
ENSMUSG00000034341	3215
ENSMUSG00000034342	146
ENSMUSG00000034343	978
ENSMUSG00000034345	1351
ENSMUSG00000034349	307
ENSMUSG00000034353	141
ENSMUSG00000034354	901
ENSMUSG00000034359	0
ENSMUSG00000034361	407
ENSMUSG00000034362	0
ENSMUSG00000034371	11323
ENSMUSG00000034377	54
ENSMUSG00000034379	62
ENSMUSG00000034382	675
ENSMUSG00000034384	0
ENSMUSG00000034387	1
ENSMUSG00000034390	128
ENSMUSG00000034391	1
ENSMUSG00000034394	11
ENSMUSG00000034401	65
ENSMUSG00000034402	0
ENSMUSG00000034403	1591
ENSMUSG00000034412	729
ENSMUSG00000034413	22
ENSMUSG00000034416	0
ENSMUSG00000034422	1197
ENSMUSG00000034424	1222
ENSMUSG00000034427	28
ENSMUSG00000034429	2657
ENSMUSG00000034430	363
ENSMUSG00000034432	839
ENSMUSG00000034435	1039
ENSMUSG00000034437	4
ENSMUSG00000034438	258
ENSMUSG00000034442	231
ENSMUSG00000034445	97
ENSMUSG00000034449	628
ENSMUSG00000034450	7120
ENSMUSG00000034452	0
ENSMUSG00000034453	297
ENSMUSG00000034456	16667
ENSMUSG00000034457	33
ENSMUSG00000034459	259
ENSMUSG00000034460	0
ENSMUSG00000034462	606
ENSMUSG00000034463	59
ENSMUSG00000034467	0
ENSMUSG00000034471	758
ENSMUSG00000034472	2
ENSMUSG00000034473	433
ENSMUSG00000034480	320
ENSMUSG00000034482	0
ENSMUSG00000034484	1043
ENSMUSG00000034485	232
ENSMUSG00000034486	0
ENSMUSG00000034487	295
ENSMUSG00000034488	0
ENSMUSG00000034493	0
ENSMUSG00000034501	278
ENSMUSG00000034509	229
ENSMUSG00000034518	203
ENSMUSG00000034520	11
ENSMUSG00000034522	1271
ENSMUSG00000034525	988
ENSMUSG00000034528	11687
ENSMUSG00000034532	0
ENSMUSG00000034533	5
ENSMUSG00000034538	26
ENSMUSG00000034543	1351
ENSMUSG00000034544	435
ENSMUSG00000034551	10
ENSMUSG00000034552	0
ENSMUSG00000034555	0
ENSMUSG00000034557	419
ENSMUSG00000034560	487
ENSMUSG00000034563	322
ENSMUSG00000034566	1476
ENSMUSG00000034570	0
ENSMUSG00000034573	36
ENSMUSG00000034574	1098
ENSMUSG00000034575	722
ENSMUSG00000034579	3
ENSMUSG00000034583	0
ENSMUSG00000034584	177
ENSMUSG00000034586	116
ENSMUSG00000034587	16
ENSMUSG00000034591	1335
ENSMUSG00000034593	56
ENSMUSG00000034595	187
ENSMUSG00000034601	96
ENSMUSG00000034602	1908
ENSMUSG00000034607	0
ENSMUSG00000034610	359
ENSMUSG00000034612	13
ENSMUSG00000034613	81
ENSMUSG00000034614	14
ENSMUSG00000034616	486
ENSMUSG00000034617	172
ENSMUSG00000034620	384
ENSMUSG00000034621	1045
ENSMUSG00000034623	0
ENSMUSG00000034634	60
ENSMUSG00000034636	724
ENSMUSG00000034639	96
ENSMUSG00000034640	197
ENSMUSG00000034641	200
ENSMUSG00000034645	20
ENSMUSG00000034647	211
ENSMUSG00000034648	7
ENSMUSG00000034652	115
ENSMUSG00000034653	230
ENSMUSG00000034656	27
ENSMUSG00000034659	599
ENSMUSG00000034660	0
ENSMUSG00000034663	222
ENSMUSG00000034664	137
ENSMUSG00000034667	1189
ENSMUSG00000034673	506
ENSMUSG00000034674	1
ENSMUSG00000034675	62
ENSMUSG00000034677	0
ENSMUSG00000034681	82
ENSMUSG00000034683	0
ENSMUSG00000034684	223
ENSMUSG00000034685	15
ENSMUSG00000034686	0
ENSMUSG00000034687	108
ENSMUSG00000034689	0
ENSMUSG00000034690	0
ENSMUSG00000034701	0
ENSMUSG00000034706	0
ENSMUSG00000034707	3967
ENSMUSG00000034708	5108
ENSMUSG00000034709	663
ENSMUSG00000034714	1760
ENSMUSG00000034723	427
ENSMUSG00000034724	978
ENSMUSG00000034729	262
ENSMUSG00000034730	0
ENSMUSG00000034731	17
ENSMUSG00000034732	0
ENSMUSG00000034738	534
ENSMUSG00000034739	1
ENSMUSG00000034744	364
ENSMUSG00000034748	189
ENSMUSG00000034751	132
ENSMUSG00000034755	16
ENSMUSG00000034757	731
ENSMUSG00000034758	60
ENSMUSG00000034761	663
ENSMUSG00000034762	0
ENSMUSG00000034764	1
ENSMUSG00000034765	34
ENSMUSG00000034768	7
ENSMUSG00000034771	961
ENSMUSG00000034773	2
ENSMUSG00000034774	316
ENSMUSG00000034777	0
ENSMUSG00000034780	418
ENSMUSG00000034781	1374
ENSMUSG00000034783	275
ENSMUSG00000034785	1732
ENSMUSG00000034786	103
ENSMUSG00000034789	1375
ENSMUSG00000034792	17
ENSMUSG00000034793	406
ENSMUSG00000034795	141
ENSMUSG00000034796	6
ENSMUSG00000034799	19
ENSMUSG00000034800	290
ENSMUSG00000034801	376
ENSMUSG00000034807	1828
ENSMUSG00000034810	10
ENSMUSG00000034813	6
ENSMUSG00000034818	0
ENSMUSG00000034820	1747
ENSMUSG00000034825	1
ENSMUSG00000034826	316
ENSMUSG00000034829	0
ENSMUSG00000034832	500
ENSMUSG00000034833	14
ENSMUSG00000034837	381
ENSMUSG00000034839	7
ENSMUSG00000034842	56
ENSMUSG00000034845	1015
ENSMUSG00000034848	93
ENSMUSG00000034850	1229
ENSMUSG00000034853	446
ENSMUSG00000034854	193
ENSMUSG00000034855	104
ENSMUSG00000034858	3030
ENSMUSG00000034863	132
ENSMUSG00000034867	1053
ENSMUSG00000034868	934
ENSMUSG00000034871	0
ENSMUSG00000034872	19
ENSMUSG00000034875	1544
ENSMUSG00000034880	764
ENSMUSG00000034881	23
ENSMUSG00000034883	1
ENSMUSG00000034889	421
ENSMUSG00000034891	0
ENSMUSG00000034892	0
ENSMUSG00000034893	765
ENSMUSG00000034898	15
ENSMUSG00000034902	1062
ENSMUSG00000034903	1181
ENSMUSG00000034906	18
ENSMUSG00000034908	4006
ENSMUSG00000034910	3
ENSMUSG00000034911	838
ENSMUSG00000034912	0
ENSMUSG00000034913	0
ENSMUSG00000034917	549
ENSMUSG00000034918	3
ENSMUSG00000034919	0
ENSMUSG00000034923	1
ENSMUSG00000034926	16454
ENSMUSG00000034928	1231
ENSMUSG00000034930	487
ENSMUSG00000034931	454
ENSMUSG00000034932	727
ENSMUSG00000034936	3262
ENSMUSG00000034940	616
ENSMUSG00000034947	584
ENSMUSG00000034949	2
ENSMUSG00000034951	494
ENSMUSG00000034957	8044
ENSMUSG00000034958	1
ENSMUSG00000034959	28
ENSMUSG00000034968	7
ENSMUSG00000034973	483
ENSMUSG00000034974	356
ENSMUSG00000034981	4
ENSMUSG00000034987	10
ENSMUSG00000034990	2
ENSMUSG00000034993	838
ENSMUSG00000034994	12700
ENSMUSG00000034997	0
ENSMUSG00000034998	202
ENSMUSG00000035000	3373
ENSMUSG00000035004	169
ENSMUSG00000035007	437
ENSMUSG00000035011	484
ENSMUSG00000035020	1
ENSMUSG00000035021	245
ENSMUSG00000035024	758
ENSMUSG00000035027	2806
ENSMUSG00000035031	27069
ENSMUSG00000035032	0
ENSMUSG00000035033	0
ENSMUSG00000035041	5801
ENSMUSG00000035042	88
ENSMUSG00000035045	0
ENSMUSG00000035047	511
ENSMUSG00000035048	1465
ENSMUSG00000035049	214
ENSMUSG00000035051	592
ENSMUSG00000035057	0
ENSMUSG00000035062	43
ENSMUSG00000035064	323
ENSMUSG00000035067	0
ENSMUSG00000035069	405
ENSMUSG00000035078	110
ENSMUSG00000035085	0
ENSMUSG00000035086	2129
ENSMUSG00000035093	1945
ENSMUSG00000035095	30
ENSMUSG00000035104	5377
ENSMUSG00000035105	343
ENSMUSG00000035107	107
ENSMUSG00000035109	6
ENSMUSG00000035112	65
ENSMUSG00000035121	45
ENSMUSG00000035125	397
ENSMUSG00000035126	20
ENSMUSG00000035129	47
ENSMUSG00000035131	0
ENSMUSG00000035133	1316
ENSMUSG00000035139	756
ENSMUSG00000035142	46
ENSMUSG00000035148	1
ENSMUSG00000035150	9
ENSMUSG00000035151	438
ENSMUSG00000035152	1444
ENSMUSG00000035158	124
ENSMUSG00000035161	634
ENSMUSG00000035164	85
ENSMUSG00000035165	55
ENSMUSG00000035168	391
ENSMUSG00000035171	434
ENSMUSG00000035172	300
ENSMUSG00000035173	303
ENSMUSG00000035177	0
ENSMUSG00000035179	4
ENSMUSG00000035181	319
ENSMUSG00000035183	33
ENSMUSG00000035184	282
ENSMUSG00000035186	56
ENSMUSG00000035187	0
ENSMUSG00000035189	0
ENSMUSG00000035191	0
ENSMUSG00000035198	653
ENSMUSG00000035199	837
ENSMUSG00000035200	0
ENSMUSG00000035201	0
ENSMUSG00000035202	3082
ENSMUSG00000035203	2832
ENSMUSG00000035206	679
ENSMUSG00000035208	87
ENSMUSG00000035211	6
ENSMUSG00000035212	169
ENSMUSG00000035215	37
ENSMUSG00000035226	10
ENSMUSG00000035227	3394
ENSMUSG00000035228	11
ENSMUSG00000035232	7
ENSMUSG00000035234	224
ENSMUSG00000035235	33
ENSMUSG00000035236	163
ENSMUSG00000035237	9332
ENSMUSG00000035238	0
ENSMUSG00000035239	47
ENSMUSG00000035242	66
ENSMUSG00000035245	270
ENSMUSG00000035246	6
ENSMUSG00000035247	2492
ENSMUSG00000035248	1973
ENSMUSG00000035258	170
ENSMUSG00000035262	0
ENSMUSG00000035266	130
ENSMUSG00000035268	411
ENSMUSG00000035270	148
ENSMUSG00000035273	191
ENSMUSG00000035274	0
ENSMUSG00000035275	8
ENSMUSG00000035277	0
ENSMUSG00000035278	635
ENSMUSG00000035279	44
ENSMUSG00000035283	15
ENSMUSG00000035284	334
ENSMUSG00000035285	14
ENSMUSG00000035293	308
ENSMUSG00000035295	2
ENSMUSG00000035296	1
ENSMUSG00000035297	1003
ENSMUSG00000035298	9
ENSMUSG00000035299	14
ENSMUSG00000035305	119
ENSMUSG00000035310	205
ENSMUSG00000035311	375
ENSMUSG00000035314	30
ENSMUSG00000035325	4162
ENSMUSG00000035329	241
ENSMUSG00000035337	92
ENSMUSG00000035342	339
ENSMUSG00000035351	106
ENSMUSG00000035352	6
ENSMUSG00000035354	787
ENSMUSG00000035355	0
ENSMUSG00000035356	686
ENSMUSG00000035357	121
ENSMUSG00000035364	2
ENSMUSG00000035365	4
ENSMUSG00000035367	176
ENSMUSG00000035370	27
ENSMUSG00000035371	0
ENSMUSG00000035372	1805
ENSMUSG00000035373	12
ENSMUSG00000035376	486
ENSMUSG00000035378	127
ENSMUSG00000035382	1323
ENSMUSG00000035383	0
ENSMUSG00000035385	39
ENSMUSG00000035387	0
ENSMUSG00000035390	10
ENSMUSG00000035392	675
ENSMUSG00000035394	5
ENSMUSG00000035395	0
ENSMUSG00000035397	143
ENSMUSG00000035399	1
ENSMUSG00000035401	548
ENSMUSG00000035403	0
ENSMUSG00000035407	0
ENSMUSG00000035413	244
ENSMUSG00000035420	0
ENSMUSG00000035427	0
ENSMUSG00000035429	1
ENSMUSG00000035431	0
ENSMUSG00000035435	0
ENSMUSG00000035437	543
ENSMUSG00000035439	116
ENSMUSG00000035441	255
ENSMUSG00000035443	529
ENSMUSG00000035448	5
ENSMUSG00000035451	321
ENSMUSG00000035454	0
ENSMUSG00000035455	13
ENSMUSG00000035456	0
ENSMUSG00000035458	7
ENSMUSG00000035459	2059
ENSMUSG00000035469	1663
ENSMUSG00000035472	368
ENSMUSG00000035473	3631
ENSMUSG00000035476	281
ENSMUSG00000035478	1705
ENSMUSG00000035486	51
ENSMUSG00000035491	0
ENSMUSG00000035493	1397
ENSMUSG00000035495	549
ENSMUSG00000035498	90
ENSMUSG00000035504	17482
ENSMUSG00000035505	277
ENSMUSG00000035506	5
ENSMUSG00000035509	42
ENSMUSG00000035513	39
ENSMUSG00000035517	800
ENSMUSG00000035521	793
ENSMUSG00000035522	0
ENSMUSG00000035523	0
ENSMUSG00000035528	0
ENSMUSG00000035529	254
ENSMUSG00000035530	1175
ENSMUSG00000035539	0
ENSMUSG00000035540	145753
ENSMUSG00000035545	2079
ENSMUSG00000035547	93
ENSMUSG00000035551	1
ENSMUSG00000035557	0
ENSMUSG00000035559	397
ENSMUSG00000035560	0
ENSMUSG00000035561	1247
ENSMUSG00000035566	54
ENSMUSG00000035569	1651
ENSMUSG00000035572	531
ENSMUSG00000035575	606
ENSMUSG00000035576	0
ENSMUSG00000035578	39
ENSMUSG00000035580	0
ENSMUSG00000035582	0
ENSMUSG00000035585	76
ENSMUSG00000035592	0
ENSMUSG00000035594	0
ENSMUSG00000035595	117
ENSMUSG00000035596	896
ENSMUSG00000035597	1607
ENSMUSG00000035601	102
ENSMUSG00000035606	2
ENSMUSG00000035614	389
ENSMUSG00000035615	0
ENSMUSG00000035620	306
ENSMUSG00000035621	804
ENSMUSG00000035623	397
ENSMUSG00000035626	0
ENSMUSG00000035629	556
ENSMUSG00000035632	402
ENSMUSG00000035637	5527
ENSMUSG00000035638	0
ENSMUSG00000035640	79
ENSMUSG00000035642	675
ENSMUSG00000035649	1455
ENSMUSG00000035651	0
ENSMUSG00000035653	0
ENSMUSG00000035666	405
ENSMUSG00000035671	276
ENSMUSG00000035673	1199
ENSMUSG00000035674	2860
ENSMUSG00000035678	2
ENSMUSG00000035681	0
ENSMUSG00000035683	2
ENSMUSG00000035686	28287
ENSMUSG00000035692	459
ENSMUSG00000035694	0
ENSMUSG00000035696	532
ENSMUSG00000035697	1010
ENSMUSG00000035699	0
ENSMUSG00000035704	239
ENSMUSG00000035711	146
ENSMUSG00000035713	187
ENSMUSG00000035722	357
ENSMUSG00000035725	71
ENSMUSG00000035726	866
ENSMUSG00000035735	94
ENSMUSG00000035745	6
ENSMUSG00000035754	1492
ENSMUSG00000035757	2675
ENSMUSG00000035759	102
ENSMUSG00000035762	475
ENSMUSG00000035764	241
ENSMUSG00000035765	731
ENSMUSG00000035769	8245
ENSMUSG00000035770	863
ENSMUSG00000035772	1047
ENSMUSG00000035773	3
ENSMUSG00000035775	0
ENSMUSG00000035776	705
ENSMUSG00000035778	137
ENSMUSG00000035780	4680
ENSMUSG00000035781	1228
ENSMUSG00000035783	124
ENSMUSG00000035785	0
ENSMUSG00000035790	101
ENSMUSG00000035798	497
ENSMUSG00000035799	12
ENSMUSG00000035804	0
ENSMUSG00000035805	0
ENSMUSG00000035811	3183
ENSMUSG00000035818	13
ENSMUSG00000035824	823
ENSMUSG00000035828	2993
ENSMUSG00000035829	19
ENSMUSG00000035831	0
ENSMUSG00000035834	284
ENSMUSG00000035835	15
ENSMUSG00000035836	12036
ENSMUSG00000035840	745
ENSMUSG00000035842	351
ENSMUSG00000035845	465
ENSMUSG00000035847	430
ENSMUSG00000035849	0
ENSMUSG00000035851	889
ENSMUSG00000035852	11
ENSMUSG00000035860	0
ENSMUSG00000035861	0
ENSMUSG00000035863	83
ENSMUSG00000035864	282
ENSMUSG00000035868	127
ENSMUSG00000035873	122
ENSMUSG00000035875	3315
ENSMUSG00000035877	1636
ENSMUSG00000035878	1874
ENSMUSG00000035885	4344
ENSMUSG00000035890	653
ENSMUSG00000035891	254
ENSMUSG00000035896	0
ENSMUSG00000035898	145
ENSMUSG00000035900	178
ENSMUSG00000035901	885
ENSMUSG00000035910	73
ENSMUSG00000035914	117
ENSMUSG00000035916	0
ENSMUSG00000035919	92
ENSMUSG00000035923	0
ENSMUSG00000035929	1102
ENSMUSG00000035930	5
ENSMUSG00000035932	0
ENSMUSG00000035933	54
ENSMUSG00000035934	23
ENSMUSG00000035936	1523
ENSMUSG00000035941	1330
ENSMUSG00000035944	1928
ENSMUSG00000035946	0
ENSMUSG00000035948	463
ENSMUSG00000035949	1012
ENSMUSG00000035951	1
ENSMUSG00000035953	568
ENSMUSG00000035954	704
ENSMUSG00000035958	942
ENSMUSG00000035960	613
ENSMUSG00000035963	0
ENSMUSG00000035964	0
ENSMUSG00000035967	570
ENSMUSG00000035969	598
ENSMUSG00000035983	6
ENSMUSG00000035984	2
ENSMUSG00000035992	1010
ENSMUSG00000036002	473
ENSMUSG00000036006	56
ENSMUSG00000036009	76
ENSMUSG00000036013	0
ENSMUSG00000036019	123
ENSMUSG00000036022	59
ENSMUSG00000036023	421
ENSMUSG00000036026	1643
ENSMUSG00000036027	70
ENSMUSG00000036030	8
ENSMUSG00000036036	61
ENSMUSG00000036040	475
ENSMUSG00000036045	0
ENSMUSG00000036046	944
ENSMUSG00000036052	187
ENSMUSG00000036053	338
ENSMUSG00000036054	339
ENSMUSG00000036057	674
ENSMUSG00000036061	152
ENSMUSG00000036062	87
ENSMUSG00000036067	39
ENSMUSG00000036073	1487
ENSMUSG00000036078	3504
ENSMUSG00000036083	3171
ENSMUSG00000036086	115
ENSMUSG00000036087	891
ENSMUSG00000036091	16
ENSMUSG00000036093	531
ENSMUSG00000036095	1
ENSMUSG00000036097	581
ENSMUSG00000036098	1178
ENSMUSG00000036099	597
ENSMUSG00000036103	648
ENSMUSG00000036104	719
ENSMUSG00000036106	119
ENSMUSG00000036109	3
ENSMUSG00000036110	4956
ENSMUSG00000036111	0
ENSMUSG00000036112	645
ENSMUSG00000036114	505
ENSMUSG00000036117	0
ENSMUSG00000036120	776
ENSMUSG00000036123	4
ENSMUSG00000036131	0
ENSMUSG00000036136	20
ENSMUSG00000036138	2128
ENSMUSG00000036139	0
ENSMUSG00000036144	0
ENSMUSG00000036151	1021
ENSMUSG00000036155	351
ENSMUSG00000036158	150
ENSMUSG00000036160	311
ENSMUSG00000036162	0
ENSMUSG00000036167	337
ENSMUSG00000036168	2
ENSMUSG00000036169	2
ENSMUSG00000036172	1
ENSMUSG00000036180	1389
ENSMUSG00000036181	1204
ENSMUSG00000036185	0
ENSMUSG00000036186	5
ENSMUSG00000036188	295
ENSMUSG00000036192	0
ENSMUSG00000036196	5
ENSMUSG00000036197	307
ENSMUSG00000036198	2
ENSMUSG00000036199	3311
ENSMUSG00000036202	373
ENSMUSG00000036206	51
ENSMUSG00000036208	149
ENSMUSG00000036211	0
ENSMUSG00000036214	275
ENSMUSG00000036216	2219
ENSMUSG00000036218	0
ENSMUSG00000036223	1
ENSMUSG00000036225	23
ENSMUSG00000036231	0
ENSMUSG00000036241	1985
ENSMUSG00000036242	2
ENSMUSG00000036244	0
ENSMUSG00000036246	413
ENSMUSG00000036249	181
ENSMUSG00000036251	6
ENSMUSG00000036256	2432
ENSMUSG00000036257	2524
ENSMUSG00000036264	1
ENSMUSG00000036270	1403
ENSMUSG00000036273	71
ENSMUSG00000036275	3435
ENSMUSG00000036278	813
ENSMUSG00000036281	821
ENSMUSG00000036282	780
ENSMUSG00000036285	187
ENSMUSG00000036291	258
ENSMUSG00000036292	2767
ENSMUSG00000036295	17
ENSMUSG00000036298	11
ENSMUSG00000036299	962
ENSMUSG00000036304	6
ENSMUSG00000036305	0
ENSMUSG00000036306	5
ENSMUSG00000036309	2266
ENSMUSG00000036315	372
ENSMUSG00000036322	0
ENSMUSG00000036323	2585
ENSMUSG00000036327	158
ENSMUSG00000036330	79
ENSMUSG00000036333	1514
ENSMUSG00000036334	35
ENSMUSG00000036339	572
ENSMUSG00000036352	625
ENSMUSG00000036353	79
ENSMUSG00000036356	12
ENSMUSG00000036357	0
ENSMUSG00000036362	138
ENSMUSG00000036368	729
ENSMUSG00000036371	2666
ENSMUSG00000036372	825
ENSMUSG00000036376	421
ENSMUSG00000036377	0
ENSMUSG00000036381	27
ENSMUSG00000036390	772
ENSMUSG00000036391	3404
ENSMUSG00000036395	1
ENSMUSG00000036398	948
ENSMUSG00000036401	0
ENSMUSG00000036402	1368
ENSMUSG00000036403	139
ENSMUSG00000036411	2
ENSMUSG00000036412	0
ENSMUSG00000036422	0
ENSMUSG00000036427	640
ENSMUSG00000036430	197
ENSMUSG00000036432	747
ENSMUSG00000036435	486
ENSMUSG00000036437	8
ENSMUSG00000036438	770
ENSMUSG00000036442	449
ENSMUSG00000036446	167
ENSMUSG00000036449	6
ENSMUSG00000036450	534
ENSMUSG00000036452	635
ENSMUSG00000036459	76
ENSMUSG00000036461	497
ENSMUSG00000036463	0
ENSMUSG00000036466	1
ENSMUSG00000036469	62
ENSMUSG00000036473	946
ENSMUSG00000036478	434
ENSMUSG00000036480	0
ENSMUSG00000036492	148
ENSMUSG00000036499	1355
ENSMUSG00000036500	0
ENSMUSG00000036501	535
ENSMUSG00000036502	3
ENSMUSG00000036503	3765
ENSMUSG00000036504	635
ENSMUSG00000036510	0
ENSMUSG00000036513	338
ENSMUSG00000036521	0
ENSMUSG00000036523	0
ENSMUSG00000036526	30
ENSMUSG00000036528	879
ENSMUSG00000036529	1689
ENSMUSG00000036533	31
ENSMUSG00000036534	797
ENSMUSG00000036537	35
ENSMUSG00000036545	127
ENSMUSG00000036550	755
ENSMUSG00000036551	0
ENSMUSG00000036552	470
ENSMUSG00000036553	448
ENSMUSG00000036555	173
ENSMUSG00000036557	0
ENSMUSG00000036560	16
ENSMUSG00000036561	357
ENSMUSG00000036564	4
ENSMUSG00000036565	330
ENSMUSG00000036568	654
ENSMUSG00000036570	8147
ENSMUSG00000036572	674
ENSMUSG00000036574	0
ENSMUSG00000036578	14
ENSMUSG00000036580	732
ENSMUSG00000036585	2063
ENSMUSG00000036586	2
ENSMUSG00000036587	1
ENSMUSG00000036591	821
ENSMUSG00000036594	1673
ENSMUSG00000036596	27
ENSMUSG00000036598	0
ENSMUSG00000036599	40
ENSMUSG00000036602	0
ENSMUSG00000036606	3655
ENSMUSG00000036611	698
ENSMUSG00000036613	311
ENSMUSG00000036615	297
ENSMUSG00000036617	246
ENSMUSG00000036620	941
ENSMUSG00000036622	675
ENSMUSG00000036632	1174
ENSMUSG00000036634	20
ENSMUSG00000036636	1126
ENSMUSG00000036639	749
ENSMUSG00000036641	79
ENSMUSG00000036644	1233
ENSMUSG00000036646	946
ENSMUSG00000036647	0
ENSMUSG00000036655	1068
ENSMUSG00000036658	0
ENSMUSG00000036661	274
ENSMUSG00000036667	101
ENSMUSG00000036672	89
ENSMUSG00000036676	208
ENSMUSG00000036678	341
ENSMUSG00000036686	354
ENSMUSG00000036687	353
ENSMUSG00000036693	495
ENSMUSG00000036698	432
ENSMUSG00000036699	3
ENSMUSG00000036707	1075
ENSMUSG00000036712	492
ENSMUSG00000036718	101
ENSMUSG00000036721	272
ENSMUSG00000036731	0
ENSMUSG00000036733	0
ENSMUSG00000036737	792
ENSMUSG00000036743	19
ENSMUSG00000036744	19
ENSMUSG00000036745	47
ENSMUSG00000036748	570
ENSMUSG00000036749	0
ENSMUSG00000036751	5538
ENSMUSG00000036752	663
ENSMUSG00000036760	0
ENSMUSG00000036764	367
ENSMUSG00000036766	2
ENSMUSG00000036768	19
ENSMUSG00000036769	107
ENSMUSG00000036770	0
ENSMUSG00000036775	3394
ENSMUSG00000036777	34
ENSMUSG00000036779	1074
ENSMUSG00000036781	1863
ENSMUSG00000036782	159
ENSMUSG00000036790	0
ENSMUSG00000036792	295
ENSMUSG00000036800	0
ENSMUSG00000036805	4
ENSMUSG00000036810	641
ENSMUSG00000036813	5760
ENSMUSG00000036814	0
ENSMUSG00000036815	0
ENSMUSG00000036816	0
ENSMUSG00000036817	567
ENSMUSG00000036819	229
ENSMUSG00000036820	655
ENSMUSG00000036822	676
ENSMUSG00000036825	210
ENSMUSG00000036826	8
ENSMUSG00000036832	0
ENSMUSG00000036833	4258
ENSMUSG00000036834	1
ENSMUSG00000036835	29
ENSMUSG00000036840	161
ENSMUSG00000036845	208
ENSMUSG00000036850	454
ENSMUSG00000036853	0
ENSMUSG00000036854	735
ENSMUSG00000036855	0
ENSMUSG00000036856	95
ENSMUSG00000036858	1
ENSMUSG00000036860	752
ENSMUSG00000036862	157
ENSMUSG00000036863	125
ENSMUSG00000036864	188
ENSMUSG00000036867	173
ENSMUSG00000036872	3
ENSMUSG00000036873	202
ENSMUSG00000036875	412
ENSMUSG00000036879	571
ENSMUSG00000036880	25199
ENSMUSG00000036882	57
ENSMUSG00000036885	809
ENSMUSG00000036887	1893
ENSMUSG00000036890	167
ENSMUSG00000036892	8986
ENSMUSG00000036893	1326
ENSMUSG00000036894	94
ENSMUSG00000036896	1831
ENSMUSG00000036898	261
ENSMUSG00000036899	0
ENSMUSG00000036902	4
ENSMUSG00000036904	461
ENSMUSG00000036905	1982
ENSMUSG00000036907	0
ENSMUSG00000036908	1373
ENSMUSG00000036912	0
ENSMUSG00000036913	0
ENSMUSG00000036915	0
ENSMUSG00000036916	667
ENSMUSG00000036918	1374
ENSMUSG00000036921	0
ENSMUSG00000036923	5
ENSMUSG00000036924	0
ENSMUSG00000036925	0
ENSMUSG00000036928	2
ENSMUSG00000036931	41
ENSMUSG00000036932	1905
ENSMUSG00000036934	155
ENSMUSG00000036938	0
ENSMUSG00000036940	478
ENSMUSG00000036941	321
ENSMUSG00000036943	142
ENSMUSG00000036944	94
ENSMUSG00000036948	872
ENSMUSG00000036949	1
ENSMUSG00000036951	0
ENSMUSG00000036955	325
ENSMUSG00000036957	86
ENSMUSG00000036958	0
ENSMUSG00000036959	238
ENSMUSG00000036960	1
ENSMUSG00000036961	0
ENSMUSG00000036962	0
ENSMUSG00000036964	1
ENSMUSG00000036966	390
ENSMUSG00000036968	176
ENSMUSG00000036972	0
ENSMUSG00000036975	218
ENSMUSG00000036977	29
ENSMUSG00000036980	306
ENSMUSG00000036983	168
ENSMUSG00000036985	2114
ENSMUSG00000036986	743
ENSMUSG00000036989	479
ENSMUSG00000036990	1149
ENSMUSG00000036992	230
ENSMUSG00000036995	626
ENSMUSG00000037001	235
ENSMUSG00000037003	3464
ENSMUSG00000037005	0
ENSMUSG00000037007	160
ENSMUSG00000037010	1
ENSMUSG00000037012	127
ENSMUSG00000037013	249
ENSMUSG00000037014	0
ENSMUSG00000037016	1
ENSMUSG00000037017	436
ENSMUSG00000037020	153
ENSMUSG00000037022	451
ENSMUSG00000037025	776
ENSMUSG00000037028	0
ENSMUSG00000037029	477
ENSMUSG00000037031	134
ENSMUSG00000037032	9
ENSMUSG00000037033	0
ENSMUSG00000037034	0
ENSMUSG00000037035	54
ENSMUSG00000037049	1106
ENSMUSG00000037053	46287
ENSMUSG00000037058	2474
ENSMUSG00000037060	29
ENSMUSG00000037062	1754
ENSMUSG00000037064	0
ENSMUSG00000037070	1
ENSMUSG00000037071	271284
ENSMUSG00000037072	5950
ENSMUSG00000037075	883
ENSMUSG00000037085	117
ENSMUSG00000037086	0
ENSMUSG00000037089	1107
ENSMUSG00000037095	11740
ENSMUSG00000037096	29
ENSMUSG00000037098	876
ENSMUSG00000037101	0
ENSMUSG00000037103	290
ENSMUSG00000037104	200
ENSMUSG00000037106	1
ENSMUSG00000037108	85
ENSMUSG00000037110	828
ENSMUSG00000037111	145
ENSMUSG00000037112	129
ENSMUSG00000037119	2172
ENSMUSG00000037124	0
ENSMUSG00000037126	30
ENSMUSG00000037129	0
ENSMUSG00000037130	0
ENSMUSG00000037134	366
ENSMUSG00000037138	11
ENSMUSG00000037139	3
ENSMUSG00000037140	0
ENSMUSG00000037143	0
ENSMUSG00000037145	2
ENSMUSG00000037148	56
ENSMUSG00000037149	1563
ENSMUSG00000037151	131
ENSMUSG00000037152	516
ENSMUSG00000037157	6
ENSMUSG00000037159	0
ENSMUSG00000037161	1
ENSMUSG00000037166	66
ENSMUSG00000037167	0
ENSMUSG00000037169	25
ENSMUSG00000037171	9
ENSMUSG00000037172	185
ENSMUSG00000037174	862
ENSMUSG00000037185	4
ENSMUSG00000037188	5
ENSMUSG00000037190	191
ENSMUSG00000037196	5
ENSMUSG00000037197	908
ENSMUSG00000037202	5
ENSMUSG00000037204	1262
ENSMUSG00000037206	114
ENSMUSG00000037210	606
ENSMUSG00000037211	138
ENSMUSG00000037214	164
ENSMUSG00000037216	176
ENSMUSG00000037217	23
ENSMUSG00000037221	1023
ENSMUSG00000037224	2
ENSMUSG00000037225	15
ENSMUSG00000037234	1429
ENSMUSG00000037235	1901
ENSMUSG00000037236	1782
ENSMUSG00000037239	59
ENSMUSG00000037242	921
ENSMUSG00000037243	627
ENSMUSG00000037246	0
ENSMUSG00000037247	0
ENSMUSG00000037251	229
ENSMUSG00000037253	213
ENSMUSG00000037254	25879
ENSMUSG00000037257	798
ENSMUSG00000037259	13
ENSMUSG00000037260	1251
ENSMUSG00000037262	345
ENSMUSG00000037263	25
ENSMUSG00000037266	7024
ENSMUSG00000037270	1254
ENSMUSG00000037275	358
ENSMUSG00000037278	191
ENSMUSG00000037279	2
ENSMUSG00000037280	79
ENSMUSG00000037286	777
ENSMUSG00000037287	2070
ENSMUSG00000037295	824
ENSMUSG00000037296	226
ENSMUSG00000037300	757
ENSMUSG00000037306	119
ENSMUSG00000037307	0
ENSMUSG00000037313	94
ENSMUSG00000037315	79
ENSMUSG00000037316	727
ENSMUSG00000037318	29
ENSMUSG00000037321	1103
ENSMUSG00000037325	105
ENSMUSG00000037326	781
ENSMUSG00000037331	1803
ENSMUSG00000037334	0
ENSMUSG00000037335	0
ENSMUSG00000037336	40
ENSMUSG00000037337	60
ENSMUSG00000037339	710
ENSMUSG00000037341	4
ENSMUSG00000037343	630
ENSMUSG00000037344	1372
ENSMUSG00000037346	0
ENSMUSG00000037347	33
ENSMUSG00000037348	1291
ENSMUSG00000037349	278
ENSMUSG00000037351	1879
ENSMUSG00000037353	1121
ENSMUSG00000037355	499
ENSMUSG00000037358	0
ENSMUSG00000037361	993
ENSMUSG00000037362	15
ENSMUSG00000037363	113
ENSMUSG00000037364	2264
ENSMUSG00000037366	2544
ENSMUSG00000037369	435
ENSMUSG00000037370	1001
ENSMUSG00000037373	1261
ENSMUSG00000037375	25
ENSMUSG00000037376	364
ENSMUSG00000037379	309
ENSMUSG00000037386	0
ENSMUSG00000037390	1
ENSMUSG00000037393	0
ENSMUSG00000037395	433
ENSMUSG00000037400	1032
ENSMUSG00000037405	441
ENSMUSG00000037406	6
ENSMUSG00000037408	111
ENSMUSG00000037410	1426
ENSMUSG00000037411	68
ENSMUSG00000037415	3417
ENSMUSG00000037416	588
ENSMUSG00000037418	0
ENSMUSG00000037419	112
ENSMUSG00000037424	0
ENSMUSG00000037426	277
ENSMUSG00000037428	0
ENSMUSG00000037432	0
ENSMUSG00000037434	983
ENSMUSG00000037437	4
ENSMUSG00000037438	454
ENSMUSG00000037440	1709
ENSMUSG00000037443	2249
ENSMUSG00000037446	0
ENSMUSG00000037447	72
ENSMUSG00000037451	0
ENSMUSG00000037455	116
ENSMUSG00000037458	2530
ENSMUSG00000037461	888
ENSMUSG00000037463	5
ENSMUSG00000037465	1750
ENSMUSG00000037466	3
ENSMUSG00000037469	0
ENSMUSG00000037470	2502
ENSMUSG00000037474	22
ENSMUSG00000037475	1078
ENSMUSG00000037477	1
ENSMUSG00000037482	0
ENSMUSG00000037486	777
ENSMUSG00000037487	2164
ENSMUSG00000037490	4
ENSMUSG00000037492	0
ENSMUSG00000037493	136
ENSMUSG00000037499	394
ENSMUSG00000037503	1117
ENSMUSG00000037509	6
ENSMUSG00000037514	627
ENSMUSG00000037519	622
ENSMUSG00000037523	2372
ENSMUSG00000037525	91
ENSMUSG00000037526	573
ENSMUSG00000037529	0
ENSMUSG00000037531	315
ENSMUSG00000037533	412
ENSMUSG00000037535	0
ENSMUSG00000037536	264
ENSMUSG00000037537	0
ENSMUSG00000037541	561
ENSMUSG00000037542	9294
ENSMUSG00000037544	8
ENSMUSG00000037548	21
ENSMUSG00000037552	408
ENSMUSG00000037553	784
ENSMUSG00000037563	9
ENSMUSG00000037568	3
ENSMUSG00000037570	1
ENSMUSG00000037572	117
ENSMUSG00000037573	4345
ENSMUSG00000037577	13
ENSMUSG00000037578	0
ENSMUSG00000037579	4
ENSMUSG00000037580	4194
ENSMUSG00000037583	1413
ENSMUSG00000037593	1
ENSMUSG00000037594	16
ENSMUSG00000037600	153
ENSMUSG00000037601	1562
ENSMUSG00000037603	0
ENSMUSG00000037605	0
ENSMUSG00000037606	91
ENSMUSG00000037608	1787
ENSMUSG00000037610	0
ENSMUSG00000037613	5
ENSMUSG00000037617	92
ENSMUSG00000037621	512
ENSMUSG00000037622	1671
ENSMUSG00000037624	0
ENSMUSG00000037625	2
ENSMUSG00000037627	0
ENSMUSG00000037628	4
ENSMUSG00000037636	0
ENSMUSG00000037638	141
ENSMUSG00000037640	224
ENSMUSG00000037643	431
ENSMUSG00000037646	720
ENSMUSG00000037649	141
ENSMUSG00000037652	957
ENSMUSG00000037653	0
ENSMUSG00000037656	1638
ENSMUSG00000037660	0
ENSMUSG00000037661	22
ENSMUSG00000037664	68
ENSMUSG00000037669	1079
ENSMUSG00000037674	717
ENSMUSG00000037679	590
ENSMUSG00000037681	0
ENSMUSG00000037683	3
ENSMUSG00000037685	419
ENSMUSG00000037686	13412
ENSMUSG00000037689	0
ENSMUSG00000037692	220
ENSMUSG00000037697	911
ENSMUSG00000037703	697
ENSMUSG00000037705	0
ENSMUSG00000037706	7984
ENSMUSG00000037708	0
ENSMUSG00000037709	859
ENSMUSG00000037710	3358
ENSMUSG00000037712	3336
ENSMUSG00000037716	0
ENSMUSG00000037720	1526
ENSMUSG00000037722	599
ENSMUSG00000037725	15
ENSMUSG00000037727	0
ENSMUSG00000037730	317
ENSMUSG00000037731	280
ENSMUSG00000037735	0
ENSMUSG00000037736	18
ENSMUSG00000037737	0
ENSMUSG00000037738	16
ENSMUSG00000037740	440
ENSMUSG00000037742	4887
ENSMUSG00000037747	0
ENSMUSG00000037750	434
ENSMUSG00000037752	125
ENSMUSG00000037754	79
ENSMUSG00000037759	28
ENSMUSG00000037761	232
ENSMUSG00000037762	128
ENSMUSG00000037771	0
ENSMUSG00000037772	2
ENSMUSG00000037773	601
ENSMUSG00000037780	4670
ENSMUSG00000037784	36
ENSMUSG00000037787	599
ENSMUSG00000037788	96
ENSMUSG00000037790	0
ENSMUSG00000037791	1915
ENSMUSG00000037795	728
ENSMUSG00000037797	3240
ENSMUSG00000037798	47089
ENSMUSG00000037801	1
ENSMUSG00000037805	4
ENSMUSG00000037808	411
ENSMUSG00000037813	21
ENSMUSG00000037815	2663
ENSMUSG00000037816	77
ENSMUSG00000037818	725
ENSMUSG00000037820	3504
ENSMUSG00000037822	2682
ENSMUSG00000037824	637
ENSMUSG00000037826	1570
ENSMUSG00000037827	147
ENSMUSG00000037833	2
ENSMUSG00000037843	0
ENSMUSG00000037845	244
ENSMUSG00000037846	1
ENSMUSG00000037847	1304
ENSMUSG00000037849	8
ENSMUSG00000037851	900
ENSMUSG00000037852	11
ENSMUSG00000037855	0
ENSMUSG00000037857	756
ENSMUSG00000037860	76
ENSMUSG00000037868	17
ENSMUSG00000037872	55
ENSMUSG00000037876	1384
ENSMUSG00000037884	0
ENSMUSG00000037885	392
ENSMUSG00000037887	28
ENSMUSG00000037890	96
ENSMUSG00000037892	9
ENSMUSG00000037894	28
ENSMUSG00000037896	490
ENSMUSG00000037902	870
ENSMUSG00000037904	79
ENSMUSG00000037905	827
ENSMUSG00000037907	135
ENSMUSG00000037910	0
ENSMUSG00000037913	14
ENSMUSG00000037916	3670
ENSMUSG00000037921	251
ENSMUSG00000037922	77
ENSMUSG00000037924	2
ENSMUSG00000037926	529
ENSMUSG00000037933	1076
ENSMUSG00000037935	345
ENSMUSG00000037936	2503
ENSMUSG00000037938	491
ENSMUSG00000037940	26
ENSMUSG00000037942	10232
ENSMUSG00000037944	35
ENSMUSG00000037946	69
ENSMUSG00000037949	289
ENSMUSG00000037953	19
ENSMUSG00000037957	437
ENSMUSG00000037958	244
ENSMUSG00000037960	269
ENSMUSG00000037962	11
ENSMUSG00000037965	3778
ENSMUSG00000037966	3410
ENSMUSG00000037971	1063
ENSMUSG00000037972	79
ENSMUSG00000037973	0
ENSMUSG00000037974	0
ENSMUSG00000037977	29
ENSMUSG00000037979	13
ENSMUSG00000037982	1
ENSMUSG00000037984	0
ENSMUSG00000037989	13
ENSMUSG00000037990	3
ENSMUSG00000037991	0
ENSMUSG00000037992	681
ENSMUSG00000037993	623
ENSMUSG00000037994	1
ENSMUSG00000037995	17
ENSMUSG00000037996	0
ENSMUSG00000037997	128
ENSMUSG00000037999	496
ENSMUSG00000038000	452
ENSMUSG00000038002	730
ENSMUSG00000038005	217
ENSMUSG00000038007	449
ENSMUSG00000038009	1445
ENSMUSG00000038010	42
ENSMUSG00000038011	0
ENSMUSG00000038013	368
ENSMUSG00000038014	4157
ENSMUSG00000038015	0
ENSMUSG00000038020	15
ENSMUSG00000038022	99
ENSMUSG00000038023	1120
ENSMUSG00000038024	166
ENSMUSG00000038025	554
ENSMUSG00000038026	10
ENSMUSG00000038028	357
ENSMUSG00000038034	390
ENSMUSG00000038037	13
ENSMUSG00000038039	631
ENSMUSG00000038042	54
ENSMUSG00000038044	0
ENSMUSG00000038045	0
ENSMUSG00000038046	245
ENSMUSG00000038047	180
ENSMUSG00000038048	0
ENSMUSG00000038055	679
ENSMUSG00000038056	539
ENSMUSG00000038057	6
ENSMUSG00000038058	597
ENSMUSG00000038059	14
ENSMUSG00000038060	9
ENSMUSG00000038064	0
ENSMUSG00000038065	41
ENSMUSG00000038067	0
ENSMUSG00000038068	1073
ENSMUSG00000038069	447
ENSMUSG00000038070	61
ENSMUSG00000038071	0
ENSMUSG00000038072	333
ENSMUSG00000038074	488
ENSMUSG00000038077	0
ENSMUSG00000038079	75
ENSMUSG00000038080	628
ENSMUSG00000038084	1585
ENSMUSG00000038085	15
ENSMUSG00000038086	14
ENSMUSG00000038092	3456
ENSMUSG00000038094	0
ENSMUSG00000038095	1274
ENSMUSG00000038102	980
ENSMUSG00000038112	6
ENSMUSG00000038115	2
ENSMUSG00000038116	288
ENSMUSG00000038119	51
ENSMUSG00000038121	2068
ENSMUSG00000038122	181
ENSMUSG00000038126	202
ENSMUSG00000038127	1221
ENSMUSG00000038128	3
ENSMUSG00000038132	4
ENSMUSG00000038135	256
ENSMUSG00000038141	14
ENSMUSG00000038143	47
ENSMUSG00000038145	489
ENSMUSG00000038146	40
ENSMUSG00000038147	101
ENSMUSG00000038148	1
ENSMUSG00000038150	1449
ENSMUSG00000038151	20
ENSMUSG00000038152	17
ENSMUSG00000038155	62
ENSMUSG00000038156	26
ENSMUSG00000038160	1154
ENSMUSG00000038165	0
ENSMUSG00000038167	364
ENSMUSG00000038168	48
ENSMUSG00000038170	2375
ENSMUSG00000038172	946
ENSMUSG00000038173	87
ENSMUSG00000038174	495
ENSMUSG00000038175	299
ENSMUSG00000038178	366
ENSMUSG00000038179	16
ENSMUSG00000038180	49
ENSMUSG00000038181	738
ENSMUSG00000038187	78
ENSMUSG00000038188	1106
ENSMUSG00000038192	0
ENSMUSG00000038193	128
ENSMUSG00000038195	1023
ENSMUSG00000038199	0
ENSMUSG00000038201	0
ENSMUSG00000038203	0
ENSMUSG00000038204	3
ENSMUSG00000038205	102
ENSMUSG00000038206	1433
ENSMUSG00000038208	67
ENSMUSG00000038209	0
ENSMUSG00000038210	0
ENSMUSG00000038212	877
ENSMUSG00000038213	449
ENSMUSG00000038214	161
ENSMUSG00000038215	262
ENSMUSG00000038216	0
ENSMUSG00000038217	2217
ENSMUSG00000038218	0
ENSMUSG00000038224	25514
ENSMUSG00000038225	342
ENSMUSG00000038227	0
ENSMUSG00000038233	579
ENSMUSG00000038235	1734
ENSMUSG00000038236	0
ENSMUSG00000038239	0
ENSMUSG00000038240	240
ENSMUSG00000038241	789
ENSMUSG00000038242	1
ENSMUSG00000038244	396
ENSMUSG00000038246	6
ENSMUSG00000038248	0
ENSMUSG00000038250	558
ENSMUSG00000038252	151
ENSMUSG00000038253	9
ENSMUSG00000038255	0
ENSMUSG00000038256	368
ENSMUSG00000038257	21
ENSMUSG00000038259	0
ENSMUSG00000038260	59
ENSMUSG00000038264	4
ENSMUSG00000038267	1720
ENSMUSG00000038268	229
ENSMUSG00000038271	592
ENSMUSG00000038274	27
ENSMUSG00000038276	14
ENSMUSG00000038279	474
ENSMUSG00000038280	546
ENSMUSG00000038286	3863
ENSMUSG00000038290	915
ENSMUSG00000038291	212
ENSMUSG00000038292	0
ENSMUSG00000038295	10
ENSMUSG00000038296	31
ENSMUSG00000038298	1739
ENSMUSG00000038299	433
ENSMUSG00000038300	0
ENSMUSG00000038301	697
ENSMUSG00000038302	306
ENSMUSG00000038304	10
ENSMUSG00000038305	11
ENSMUSG00000038311	0
ENSMUSG00000038312	1964
ENSMUSG00000038319	1
ENSMUSG00000038323	763
ENSMUSG00000038324	2423
ENSMUSG00000038327	0
ENSMUSG00000038330	0
ENSMUSG00000038331	24
ENSMUSG00000038332	483
ENSMUSG00000038335	487
ENSMUSG00000038342	434
ENSMUSG00000038344	409
ENSMUSG00000038346	1108
ENSMUSG00000038347	7
ENSMUSG00000038349	23
ENSMUSG00000038351	280
ENSMUSG00000038352	21
ENSMUSG00000038354	4
ENSMUSG00000038357	4
ENSMUSG00000038365	158
ENSMUSG00000038366	1807
ENSMUSG00000038368	207
ENSMUSG00000038369	761
ENSMUSG00000038370	43
ENSMUSG00000038371	962
ENSMUSG00000038372	55
ENSMUSG00000038374	311
ENSMUSG00000038375	3214
ENSMUSG00000038379	10
ENSMUSG00000038383	419
ENSMUSG00000038384	828
ENSMUSG00000038387	1043
ENSMUSG00000038388	1413
ENSMUSG00000038390	17
ENSMUSG00000038393	4252
ENSMUSG00000038398	437
ENSMUSG00000038400	84
ENSMUSG00000038402	0
ENSMUSG00000038403	3012
ENSMUSG00000038406	1425
ENSMUSG00000038408	0
ENSMUSG00000038412	168
ENSMUSG00000038415	1245
ENSMUSG00000038416	586
ENSMUSG00000038417	245
ENSMUSG00000038418	4128
ENSMUSG00000038421	32
ENSMUSG00000038422	776
ENSMUSG00000038425	246
ENSMUSG00000038429	1544
ENSMUSG00000038437	720
ENSMUSG00000038446	644
ENSMUSG00000038451	502
ENSMUSG00000038453	7
ENSMUSG00000038456	90
ENSMUSG00000038457	0
ENSMUSG00000038459	1749
ENSMUSG00000038462	7190
ENSMUSG00000038463	19
ENSMUSG00000038467	1470
ENSMUSG00000038473	8
ENSMUSG00000038481	315
ENSMUSG00000038482	396
ENSMUSG00000038485	305
ENSMUSG00000038486	1
ENSMUSG00000038489	65
ENSMUSG00000038491	0
ENSMUSG00000038495	828
ENSMUSG00000038496	10
ENSMUSG00000038497	145
ENSMUSG00000038498	0
ENSMUSG00000038500	278
ENSMUSG00000038502	1271
ENSMUSG00000038503	754
ENSMUSG00000038506	698
ENSMUSG00000038507	1045
ENSMUSG00000038508	909
ENSMUSG00000038510	256
ENSMUSG00000038515	554
ENSMUSG00000038517	425
ENSMUSG00000038518	323
ENSMUSG00000038520	741
ENSMUSG00000038521	16417
ENSMUSG00000038522	1403
ENSMUSG00000038523	3
ENSMUSG00000038524	55
ENSMUSG00000038525	93
ENSMUSG00000038526	758
ENSMUSG00000038527	2527
ENSMUSG00000038528	5
ENSMUSG00000038530	41
ENSMUSG00000038533	374
ENSMUSG00000038534	87
ENSMUSG00000038535	625
ENSMUSG00000038537	0
ENSMUSG00000038538	641
ENSMUSG00000038539	6637
ENSMUSG00000038540	72
ENSMUSG00000038541	20
ENSMUSG00000038542	548
ENSMUSG00000038543	14
ENSMUSG00000038544	147
ENSMUSG00000038545	250
ENSMUSG00000038546	1111
ENSMUSG00000038550	450
ENSMUSG00000038552	1440
ENSMUSG00000038555	5
ENSMUSG00000038560	4
ENSMUSG00000038563	303
ENSMUSG00000038564	603
ENSMUSG00000038567	0
ENSMUSG00000038569	107
ENSMUSG00000038570	10
ENSMUSG00000038572	0
ENSMUSG00000038576	1508
ENSMUSG00000038578	91
ENSMUSG00000038580	0
ENSMUSG00000038582	433
ENSMUSG00000038583	0
ENSMUSG00000038587	107
ENSMUSG00000038591	744
ENSMUSG00000038593	264
ENSMUSG00000038594	899
ENSMUSG00000038598	0
ENSMUSG00000038599	81
ENSMUSG00000038600	7
ENSMUSG00000038602	0
ENSMUSG00000038604	444
ENSMUSG00000038605	33
ENSMUSG00000038607	1
ENSMUSG00000038608	140
ENSMUSG00000038611	1078
ENSMUSG00000038612	3321
ENSMUSG00000038615	1764
ENSMUSG00000038618	968
ENSMUSG00000038619	1129
ENSMUSG00000038622	160
ENSMUSG00000038623	88
ENSMUSG00000038624	1
ENSMUSG00000038628	539
ENSMUSG00000038630	0
ENSMUSG00000038633	2098
ENSMUSG00000038637	122
ENSMUSG00000038641	3245
ENSMUSG00000038642	1451
ENSMUSG00000038644	177
ENSMUSG00000038646	24
ENSMUSG00000038648	827
ENSMUSG00000038650	3586
ENSMUSG00000038651	5
ENSMUSG00000038656	19
ENSMUSG00000038658	611
ENSMUSG00000038663	1
ENSMUSG00000038664	1187
ENSMUSG00000038665	0
ENSMUSG00000038668	26
ENSMUSG00000038670	5
ENSMUSG00000038671	789
ENSMUSG00000038676	0
ENSMUSG00000038677	1
ENSMUSG00000038679	20
ENSMUSG00000038683	1167
ENSMUSG00000038685	381
ENSMUSG00000038690	1760
ENSMUSG00000038691	0
ENSMUSG00000038692	77
ENSMUSG00000038695	1034
ENSMUSG00000038696	748
ENSMUSG00000038697	290
ENSMUSG00000038700	27
ENSMUSG00000038702	34
ENSMUSG00000038704	3280
ENSMUSG00000038705	974
ENSMUSG00000038708	2211
ENSMUSG00000038709	0
ENSMUSG00000038712	2745
ENSMUSG00000038717	2
ENSMUSG00000038718	73
ENSMUSG00000038721	7
ENSMUSG00000038722	1262
ENSMUSG00000038725	5
ENSMUSG00000038729	214
ENSMUSG00000038732	18
ENSMUSG00000038733	2454
ENSMUSG00000038736	385
ENSMUSG00000038738	4
ENSMUSG00000038740	84
ENSMUSG00000038742	375
ENSMUSG00000038745	17051
ENSMUSG00000038750	0
ENSMUSG00000038751	11
ENSMUSG00000038754	2480
ENSMUSG00000038756	0
ENSMUSG00000038759	357
ENSMUSG00000038760	0
ENSMUSG00000038762	1404
ENSMUSG00000038763	1
ENSMUSG00000038764	938
ENSMUSG00000038765	0
ENSMUSG00000038766	680
ENSMUSG00000038768	501
ENSMUSG00000038770	0
ENSMUSG00000038773	1129
ENSMUSG00000038774	460
ENSMUSG00000038775	69
ENSMUSG00000038776	8901
ENSMUSG00000038777	88
ENSMUSG00000038780	674
ENSMUSG00000038781	2017
ENSMUSG00000038782	10
ENSMUSG00000038784	448
ENSMUSG00000038791	0
ENSMUSG00000038793	27
ENSMUSG00000038797	131
ENSMUSG00000038801	1
ENSMUSG00000038803	123
ENSMUSG00000038805	0
ENSMUSG00000038806	388
ENSMUSG00000038807	19
ENSMUSG00000038811	367
ENSMUSG00000038812	181
ENSMUSG00000038816	177
ENSMUSG00000038822	91
ENSMUSG00000038827	58
ENSMUSG00000038828	2581
ENSMUSG00000038831	207
ENSMUSG00000038836	56
ENSMUSG00000038838	687
ENSMUSG00000038840	0
ENSMUSG00000038843	26
ENSMUSG00000038844	285
ENSMUSG00000038845	551
ENSMUSG00000038848	1344
ENSMUSG00000038855	320
ENSMUSG00000038859	884
ENSMUSG00000038860	10
ENSMUSG00000038861	846
ENSMUSG00000038866	1097
ENSMUSG00000038871	471
ENSMUSG00000038872	274
ENSMUSG00000038876	513
ENSMUSG00000038879	11
ENSMUSG00000038880	1200
ENSMUSG00000038883	0
ENSMUSG00000038884	4056
ENSMUSG00000038886	1696
ENSMUSG00000038888	108
ENSMUSG00000038891	0
ENSMUSG00000038893	83
ENSMUSG00000038894	764
ENSMUSG00000038895	450
ENSMUSG00000038900	18
ENSMUSG00000038902	995
ENSMUSG00000038903	86
ENSMUSG00000038909	702
ENSMUSG00000038910	360
ENSMUSG00000038914	993
ENSMUSG00000038916	0
ENSMUSG00000038917	1
ENSMUSG00000038925	0
ENSMUSG00000038930	131
ENSMUSG00000038932	0
ENSMUSG00000038936	60
ENSMUSG00000038943	24
ENSMUSG00000038949	550
ENSMUSG00000038954	306
ENSMUSG00000038957	490
ENSMUSG00000038963	16
ENSMUSG00000038965	1975
ENSMUSG00000038967	2284
ENSMUSG00000038968	0
ENSMUSG00000038970	355
ENSMUSG00000038973	3
ENSMUSG00000038975	1670
ENSMUSG00000038976	237
ENSMUSG00000038980	0
ENSMUSG00000038982	824
ENSMUSG00000038984	30
ENSMUSG00000038987	0
ENSMUSG00000038990	923
ENSMUSG00000038991	6018
ENSMUSG00000038994	0
ENSMUSG00000038997	0
ENSMUSG00000039000	796
ENSMUSG00000039001	742
ENSMUSG00000039004	125
ENSMUSG00000039005	31
ENSMUSG00000039007	1803
ENSMUSG00000039013	0
ENSMUSG00000039016	1344
ENSMUSG00000039018	449
ENSMUSG00000039021	8
ENSMUSG00000039031	340
ENSMUSG00000039032	0
ENSMUSG00000039033	123
ENSMUSG00000039037	0
ENSMUSG00000039041	7
ENSMUSG00000039043	158
ENSMUSG00000039046	851
ENSMUSG00000039047	781
ENSMUSG00000039048	1050
ENSMUSG00000039050	690
ENSMUSG00000039055	2
ENSMUSG00000039057	0
ENSMUSG00000039058	2
ENSMUSG00000039059	0
ENSMUSG00000039062	2572
ENSMUSG00000039063	3214
ENSMUSG00000039065	421
ENSMUSG00000039067	1556
ENSMUSG00000039068	670
ENSMUSG00000039069	413
ENSMUSG00000039070	0
ENSMUSG00000039079	0
ENSMUSG00000039081	92
ENSMUSG00000039084	0
ENSMUSG00000039086	239
ENSMUSG00000039087	1028
ENSMUSG00000039089	196
ENSMUSG00000039092	1
ENSMUSG00000039095	6
ENSMUSG00000039096	542
ENSMUSG00000039097	0
ENSMUSG00000039098	0
ENSMUSG00000039099	19
ENSMUSG00000039100	1496
ENSMUSG00000039103	40
ENSMUSG00000039105	235
ENSMUSG00000039106	0
ENSMUSG00000039108	619
ENSMUSG00000039109	8
ENSMUSG00000039110	4
ENSMUSG00000039114	8852
ENSMUSG00000039115	426
ENSMUSG00000039116	35
ENSMUSG00000039117	677
ENSMUSG00000039126	9
ENSMUSG00000039128	984
ENSMUSG00000039130	242
ENSMUSG00000039131	5
ENSMUSG00000039133	0
ENSMUSG00000039137	35
ENSMUSG00000039138	0
ENSMUSG00000039145	1854
ENSMUSG00000039146	0
ENSMUSG00000039148	1225
ENSMUSG00000039153	8
ENSMUSG00000039154	5
ENSMUSG00000039155	0
ENSMUSG00000039156	845
ENSMUSG00000039157	613
ENSMUSG00000039158	118
ENSMUSG00000039159	1471
ENSMUSG00000039163	579
ENSMUSG00000039164	137
ENSMUSG00000039166	309
ENSMUSG00000039167	392
ENSMUSG00000039168	6503
ENSMUSG00000039174	0
ENSMUSG00000039176	1289
ENSMUSG00000039178	119
ENSMUSG00000039179	3
ENSMUSG00000039182	339
ENSMUSG00000039183	707
ENSMUSG00000039187	4
ENSMUSG00000039191	240
ENSMUSG00000039193	32
ENSMUSG00000039194	0
ENSMUSG00000039195	476
ENSMUSG00000039196	19783
ENSMUSG00000039197	19938
ENSMUSG00000039198	0
ENSMUSG00000039199	150
ENSMUSG00000039200	1
ENSMUSG00000039201	216
ENSMUSG00000039202	1442
ENSMUSG00000039205	815
ENSMUSG00000039206	736
ENSMUSG00000039208	122
ENSMUSG00000039209	0
ENSMUSG00000039210	434
ENSMUSG00000039215	0
ENSMUSG00000039217	467
ENSMUSG00000039218	6867
ENSMUSG00000039219	894
ENSMUSG00000039220	267
ENSMUSG00000039221	0
ENSMUSG00000039224	1
ENSMUSG00000039230	560
ENSMUSG00000039231	240
ENSMUSG00000039232	36
ENSMUSG00000039233	988
ENSMUSG00000039234	1570
ENSMUSG00000039236	106
ENSMUSG00000039238	485
ENSMUSG00000039239	11
ENSMUSG00000039242	438
ENSMUSG00000039244	381
ENSMUSG00000039246	511
ENSMUSG00000039252	7
ENSMUSG00000039253	231
ENSMUSG00000039254	436
ENSMUSG00000039257	0
ENSMUSG00000039262	1559
ENSMUSG00000039263	2353
ENSMUSG00000039264	110
ENSMUSG00000039269	0
ENSMUSG00000039270	476
ENSMUSG00000039275	727
ENSMUSG00000039278	0
ENSMUSG00000039285	1028
ENSMUSG00000039286	578
ENSMUSG00000039294	441
ENSMUSG00000039296	0
ENSMUSG00000039298	191
ENSMUSG00000039304	253
ENSMUSG00000039307	313
ENSMUSG00000039308	1036
ENSMUSG00000039313	0
ENSMUSG00000039315	1
ENSMUSG00000039316	105
ENSMUSG00000039318	679
ENSMUSG00000039321	0
ENSMUSG00000039323	15352
ENSMUSG00000039328	21
ENSMUSG00000039329	3
ENSMUSG00000039330	0
ENSMUSG00000039335	0
ENSMUSG00000039337	0
ENSMUSG00000039339	0
ENSMUSG00000039342	0
ENSMUSG00000039345	218
ENSMUSG00000039347	18
ENSMUSG00000039349	4717
ENSMUSG00000039354	306
ENSMUSG00000039356	288
ENSMUSG00000039357	293
ENSMUSG00000039358	0
ENSMUSG00000039361	2805
ENSMUSG00000039364	2
ENSMUSG00000039367	3205
ENSMUSG00000039372	0
ENSMUSG00000039375	0
ENSMUSG00000039376	10
ENSMUSG00000039377	96
ENSMUSG00000039382	1080
ENSMUSG00000039384	185
ENSMUSG00000039385	2
ENSMUSG00000039391	0
ENSMUSG00000039395	412
ENSMUSG00000039396	21
ENSMUSG00000039405	173
ENSMUSG00000039410	10
ENSMUSG00000039414	217
ENSMUSG00000039419	0
ENSMUSG00000039427	650
ENSMUSG00000039428	2337
ENSMUSG00000039431	37
ENSMUSG00000039438	12307
ENSMUSG00000039449	753
ENSMUSG00000039450	2486
ENSMUSG00000039452	3
ENSMUSG00000039456	1362
ENSMUSG00000039457	667
ENSMUSG00000039458	416
ENSMUSG00000039461	503
ENSMUSG00000039462	0
ENSMUSG00000039463	1374
ENSMUSG00000039470	15
ENSMUSG00000039473	1052
ENSMUSG00000039474	416
ENSMUSG00000039476	1
ENSMUSG00000039477	230
ENSMUSG00000039478	25
ENSMUSG00000039480	492
ENSMUSG00000039481	15
ENSMUSG00000039483	291
ENSMUSG00000039485	38
ENSMUSG00000039488	0
ENSMUSG00000039492	0
ENSMUSG00000039496	10
ENSMUSG00000039497	275
ENSMUSG00000039501	1256
ENSMUSG00000039508	0
ENSMUSG00000039509	264
ENSMUSG00000039512	623
ENSMUSG00000039515	1180
ENSMUSG00000039518	0
ENSMUSG00000039519	5026
ENSMUSG00000039521	4
ENSMUSG00000039523	248
ENSMUSG00000039529	877
ENSMUSG00000039530	187
ENSMUSG00000039531	165
ENSMUSG00000039533	479
ENSMUSG00000039536	1996
ENSMUSG00000039539	0
ENSMUSG00000039540	0
ENSMUSG00000039542	8
ENSMUSG00000039543	0
ENSMUSG00000039545	7
ENSMUSG00000039546	3
ENSMUSG00000039552	3
ENSMUSG00000039555	0
ENSMUSG00000039556	2
ENSMUSG00000039563	19
ENSMUSG00000039568	294
ENSMUSG00000039577	6
ENSMUSG00000039578	2
ENSMUSG00000039579	0
ENSMUSG00000039585	411
ENSMUSG00000039599	637
ENSMUSG00000039601	90
ENSMUSG00000039607	142
ENSMUSG00000039608	0
ENSMUSG00000039611	17
ENSMUSG00000039615	2325
ENSMUSG00000039616	860
ENSMUSG00000039617	6
ENSMUSG00000039620	108
ENSMUSG00000039621	483
ENSMUSG00000039623	722
ENSMUSG00000039628	48
ENSMUSG00000039629	5
ENSMUSG00000039630	4998
ENSMUSG00000039632	121
ENSMUSG00000039633	140
ENSMUSG00000039634	219
ENSMUSG00000039637	759
ENSMUSG00000039639	2
ENSMUSG00000039640	2151
ENSMUSG00000039646	289
ENSMUSG00000039648	6074
ENSMUSG00000039652	212
ENSMUSG00000039653	7875
ENSMUSG00000039656	905
ENSMUSG00000039660	454
ENSMUSG00000039661	0
ENSMUSG00000039662	807
ENSMUSG00000039670	289
ENSMUSG00000039671	1006
ENSMUSG00000039672	0
ENSMUSG00000039676	5
ENSMUSG00000039678	720
ENSMUSG00000039680	307
ENSMUSG00000039682	6358
ENSMUSG00000039683	4
ENSMUSG00000039684	571
ENSMUSG00000039686	563
ENSMUSG00000039691	1
ENSMUSG00000039693	7
ENSMUSG00000039697	59
ENSMUSG00000039699	29
ENSMUSG00000039701	203
ENSMUSG00000039703	2002
ENSMUSG00000039704	55
ENSMUSG00000039706	123
ENSMUSG00000039710	0
ENSMUSG00000039713	331
ENSMUSG00000039714	0
ENSMUSG00000039715	138
ENSMUSG00000039716	0
ENSMUSG00000039717	0
ENSMUSG00000039720	3
ENSMUSG00000039725	142
ENSMUSG00000039728	0
ENSMUSG00000039735	526
ENSMUSG00000039737	279
ENSMUSG00000039738	186
ENSMUSG00000039740	739
ENSMUSG00000039741	166
ENSMUSG00000039742	0
ENSMUSG00000039745	1498
ENSMUSG00000039747	32
ENSMUSG00000039748	1
ENSMUSG00000039753	740
ENSMUSG00000039754	128
ENSMUSG00000039756	473
ENSMUSG00000039759	344
ENSMUSG00000039760	0
ENSMUSG00000039763	170
ENSMUSG00000039765	203
ENSMUSG00000039768	1333
ENSMUSG00000039770	2006
ENSMUSG00000039771	818
ENSMUSG00000039774	12
ENSMUSG00000039775	0
ENSMUSG00000039781	233
ENSMUSG00000039782	1120
ENSMUSG00000039783	5994
ENSMUSG00000039785	0
ENSMUSG00000039787	12
ENSMUSG00000039789	199
ENSMUSG00000039795	230
ENSMUSG00000039798	0
ENSMUSG00000039801	216
ENSMUSG00000039804	659
ENSMUSG00000039809	589
ENSMUSG00000039810	254
ENSMUSG00000039813	20
ENSMUSG00000039814	3
ENSMUSG00000039824	38
ENSMUSG00000039826	300
ENSMUSG00000039828	98
ENSMUSG00000039830	0
ENSMUSG00000039831	2721
ENSMUSG00000039834	957
ENSMUSG00000039835	312
ENSMUSG00000039838	0
ENSMUSG00000039840	687
ENSMUSG00000039841	216
ENSMUSG00000039842	81
ENSMUSG00000039844	1576
ENSMUSG00000039849	390
ENSMUSG00000039850	293
ENSMUSG00000039851	3
ENSMUSG00000039852	838
ENSMUSG00000039853	88
ENSMUSG00000039860	0
ENSMUSG00000039865	212
ENSMUSG00000039873	233
ENSMUSG00000039878	5
ENSMUSG00000039879	948
ENSMUSG00000039883	6
ENSMUSG00000039886	1050
ENSMUSG00000039887	414
ENSMUSG00000039891	2
ENSMUSG00000039899	172
ENSMUSG00000039901	97
ENSMUSG00000039903	18
ENSMUSG00000039904	0
ENSMUSG00000039908	432
ENSMUSG00000039910	620
ENSMUSG00000039911	30
ENSMUSG00000039913	0
ENSMUSG00000039914	1222
ENSMUSG00000039917	531
ENSMUSG00000039929	286
ENSMUSG00000039934	858
ENSMUSG00000039936	331
ENSMUSG00000039942	18
ENSMUSG00000039943	122
ENSMUSG00000039952	1348
ENSMUSG00000039953	121
ENSMUSG00000039954	2
ENSMUSG00000039956	1467
ENSMUSG00000039958	1376
ENSMUSG00000039959	279
ENSMUSG00000039960	2374
ENSMUSG00000039962	0
ENSMUSG00000039963	9
ENSMUSG00000039967	540
ENSMUSG00000039968	425
ENSMUSG00000039976	475
ENSMUSG00000039977	7
ENSMUSG00000039981	79
ENSMUSG00000039982	223
ENSMUSG00000039983	172
ENSMUSG00000039985	1
ENSMUSG00000039987	185
ENSMUSG00000039988	896
ENSMUSG00000039989	1206
ENSMUSG00000039990	840
ENSMUSG00000039994	158
ENSMUSG00000039997	433
ENSMUSG00000040003	5
ENSMUSG00000040006	950
ENSMUSG00000040007	353
ENSMUSG00000040009	4
ENSMUSG00000040010	86
ENSMUSG00000040013	0
ENSMUSG00000040016	0
ENSMUSG00000040017	9242
ENSMUSG00000040018	681
ENSMUSG00000040021	1007
ENSMUSG00000040022	247
ENSMUSG00000040025	397
ENSMUSG00000040026	286
ENSMUSG00000040028	1363
ENSMUSG00000040029	1155
ENSMUSG00000040033	4645
ENSMUSG00000040034	99
ENSMUSG00000040035	201
ENSMUSG00000040037	1
ENSMUSG00000040040	199
ENSMUSG00000040043	227
ENSMUSG00000040044	550
ENSMUSG00000040046	0
ENSMUSG00000040048	4444
ENSMUSG00000040054	2090
ENSMUSG00000040055	0
ENSMUSG00000040061	149
ENSMUSG00000040065	0
ENSMUSG00000040078	19
ENSMUSG00000040084	21
ENSMUSG00000040086	0
ENSMUSG00000040093	133
ENSMUSG00000040097	217
ENSMUSG00000040102	308
ENSMUSG00000040105	358
ENSMUSG00000040111	110
ENSMUSG00000040112	1032
ENSMUSG00000040113	0
ENSMUSG00000040118	53
ENSMUSG00000040121	7
ENSMUSG00000040123	996
ENSMUSG00000040124	186
ENSMUSG00000040125	0
ENSMUSG00000040127	1559
ENSMUSG00000040128	1842
ENSMUSG00000040132	0
ENSMUSG00000040133	2
ENSMUSG00000040134	25005
ENSMUSG00000040136	0
ENSMUSG00000040138	0
ENSMUSG00000040139	221
ENSMUSG00000040140	0
ENSMUSG00000040146	990
ENSMUSG00000040147	4625
ENSMUSG00000040148	0
ENSMUSG00000040151	273
ENSMUSG00000040152	105
ENSMUSG00000040154	0
ENSMUSG00000040158	16
ENSMUSG00000040163	0
ENSMUSG00000040164	0
ENSMUSG00000040165	0
ENSMUSG00000040167	162
ENSMUSG00000040170	208
ENSMUSG00000040174	581
ENSMUSG00000040177	72
ENSMUSG00000040181	3862
ENSMUSG00000040183	14
ENSMUSG00000040187	30
ENSMUSG00000040188	577
ENSMUSG00000040189	20
ENSMUSG00000040195	134
ENSMUSG00000040197	0
ENSMUSG00000040204	5
ENSMUSG00000040205	0
ENSMUSG00000040209	272
ENSMUSG00000040212	101
ENSMUSG00000040213	3881
ENSMUSG00000040217	0
ENSMUSG00000040219	22
ENSMUSG00000040220	92
ENSMUSG00000040225	703
ENSMUSG00000040229	8
ENSMUSG00000040231	3
ENSMUSG00000040234	1862
ENSMUSG00000040236	903
ENSMUSG00000040242	1194
ENSMUSG00000040247	60
ENSMUSG00000040249	14828
ENSMUSG00000040250	412
ENSMUSG00000040253	486
ENSMUSG00000040254	71
ENSMUSG00000040258	0
ENSMUSG00000040260	30
ENSMUSG00000040263	432
ENSMUSG00000040264	124
ENSMUSG00000040265	7
ENSMUSG00000040268	484
ENSMUSG00000040269	606
ENSMUSG00000040270	138
ENSMUSG00000040272	204
ENSMUSG00000040274	609
ENSMUSG00000040276	9
ENSMUSG00000040280	42
ENSMUSG00000040282	150
ENSMUSG00000040283	253
ENSMUSG00000040284	0
ENSMUSG00000040287	19
ENSMUSG00000040289	40
ENSMUSG00000040296	920
ENSMUSG00000040297	626
ENSMUSG00000040298	1
ENSMUSG00000040302	234
ENSMUSG00000040310	0
ENSMUSG00000040312	116
ENSMUSG00000040314	0
ENSMUSG00000040321	129
ENSMUSG00000040322	74
ENSMUSG00000040323	6
ENSMUSG00000040325	683
ENSMUSG00000040327	280
ENSMUSG00000040328	3
ENSMUSG00000040329	16
ENSMUSG00000040331	858
ENSMUSG00000040339	80
ENSMUSG00000040340	0
ENSMUSG00000040345	101
ENSMUSG00000040350	418
ENSMUSG00000040351	610
ENSMUSG00000040354	1526
ENSMUSG00000040356	2290
ENSMUSG00000040359	1560
ENSMUSG00000040363	284
ENSMUSG00000040364	0
ENSMUSG00000040365	1054
ENSMUSG00000040367	16
ENSMUSG00000040370	1036
ENSMUSG00000040372	0
ENSMUSG00000040373	0
ENSMUSG00000040374	1316
ENSMUSG00000040380	33
ENSMUSG00000040383	413
ENSMUSG00000040385	3016
ENSMUSG00000040387	3
ENSMUSG00000040389	73
ENSMUSG00000040390	394
ENSMUSG00000040396	557
ENSMUSG00000040405	0
ENSMUSG00000040407	1236
ENSMUSG00000040410	513
ENSMUSG00000040412	45
ENSMUSG00000040413	2325
ENSMUSG00000040414	834
ENSMUSG00000040415	315
ENSMUSG00000040420	9
ENSMUSG00000040423	678
ENSMUSG00000040424	5
ENSMUSG00000040428	59
ENSMUSG00000040429	9
ENSMUSG00000040430	1363
ENSMUSG00000040432	9
ENSMUSG00000040433	368
ENSMUSG00000040434	29
ENSMUSG00000040435	673
ENSMUSG00000040441	149
ENSMUSG00000040446	57
ENSMUSG00000040447	1022
ENSMUSG00000040451	256
ENSMUSG00000040452	0
ENSMUSG00000040455	566
ENSMUSG00000040456	1
ENSMUSG00000040459	1502
ENSMUSG00000040462	4478
ENSMUSG00000040463	1597
ENSMUSG00000040464	354
ENSMUSG00000040466	5107
ENSMUSG00000040467	0
ENSMUSG00000040471	560
ENSMUSG00000040472	1366
ENSMUSG00000040473	10
ENSMUSG00000040478	0
ENSMUSG00000040479	1227
ENSMUSG00000040481	596
ENSMUSG00000040482	867
ENSMUSG00000040483	264
ENSMUSG00000040485	0
ENSMUSG00000040488	1865
ENSMUSG00000040489	0
ENSMUSG00000040490	0
ENSMUSG00000040495	0
ENSMUSG00000040498	37
ENSMUSG00000040502	13
ENSMUSG00000040505	4452
ENSMUSG00000040506	1057
ENSMUSG00000040511	274
ENSMUSG00000040514	0
ENSMUSG00000040520	491
ENSMUSG00000040521	336
ENSMUSG00000040522	23
ENSMUSG00000040524	294
ENSMUSG00000040525	411
ENSMUSG00000040528	19
ENSMUSG00000040532	1623
ENSMUSG00000040533	0
ENSMUSG00000040536	1237
ENSMUSG00000040537	26
ENSMUSG00000040540	31
ENSMUSG00000040541	0
ENSMUSG00000040543	8
ENSMUSG00000040548	3080
ENSMUSG00000040549	266
ENSMUSG00000040550	160
ENSMUSG00000040552	162
ENSMUSG00000040554	0
ENSMUSG00000040557	470
ENSMUSG00000040560	431
ENSMUSG00000040562	824
ENSMUSG00000040563	734
ENSMUSG00000040564	129687
ENSMUSG00000040565	708
ENSMUSG00000040569	1
ENSMUSG00000040570	11
ENSMUSG00000040576	0
ENSMUSG00000040583	116
ENSMUSG00000040584	94
ENSMUSG00000040586	204
ENSMUSG00000040591	43
ENSMUSG00000040592	103
ENSMUSG00000040594	8
ENSMUSG00000040596	197
ENSMUSG00000040599	760
ENSMUSG00000040600	0
ENSMUSG00000040601	0
ENSMUSG00000040605	174
ENSMUSG00000040606	31
ENSMUSG00000040610	0
ENSMUSG00000040612	623
ENSMUSG00000040613	396
ENSMUSG00000040614	0
ENSMUSG00000040616	361
ENSMUSG00000040618	190
ENSMUSG00000040620	1065
ENSMUSG00000040621	1
ENSMUSG00000040624	219
ENSMUSG00000040627	0
ENSMUSG00000040629	0
ENSMUSG00000040631	40
ENSMUSG00000040632	0
ENSMUSG00000040640	251
ENSMUSG00000040648	1261
ENSMUSG00000040649	0
ENSMUSG00000040650	0
ENSMUSG00000040651	1518
ENSMUSG00000040652	49
ENSMUSG00000040653	0
ENSMUSG00000040657	0
ENSMUSG00000040658	180
ENSMUSG00000040659	608
ENSMUSG00000040660	1347
ENSMUSG00000040661	839
ENSMUSG00000040663	83
ENSMUSG00000040666	0
ENSMUSG00000040667	986
ENSMUSG00000040669	80
ENSMUSG00000040675	34
ENSMUSG00000040680	1
ENSMUSG00000040681	986
ENSMUSG00000040687	845
ENSMUSG00000040688	480
ENSMUSG00000040690	93
ENSMUSG00000040693	0
ENSMUSG00000040694	0
ENSMUSG00000040697	346
ENSMUSG00000040699	625
ENSMUSG00000040701	433
ENSMUSG00000040703	11
ENSMUSG00000040705	0
ENSMUSG00000040706	3993
ENSMUSG00000040710	29
ENSMUSG00000040711	37
ENSMUSG00000040712	2297
ENSMUSG00000040713	9584
ENSMUSG00000040714	3
ENSMUSG00000040715	0
ENSMUSG00000040717	17
ENSMUSG00000040720	503
ENSMUSG00000040721	721
ENSMUSG00000040722	398
ENSMUSG00000040723	306
ENSMUSG00000040724	197
ENSMUSG00000040725	1311
ENSMUSG00000040726	0
ENSMUSG00000040728	8
ENSMUSG00000040729	3
ENSMUSG00000040731	3356
ENSMUSG00000040732	157
ENSMUSG00000040734	128
ENSMUSG00000040738	449
ENSMUSG00000040740	116
ENSMUSG00000040746	1595
ENSMUSG00000040747	338
ENSMUSG00000040749	22
ENSMUSG00000040751	37
ENSMUSG00000040752	0
ENSMUSG00000040759	0
ENSMUSG00000040760	225
ENSMUSG00000040761	808
ENSMUSG00000040767	138
ENSMUSG00000040770	0
ENSMUSG00000040771	886
ENSMUSG00000040774	2295
ENSMUSG00000040775	0
ENSMUSG00000040782	243
ENSMUSG00000040785	685
ENSMUSG00000040794	13
ENSMUSG00000040795	205
ENSMUSG00000040797	0
ENSMUSG00000040808	0
ENSMUSG00000040809	6
ENSMUSG00000040811	213
ENSMUSG00000040812	3
ENSMUSG00000040813	1931
ENSMUSG00000040818	397
ENSMUSG00000040820	344
ENSMUSG00000040822	740
ENSMUSG00000040824	168
ENSMUSG00000040828	47
ENSMUSG00000040829	230
ENSMUSG00000040836	10
ENSMUSG00000040838	9
ENSMUSG00000040840	0
ENSMUSG00000040841	221
ENSMUSG00000040842	1519
ENSMUSG00000040843	635
ENSMUSG00000040848	1303
ENSMUSG00000040850	1826
ENSMUSG00000040852	85
ENSMUSG00000040855	508
ENSMUSG00000040856	1
ENSMUSG00000040857	272
ENSMUSG00000040859	1386
ENSMUSG00000040860	99
ENSMUSG00000040865	645
ENSMUSG00000040866	0
ENSMUSG00000040867	0
ENSMUSG00000040875	5
ENSMUSG00000040877	90
ENSMUSG00000040883	12918
ENSMUSG00000040888	980
ENSMUSG00000040891	1784
ENSMUSG00000040896	0
ENSMUSG00000040899	2
ENSMUSG00000040901	0
ENSMUSG00000040904	2
ENSMUSG00000040907	9
ENSMUSG00000040913	498
ENSMUSG00000040918	4317
ENSMUSG00000040919	0
ENSMUSG00000040928	550
ENSMUSG00000040929	90
ENSMUSG00000040935	0
ENSMUSG00000040936	3
ENSMUSG00000040938	414
ENSMUSG00000040940	2111
ENSMUSG00000040943	899
ENSMUSG00000040945	1116
ENSMUSG00000040950	2
ENSMUSG00000040952	187
ENSMUSG00000040957	51
ENSMUSG00000040963	5644
ENSMUSG00000040964	731
ENSMUSG00000040966	2
ENSMUSG00000040969	0
ENSMUSG00000040972	2
ENSMUSG00000040978	47
ENSMUSG00000040985	12
ENSMUSG00000040987	6
ENSMUSG00000040990	82
ENSMUSG00000040997	1356
ENSMUSG00000040998	2
ENSMUSG00000041000	76
ENSMUSG00000041009	0
ENSMUSG00000041012	1191
ENSMUSG00000041014	0
ENSMUSG00000041020	0
ENSMUSG00000041025	665
ENSMUSG00000041028	6290
ENSMUSG00000041035	210
ENSMUSG00000041037	318
ENSMUSG00000041040	198
ENSMUSG00000041044	899
ENSMUSG00000041046	2
ENSMUSG00000041052	5
ENSMUSG00000041057	715
ENSMUSG00000041058	1832
ENSMUSG00000041062	0
ENSMUSG00000041064	6
ENSMUSG00000041068	0
ENSMUSG00000041073	2
ENSMUSG00000041075	391
ENSMUSG00000041078	54
ENSMUSG00000041079	219
ENSMUSG00000041084	1768
ENSMUSG00000041096	1045
ENSMUSG00000041112	63
ENSMUSG00000041115	428
ENSMUSG00000041117	15
ENSMUSG00000041119	630
ENSMUSG00000041120	14
ENSMUSG00000041124	629
ENSMUSG00000041126	1329
ENSMUSG00000041130	2472
ENSMUSG00000041132	1236
ENSMUSG00000041133	1045
ENSMUSG00000041134	34
ENSMUSG00000041135	240
ENSMUSG00000041138	0
ENSMUSG00000041141	0
ENSMUSG00000041143	417
ENSMUSG00000041144	4
ENSMUSG00000041147	88
ENSMUSG00000041153	88
ENSMUSG00000041161	127
ENSMUSG00000041164	1001
ENSMUSG00000041165	0
ENSMUSG00000041168	3049
ENSMUSG00000041180	96
ENSMUSG00000041187	311
ENSMUSG00000041189	17
ENSMUSG00000041193	1
ENSMUSG00000041199	67
ENSMUSG00000041202	1
ENSMUSG00000041203	1606
ENSMUSG00000041205	0
ENSMUSG00000041215	543
ENSMUSG00000041216	1
ENSMUSG00000041219	65
ENSMUSG00000041220	5794
ENSMUSG00000041225	918
ENSMUSG00000041229	303
ENSMUSG00000041231	327
ENSMUSG00000041235	845
ENSMUSG00000041236	1423
ENSMUSG00000041237	11672
ENSMUSG00000041238	179
ENSMUSG00000041241	1364
ENSMUSG00000041245	0
ENSMUSG00000041247	0
ENSMUSG00000041248	4
ENSMUSG00000041255	0
ENSMUSG00000041258	1215
ENSMUSG00000041261	2084
ENSMUSG00000041263	226
ENSMUSG00000041264	972
ENSMUSG00000041268	832
ENSMUSG00000041272	167
ENSMUSG00000041278	476
ENSMUSG00000041287	1
ENSMUSG00000041293	93
ENSMUSG00000041297	1052
ENSMUSG00000041298	86
ENSMUSG00000041301	5
ENSMUSG00000041303	157
ENSMUSG00000041308	229
ENSMUSG00000041309	0
ENSMUSG00000041313	31
ENSMUSG00000041319	147
ENSMUSG00000041323	25
ENSMUSG00000041324	914
ENSMUSG00000041328	1125
ENSMUSG00000041329	12
ENSMUSG00000041333	31
ENSMUSG00000041341	795
ENSMUSG00000041343	16
ENSMUSG00000041346	273
ENSMUSG00000041347	2
ENSMUSG00000041351	387
ENSMUSG00000041353	343
ENSMUSG00000041354	1070
ENSMUSG00000041355	2346
ENSMUSG00000041358	0
ENSMUSG00000041359	0
ENSMUSG00000041360	647
ENSMUSG00000041361	41
ENSMUSG00000041362	892
ENSMUSG00000041372	36
ENSMUSG00000041375	682
ENSMUSG00000041377	1
ENSMUSG00000041378	251
ENSMUSG00000041380	0
ENSMUSG00000041390	618
ENSMUSG00000041396	75
ENSMUSG00000041399	0
ENSMUSG00000041406	12
ENSMUSG00000041408	1326
ENSMUSG00000041415	1237
ENSMUSG00000041417	1464
ENSMUSG00000041420	67
ENSMUSG00000041423	3
ENSMUSG00000041426	1264
ENSMUSG00000041429	156
ENSMUSG00000041431	0
ENSMUSG00000041438	337
ENSMUSG00000041439	219
ENSMUSG00000041440	10
ENSMUSG00000041444	560
ENSMUSG00000041445	293
ENSMUSG00000041449	7
ENSMUSG00000041453	43
ENSMUSG00000041459	1302
ENSMUSG00000041460	1
ENSMUSG00000041468	110
ENSMUSG00000041471	745
ENSMUSG00000041476	0
ENSMUSG00000041477	55
ENSMUSG00000041479	4
ENSMUSG00000041481	319
ENSMUSG00000041482	71
ENSMUSG00000041483	882
ENSMUSG00000041488	83
ENSMUSG00000041491	34
ENSMUSG00000041498	11
ENSMUSG00000041505	0
ENSMUSG00000041506	296
ENSMUSG00000041512	0
ENSMUSG00000041515	343
ENSMUSG00000041523	0
ENSMUSG00000041528	2789
ENSMUSG00000041530	811
ENSMUSG00000041534	0
ENSMUSG00000041536	0
ENSMUSG00000041538	94
ENSMUSG00000041540	250
ENSMUSG00000041544	0
ENSMUSG00000041548	5122
ENSMUSG00000041550	2
ENSMUSG00000041552	0
ENSMUSG00000041556	1
ENSMUSG00000041559	39
ENSMUSG00000041560	1525
ENSMUSG00000041565	0
ENSMUSG00000041566	16
ENSMUSG00000041567	4049
ENSMUSG00000041570	359
ENSMUSG00000041571	2494
ENSMUSG00000041577	984
ENSMUSG00000041578	0
ENSMUSG00000041583	0
ENSMUSG00000041592	17
ENSMUSG00000041594	154
ENSMUSG00000041596	3
ENSMUSG00000041598	1757
ENSMUSG00000041605	1
ENSMUSG00000041607	50
ENSMUSG00000041608	1
ENSMUSG00000041609	24
ENSMUSG00000041616	0
ENSMUSG00000041617	0
ENSMUSG00000041620	0
ENSMUSG00000041623	135
ENSMUSG00000041624	0
ENSMUSG00000041625	2116
ENSMUSG00000041629	443
ENSMUSG00000041632	887
ENSMUSG00000041633	59
ENSMUSG00000041638	846
ENSMUSG00000041642	156
ENSMUSG00000041644	0
ENSMUSG00000041645	1105
ENSMUSG00000041649	4
ENSMUSG00000041650	1467
ENSMUSG00000041653	212
ENSMUSG00000041654	674
ENSMUSG00000041658	7
ENSMUSG00000041660	3828
ENSMUSG00000041669	0
ENSMUSG00000041670	2
ENSMUSG00000041671	411
ENSMUSG00000041673	19
ENSMUSG00000041674	0
ENSMUSG00000041679	143
ENSMUSG00000041681	0
ENSMUSG00000041684	324
ENSMUSG00000041685	1458
ENSMUSG00000041688	222
ENSMUSG00000041695	24
ENSMUSG00000041696	4
ENSMUSG00000041697	4659
ENSMUSG00000041698	7039
ENSMUSG00000041700	0
ENSMUSG00000041702	596
ENSMUSG00000041703	0
ENSMUSG00000041707	58
ENSMUSG00000041708	4
ENSMUSG00000041710	0
ENSMUSG00000041712	429
ENSMUSG00000041716	85
ENSMUSG00000041718	58
ENSMUSG00000041720	674
ENSMUSG00000041722	0
ENSMUSG00000041729	147
ENSMUSG00000041730	0
ENSMUSG00000041731	21
ENSMUSG00000041733	581
ENSMUSG00000041734	56
ENSMUSG00000041735	0
ENSMUSG00000041736	1519
ENSMUSG00000041737	43
ENSMUSG00000041740	3255
ENSMUSG00000041741	66
ENSMUSG00000041747	368
ENSMUSG00000041750	4
ENSMUSG00000041754	3
ENSMUSG00000041757	3686
ENSMUSG00000041762	663
ENSMUSG00000041763	903
ENSMUSG00000041765	837
ENSMUSG00000041769	814
ENSMUSG00000041771	0
ENSMUSG00000041773	149
ENSMUSG00000041774	9
ENSMUSG00000041775	628
ENSMUSG00000041777	15
ENSMUSG00000041779	263
ENSMUSG00000041781	369
ENSMUSG00000041782	66
ENSMUSG00000041789	0
ENSMUSG00000041791	0
ENSMUSG00000041794	7
ENSMUSG00000041797	83
ENSMUSG00000041798	6671
ENSMUSG00000041801	32
ENSMUSG00000041805	0
ENSMUSG00000041809	6
ENSMUSG00000041815	999
ENSMUSG00000041817	0
ENSMUSG00000041827	635
ENSMUSG00000041828	1493
ENSMUSG00000041831	2
ENSMUSG00000041836	76
ENSMUSG00000041837	271
ENSMUSG00000041840	241
ENSMUSG00000041841	28
ENSMUSG00000041842	28
ENSMUSG00000041845	646
ENSMUSG00000041846	1921
ENSMUSG00000041849	263
ENSMUSG00000041852	328
ENSMUSG00000041857	1
ENSMUSG00000041859	159
ENSMUSG00000041870	472
ENSMUSG00000041872	0
ENSMUSG00000041878	11
ENSMUSG00000041879	743
ENSMUSG00000041881	1075
ENSMUSG00000041885	0
ENSMUSG00000041886	1
ENSMUSG00000041889	9
ENSMUSG00000041890	546
ENSMUSG00000041891	5868
ENSMUSG00000041895	331
ENSMUSG00000041907	0
ENSMUSG00000041911	0
ENSMUSG00000041912	135
ENSMUSG00000041915	2648
ENSMUSG00000041920	286
ENSMUSG00000041921	2160
ENSMUSG00000041923	0
ENSMUSG00000041926	1350
ENSMUSG00000041930	48
ENSMUSG00000041935	964
ENSMUSG00000041936	2623
ENSMUSG00000041939	681
ENSMUSG00000041945	56
ENSMUSG00000041949	131
ENSMUSG00000041954	11
ENSMUSG00000041957	729
ENSMUSG00000041958	157
ENSMUSG00000041959	2794
ENSMUSG00000041961	298
ENSMUSG00000041966	263
ENSMUSG00000041974	87
ENSMUSG00000041975	315
ENSMUSG00000041977	881
ENSMUSG00000041984	0
ENSMUSG00000041986	0
ENSMUSG00000041991	0
ENSMUSG00000041992	394
ENSMUSG00000041995	52
ENSMUSG00000041997	1258
ENSMUSG00000042002	1
ENSMUSG00000042010	3505
ENSMUSG00000042015	516
ENSMUSG00000042029	10
ENSMUSG00000042031	0
ENSMUSG00000042032	1038
ENSMUSG00000042035	40
ENSMUSG00000042041	630
ENSMUSG00000042042	292
ENSMUSG00000042043	270
ENSMUSG00000042045	0
ENSMUSG00000042046	430
ENSMUSG00000042050	94
ENSMUSG00000042055	1147
ENSMUSG00000042063	407
ENSMUSG00000042064	4
ENSMUSG00000042066	136
ENSMUSG00000042073	7195
ENSMUSG00000042078	0
ENSMUSG00000042079	18
ENSMUSG00000042082	637
ENSMUSG00000042087	38
ENSMUSG00000042092	0
ENSMUSG00000042096	6
ENSMUSG00000042097	3
ENSMUSG00000042099	259
ENSMUSG00000042102	7808
ENSMUSG00000042104	32
ENSMUSG00000042105	1254
ENSMUSG00000042106	20
ENSMUSG00000042109	12
ENSMUSG00000042111	336
ENSMUSG00000042115	76
ENSMUSG00000042116	15
ENSMUSG00000042118	6040
ENSMUSG00000042121	389
ENSMUSG00000042124	0
ENSMUSG00000042129	396
ENSMUSG00000042133	399
ENSMUSG00000042138	629
ENSMUSG00000042148	340
ENSMUSG00000042155	52
ENSMUSG00000042156	61
ENSMUSG00000042157	0
ENSMUSG00000042165	170
ENSMUSG00000042167	134
ENSMUSG00000042178	285
ENSMUSG00000042179	0
ENSMUSG00000042182	7
ENSMUSG00000042184	0
ENSMUSG00000042185	602
ENSMUSG00000042189	0
ENSMUSG00000042190	49
ENSMUSG00000042195	23
ENSMUSG00000042197	507
ENSMUSG00000042198	405
ENSMUSG00000042200	1
ENSMUSG00000042202	2430
ENSMUSG00000042203	161
ENSMUSG00000042207	1050
ENSMUSG00000042208	419
ENSMUSG00000042210	381
ENSMUSG00000042211	605
ENSMUSG00000042212	0
ENSMUSG00000042213	1171
ENSMUSG00000042215	67
ENSMUSG00000042216	86
ENSMUSG00000042219	0
ENSMUSG00000042225	85
ENSMUSG00000042228	885
ENSMUSG00000042229	478
ENSMUSG00000042240	0
ENSMUSG00000042243	0
ENSMUSG00000042244	0
ENSMUSG00000042246	232
ENSMUSG00000042248	8209
ENSMUSG00000042249	789
ENSMUSG00000042250	0
ENSMUSG00000042251	2962
ENSMUSG00000042254	9
ENSMUSG00000042256	0
ENSMUSG00000042258	2
ENSMUSG00000042262	1
ENSMUSG00000042265	1
ENSMUSG00000042268	0
ENSMUSG00000042269	0
ENSMUSG00000042271	695
ENSMUSG00000042272	86
ENSMUSG00000042275	213
ENSMUSG00000042279	0
ENSMUSG00000042282	0
ENSMUSG00000042284	690
ENSMUSG00000042286	2511
ENSMUSG00000042289	95
ENSMUSG00000042292	347
ENSMUSG00000042293	418
ENSMUSG00000042298	278
ENSMUSG00000042302	342
ENSMUSG00000042303	264
ENSMUSG00000042305	3594
ENSMUSG00000042306	4
ENSMUSG00000042308	777
ENSMUSG00000042312	944
ENSMUSG00000042320	44
ENSMUSG00000042323	754
ENSMUSG00000042328	341
ENSMUSG00000042331	59
ENSMUSG00000042333	42
ENSMUSG00000042340	150
ENSMUSG00000042345	4
ENSMUSG00000042348	208
ENSMUSG00000042349	1603
ENSMUSG00000042350	1262
ENSMUSG00000042351	15
ENSMUSG00000042353	1
ENSMUSG00000042354	945
ENSMUSG00000042357	0
ENSMUSG00000042359	2
ENSMUSG00000042360	0
ENSMUSG00000042363	261
ENSMUSG00000042364	533
ENSMUSG00000042367	1
ENSMUSG00000042369	179
ENSMUSG00000042371	1
ENSMUSG00000042372	0
ENSMUSG00000042377	30
ENSMUSG00000042379	155
ENSMUSG00000042380	382
ENSMUSG00000042385	1
ENSMUSG00000042386	0
ENSMUSG00000042388	0
ENSMUSG00000042389	182
ENSMUSG00000042390	330
ENSMUSG00000042396	1114
ENSMUSG00000042401	0
ENSMUSG00000042404	480
ENSMUSG00000042406	4498
ENSMUSG00000042408	350
ENSMUSG00000042410	308
ENSMUSG00000042414	0
ENSMUSG00000042417	10
ENSMUSG00000042419	204
ENSMUSG00000042423	1215
ENSMUSG00000042425	0
ENSMUSG00000042426	217
ENSMUSG00000042428	5
ENSMUSG00000042429	551
ENSMUSG00000042433	0
ENSMUSG00000042436	40
ENSMUSG00000042439	130
ENSMUSG00000042444	470
ENSMUSG00000042446	333
ENSMUSG00000042447	402
ENSMUSG00000042448	0
ENSMUSG00000042451	0
ENSMUSG00000042453	1365
ENSMUSG00000042459	0
ENSMUSG00000042460	1447
ENSMUSG00000042462	863
ENSMUSG00000042472	758
ENSMUSG00000042473	192
ENSMUSG00000042474	21
ENSMUSG00000042476	3449
ENSMUSG00000042477	0
ENSMUSG00000042485	255
ENSMUSG00000042487	212
ENSMUSG00000042489	9
ENSMUSG00000042492	356
ENSMUSG00000042496	450
ENSMUSG00000042498	0
ENSMUSG00000042499	0
ENSMUSG00000042500	231
ENSMUSG00000042501	0
ENSMUSG00000042502	764
ENSMUSG00000042505	308
ENSMUSG00000042506	731
ENSMUSG00000042507	288
ENSMUSG00000042508	1005
ENSMUSG00000042510	34
ENSMUSG00000042514	2
ENSMUSG00000042515	5
ENSMUSG00000042520	821
ENSMUSG00000042523	37
ENSMUSG00000042524	1737
ENSMUSG00000042525	0
ENSMUSG00000042529	0
ENSMUSG00000042532	0
ENSMUSG00000042535	407
ENSMUSG00000042540	0
ENSMUSG00000042541	2192
ENSMUSG00000042548	886
ENSMUSG00000042549	18
ENSMUSG00000042554	0
ENSMUSG00000042557	797
ENSMUSG00000042558	526
ENSMUSG00000042564	28
ENSMUSG00000042567	1
ENSMUSG00000042569	735
ENSMUSG00000042570	347
ENSMUSG00000042572	1137
ENSMUSG00000042579	114
ENSMUSG00000042581	0
ENSMUSG00000042589	20
ENSMUSG00000042590	389
ENSMUSG00000042594	667
ENSMUSG00000042595	128
ENSMUSG00000042596	0
ENSMUSG00000042599	289
ENSMUSG00000042604	0
ENSMUSG00000042605	1742
ENSMUSG00000042606	143
ENSMUSG00000042607	7
ENSMUSG00000042608	1045
ENSMUSG00000042613	529
ENSMUSG00000042616	5
ENSMUSG00000042622	246
ENSMUSG00000042625	2626
ENSMUSG00000042626	802
ENSMUSG00000042628	1171
ENSMUSG00000042631	0
ENSMUSG00000042632	1451
ENSMUSG00000042638	4
ENSMUSG00000042641	0
ENSMUSG00000042642	1210
ENSMUSG00000042644	132
ENSMUSG00000042647	149
ENSMUSG00000042650	1512
ENSMUSG00000042655	0
ENSMUSG00000042659	482
ENSMUSG00000042660	462
ENSMUSG00000042662	0
ENSMUSG00000042670	212
ENSMUSG00000042671	3
ENSMUSG00000042672	2
ENSMUSG00000042675	1274
ENSMUSG00000042677	125
ENSMUSG00000042678	4
ENSMUSG00000042680	173
ENSMUSG00000042682	1203
ENSMUSG00000042684	32
ENSMUSG00000042686	47
ENSMUSG00000042688	711
ENSMUSG00000042694	107
ENSMUSG00000042699	905
ENSMUSG00000042700	659
ENSMUSG00000042705	277
ENSMUSG00000042707	2
ENSMUSG00000042708	1
ENSMUSG00000042709	523
ENSMUSG00000042712	147
ENSMUSG00000042717	6
ENSMUSG00000042719	555
ENSMUSG00000042724	5
ENSMUSG00000042726	1360
ENSMUSG00000042729	158
ENSMUSG00000042734	1
ENSMUSG00000042737	683
ENSMUSG00000042742	278
ENSMUSG00000042743	25
ENSMUSG00000042744	1101
ENSMUSG00000042745	333
ENSMUSG00000042747	1713
ENSMUSG00000042750	5
ENSMUSG00000042751	9
ENSMUSG00000042757	7
ENSMUSG00000042759	70
ENSMUSG00000042761	0
ENSMUSG00000042763	0
ENSMUSG00000042766	12
ENSMUSG00000042770	7114
ENSMUSG00000042772	1370
ENSMUSG00000042774	0
ENSMUSG00000042784	39
ENSMUSG00000042787	106
ENSMUSG00000042788	1
ENSMUSG00000042790	395
ENSMUSG00000042793	1
ENSMUSG00000042796	0
ENSMUSG00000042797	781
ENSMUSG00000042800	0
ENSMUSG00000042801	0
ENSMUSG00000042804	33
ENSMUSG00000042807	115
ENSMUSG00000042808	3
ENSMUSG00000042810	1003
ENSMUSG00000042812	112
ENSMUSG00000042814	132
ENSMUSG00000042816	0
ENSMUSG00000042817	19
ENSMUSG00000042821	31
ENSMUSG00000042826	4
ENSMUSG00000042828	4
ENSMUSG00000042831	239
ENSMUSG00000042834	324
ENSMUSG00000042842	82
ENSMUSG00000042845	9
ENSMUSG00000042846	4
ENSMUSG00000042848	0
ENSMUSG00000042849	0
ENSMUSG00000042851	180
ENSMUSG00000042854	25
ENSMUSG00000042857	32
ENSMUSG00000042861	0
ENSMUSG00000042863	0
ENSMUSG00000042869	0
ENSMUSG00000042870	1
ENSMUSG00000042873	1
ENSMUSG00000042874	0
ENSMUSG00000042888	0
ENSMUSG00000042894	0
ENSMUSG00000042895	1
ENSMUSG00000042901	253
ENSMUSG00000042903	596
ENSMUSG00000042909	0
ENSMUSG00000042918	13
ENSMUSG00000042938	32
ENSMUSG00000042940	0
ENSMUSG00000042942	11
ENSMUSG00000042961	17
ENSMUSG00000042962	722
ENSMUSG00000042976	0
ENSMUSG00000042978	959
ENSMUSG00000042985	28
ENSMUSG00000042988	850
ENSMUSG00000042992	285
ENSMUSG00000042993	0
ENSMUSG00000042997	413
ENSMUSG00000043003	3
ENSMUSG00000043004	104
ENSMUSG00000043008	138
ENSMUSG00000043013	62
ENSMUSG00000043015	83
ENSMUSG00000043017	17
ENSMUSG00000043019	858
ENSMUSG00000043020	3
ENSMUSG00000043024	3
ENSMUSG00000043029	6
ENSMUSG00000043036	0
ENSMUSG00000043050	0
ENSMUSG00000043051	2
ENSMUSG00000043059	736
ENSMUSG00000043060	0
ENSMUSG00000043061	520
ENSMUSG00000043065	180
ENSMUSG00000043066	0
ENSMUSG00000043067	1750
ENSMUSG00000043068	89
ENSMUSG00000043073	0
ENSMUSG00000043079	158
ENSMUSG00000043085	535
ENSMUSG00000043087	0
ENSMUSG00000043088	8
ENSMUSG00000043089	0
ENSMUSG00000043090	195
ENSMUSG00000043091	878
ENSMUSG00000043099	82
ENSMUSG00000043102	1
ENSMUSG00000043110	0
ENSMUSG00000043119	0
ENSMUSG00000043122	10
ENSMUSG00000043126	0
ENSMUSG00000043131	709
ENSMUSG00000043140	522
ENSMUSG00000043144	0
ENSMUSG00000043145	0
ENSMUSG00000043153	55
ENSMUSG00000043154	364
ENSMUSG00000043155	3
ENSMUSG00000043157	25
ENSMUSG00000043162	572
ENSMUSG00000043164	1
ENSMUSG00000043165	13
ENSMUSG00000043168	2
ENSMUSG00000043183	607
ENSMUSG00000043190	272
ENSMUSG00000043192	263
ENSMUSG00000043207	635
ENSMUSG00000043219	0
ENSMUSG00000043223	0
ENSMUSG00000043226	0
ENSMUSG00000043230	0
ENSMUSG00000043241	510
ENSMUSG00000043243	28
ENSMUSG00000043251	307
ENSMUSG00000043252	1031
ENSMUSG00000043257	353
ENSMUSG00000043259	5
ENSMUSG00000043262	37
ENSMUSG00000043263	25
ENSMUSG00000043267	11
ENSMUSG00000043274	0
ENSMUSG00000043279	519
ENSMUSG00000043282	6
ENSMUSG00000043284	747
ENSMUSG00000043286	0
ENSMUSG00000043289	0
ENSMUSG00000043290	79
ENSMUSG00000043295	44
ENSMUSG00000043298	3
ENSMUSG00000043300	27
ENSMUSG00000043301	0
ENSMUSG00000043308	0
ENSMUSG00000043310	0
ENSMUSG00000043311	247
ENSMUSG00000043312	0
ENSMUSG00000043313	3
ENSMUSG00000043314	0
ENSMUSG00000043319	0
ENSMUSG00000043323	892
ENSMUSG00000043329	0
ENSMUSG00000043331	0
ENSMUSG00000043333	0
ENSMUSG00000043336	342
ENSMUSG00000043340	0
ENSMUSG00000043342	0
ENSMUSG00000043346	0
ENSMUSG00000043354	0
ENSMUSG00000043357	0
ENSMUSG00000043366	1
ENSMUSG00000043372	55
ENSMUSG00000043383	0
ENSMUSG00000043384	542
ENSMUSG00000043385	0
ENSMUSG00000043388	0
ENSMUSG00000043391	290
ENSMUSG00000043398	181
ENSMUSG00000043410	0
ENSMUSG00000043411	1962
ENSMUSG00000043415	159
ENSMUSG00000043418	398
ENSMUSG00000043419	6
ENSMUSG00000043421	67
ENSMUSG00000043424	23
ENSMUSG00000043429	0
ENSMUSG00000043430	0
ENSMUSG00000043432	111
ENSMUSG00000043439	65
ENSMUSG00000043441	0
ENSMUSG00000043445	285
ENSMUSG00000043448	26
ENSMUSG00000043453	0
ENSMUSG00000043456	0
ENSMUSG00000043458	5
ENSMUSG00000043460	0
ENSMUSG00000043461	0
ENSMUSG00000043463	0
ENSMUSG00000043467	255
ENSMUSG00000043468	0
ENSMUSG00000043472	0
ENSMUSG00000043483	170
ENSMUSG00000043484	8
ENSMUSG00000043485	0
ENSMUSG00000043487	28
ENSMUSG00000043488	7
ENSMUSG00000043496	9
ENSMUSG00000043498	0
ENSMUSG00000043501	7
ENSMUSG00000043505	18
ENSMUSG00000043510	118
ENSMUSG00000043518	87
ENSMUSG00000043522	0
ENSMUSG00000043529	0
ENSMUSG00000043531	0
ENSMUSG00000043535	664
ENSMUSG00000043537	0
ENSMUSG00000043541	1
ENSMUSG00000043542	37
ENSMUSG00000043549	0
ENSMUSG00000043556	1
ENSMUSG00000043557	0
ENSMUSG00000043569	0
ENSMUSG00000043572	75
ENSMUSG00000043583	0
ENSMUSG00000043587	278
ENSMUSG00000043592	3
ENSMUSG00000043602	66
ENSMUSG00000043605	0
ENSMUSG00000043613	3
ENSMUSG00000043614	14
ENSMUSG00000043618	31
ENSMUSG00000043621	2
ENSMUSG00000043623	0
ENSMUSG00000043629	0
ENSMUSG00000043631	10
ENSMUSG00000043633	0
ENSMUSG00000043635	5
ENSMUSG00000043639	82
ENSMUSG00000043644	4
ENSMUSG00000043648	17
ENSMUSG00000043659	0
ENSMUSG00000043661	0
ENSMUSG00000043664	14
ENSMUSG00000043668	3
ENSMUSG00000043670	0
ENSMUSG00000043671	912
ENSMUSG00000043673	13
ENSMUSG00000043681	814
ENSMUSG00000043683	754
ENSMUSG00000043687	81
ENSMUSG00000043692	0
ENSMUSG00000043698	0
ENSMUSG00000043702	292
ENSMUSG00000043705	0
ENSMUSG00000043715	0
ENSMUSG00000043716	27
ENSMUSG00000043719	48
ENSMUSG00000043727	0
ENSMUSG00000043733	1010
ENSMUSG00000043740	161
ENSMUSG00000043747	2
ENSMUSG00000043753	148
ENSMUSG00000043760	164
ENSMUSG00000043770	736
ENSMUSG00000043773	3
ENSMUSG00000043782	3
ENSMUSG00000043787	0
ENSMUSG00000043789	2656
ENSMUSG00000043794	1
ENSMUSG00000043795	0
ENSMUSG00000043800	0
ENSMUSG00000043801	280
ENSMUSG00000043807	14
ENSMUSG00000043811	0
ENSMUSG00000043822	25
ENSMUSG00000043827	0
ENSMUSG00000043831	280
ENSMUSG00000043832	77
ENSMUSG00000043833	112
ENSMUSG00000043843	1
ENSMUSG00000043850	0
ENSMUSG00000043855	0
ENSMUSG00000043857	0
ENSMUSG00000043859	0
ENSMUSG00000043865	0
ENSMUSG00000043866	150
ENSMUSG00000043870	9
ENSMUSG00000043872	127
ENSMUSG00000043873	2
ENSMUSG00000043880	0
ENSMUSG00000043881	308
ENSMUSG00000043885	344
ENSMUSG00000043889	12
ENSMUSG00000043892	0
ENSMUSG00000043895	89
ENSMUSG00000043897	0
ENSMUSG00000043903	0
ENSMUSG00000043909	399
ENSMUSG00000043911	0
ENSMUSG00000043913	0
ENSMUSG00000043923	792
ENSMUSG00000043924	48
ENSMUSG00000043925	0
ENSMUSG00000043929	133
ENSMUSG00000043931	16
ENSMUSG00000043932	0
ENSMUSG00000043939	16
ENSMUSG00000043940	1574
ENSMUSG00000043943	31
ENSMUSG00000043945	0
ENSMUSG00000043948	0
ENSMUSG00000043953	70
ENSMUSG00000043962	262
ENSMUSG00000043964	475
ENSMUSG00000043969	0
ENSMUSG00000043972	0
ENSMUSG00000043982	0
ENSMUSG00000043986	0
ENSMUSG00000043987	511
ENSMUSG00000043991	191
ENSMUSG00000043993	63
ENSMUSG00000043998	1310
ENSMUSG00000043999	0
ENSMUSG00000044005	9628
ENSMUSG00000044006	0
ENSMUSG00000044014	0
ENSMUSG00000044017	125
ENSMUSG00000044018	1250
ENSMUSG00000044021	1
ENSMUSG00000044022	0
ENSMUSG00000044024	13
ENSMUSG00000044025	0
ENSMUSG00000044026	805
ENSMUSG00000044029	0
ENSMUSG00000044030	341
ENSMUSG00000044033	662
ENSMUSG00000044034	14
ENSMUSG00000044037	3339
ENSMUSG00000044039	0
ENSMUSG00000044040	0
ENSMUSG00000044041	0
ENSMUSG00000044042	306
ENSMUSG00000044043	10
ENSMUSG00000044052	0
ENSMUSG00000044055	7
ENSMUSG00000044056	0
ENSMUSG00000044058	0
ENSMUSG00000044061	0
ENSMUSG00000044062	2
ENSMUSG00000044065	0
ENSMUSG00000044066	283
ENSMUSG00000044067	0
ENSMUSG00000044068	463
ENSMUSG00000044071	65
ENSMUSG00000044072	36
ENSMUSG00000044080	4624
ENSMUSG00000044081	9
ENSMUSG00000044083	0
ENSMUSG00000044084	0
ENSMUSG00000044086	1
ENSMUSG00000044092	20
ENSMUSG00000044098	305
ENSMUSG00000044103	4
ENSMUSG00000044106	0
ENSMUSG00000044117	0
ENSMUSG00000044120	0
ENSMUSG00000044121	0
ENSMUSG00000044122	181
ENSMUSG00000044125	12
ENSMUSG00000044134	218
ENSMUSG00000044139	177
ENSMUSG00000044141	0
ENSMUSG00000044145	0
ENSMUSG00000044147	736
ENSMUSG00000044148	215
ENSMUSG00000044149	126
ENSMUSG00000044150	88
ENSMUSG00000044155	279
ENSMUSG00000044156	4
ENSMUSG00000044162	2
ENSMUSG00000044164	0
ENSMUSG00000044165	2
ENSMUSG00000044167	834
ENSMUSG00000044170	0
ENSMUSG00000044172	0
ENSMUSG00000044176	0
ENSMUSG00000044177	5
ENSMUSG00000044186	4
ENSMUSG00000044197	2423
ENSMUSG00000044199	19
ENSMUSG00000044201	4
ENSMUSG00000044205	0
ENSMUSG00000044206	1206
ENSMUSG00000044211	87
ENSMUSG00000044213	0
ENSMUSG00000044216	0
ENSMUSG00000044217	0
ENSMUSG00000044220	1
ENSMUSG00000044221	2255
ENSMUSG00000044222	0
ENSMUSG00000044224	574
ENSMUSG00000044227	0
ENSMUSG00000044229	39
ENSMUSG00000044231	47
ENSMUSG00000044243	0
ENSMUSG00000044244	113
ENSMUSG00000044248	0
ENSMUSG00000044249	0
ENSMUSG00000044250	101
ENSMUSG00000044252	2692
ENSMUSG00000044254	2432
ENSMUSG00000044258	120
ENSMUSG00000044265	0
ENSMUSG00000044268	8
ENSMUSG00000044276	3
ENSMUSG00000044279	370
ENSMUSG00000044285	3
ENSMUSG00000044286	0
ENSMUSG00000044287	12
ENSMUSG00000044288	4
ENSMUSG00000044292	0
ENSMUSG00000044293	0
ENSMUSG00000044294	0
ENSMUSG00000044296	16
ENSMUSG00000044303	31
ENSMUSG00000044306	0
ENSMUSG00000044308	2290
ENSMUSG00000044309	1
ENSMUSG00000044312	0
ENSMUSG00000044313	13
ENSMUSG00000044317	57
ENSMUSG00000044320	0
ENSMUSG00000044322	0
ENSMUSG00000044328	78
ENSMUSG00000044330	84
ENSMUSG00000044337	8
ENSMUSG00000044338	1
ENSMUSG00000044339	216
ENSMUSG00000044340	543
ENSMUSG00000044345	972
ENSMUSG00000044348	14
ENSMUSG00000044349	2133
ENSMUSG00000044350	454
ENSMUSG00000044352	0
ENSMUSG00000044359	35
ENSMUSG00000044361	463
ENSMUSG00000044362	2
ENSMUSG00000044364	0
ENSMUSG00000044365	9
ENSMUSG00000044367	49
ENSMUSG00000044375	0
ENSMUSG00000044377	2
ENSMUSG00000044378	78
ENSMUSG00000044387	1
ENSMUSG00000044390	15
ENSMUSG00000044393	2402
ENSMUSG00000044400	0
ENSMUSG00000044405	0
ENSMUSG00000044408	1702
ENSMUSG00000044424	10
ENSMUSG00000044429	0
ENSMUSG00000044430	0
ENSMUSG00000044433	546
ENSMUSG00000044434	53
ENSMUSG00000044441	8
ENSMUSG00000044442	173
ENSMUSG00000044444	0
ENSMUSG00000044447	618
ENSMUSG00000044452	498
ENSMUSG00000044453	5
ENSMUSG00000044454	0
ENSMUSG00000044456	539
ENSMUSG00000044457	0
ENSMUSG00000044461	21
ENSMUSG00000044465	567
ENSMUSG00000044468	284
ENSMUSG00000044469	736
ENSMUSG00000044471	2
ENSMUSG00000044475	444
ENSMUSG00000044477	1802
ENSMUSG00000044485	0
ENSMUSG00000044487	0
ENSMUSG00000044496	676
ENSMUSG00000044499	0
ENSMUSG00000044501	151
ENSMUSG00000044502	358
ENSMUSG00000044505	99
ENSMUSG00000044515	0
ENSMUSG00000044518	0
ENSMUSG00000044519	0
ENSMUSG00000044522	6
ENSMUSG00000044526	0
ENSMUSG00000044528	0
ENSMUSG00000044533	18
ENSMUSG00000044534	85
ENSMUSG00000044537	0
ENSMUSG00000044538	0
ENSMUSG00000044542	0
ENSMUSG00000044544	0
ENSMUSG00000044548	102
ENSMUSG00000044550	0
ENSMUSG00000044551	36
ENSMUSG00000044556	9
ENSMUSG00000044560	0
ENSMUSG00000044562	292
ENSMUSG00000044566	26
ENSMUSG00000044573	310
ENSMUSG00000044574	0
ENSMUSG00000044576	0
ENSMUSG00000044581	0
ENSMUSG00000044583	42
ENSMUSG00000044594	0
ENSMUSG00000044595	13
ENSMUSG00000044597	0
ENSMUSG00000044600	1174
ENSMUSG00000044609	64
ENSMUSG00000044617	310
ENSMUSG00000044624	0
ENSMUSG00000044626	4
ENSMUSG00000044627	2822
ENSMUSG00000044628	7
ENSMUSG00000044629	38
ENSMUSG00000044633	2
ENSMUSG00000044636	93
ENSMUSG00000044639	0
ENSMUSG00000044641	109
ENSMUSG00000044645	0
ENSMUSG00000044646	75
ENSMUSG00000044647	0
ENSMUSG00000044649	0
ENSMUSG00000044664	0
ENSMUSG00000044667	0
ENSMUSG00000044674	165
ENSMUSG00000044676	649
ENSMUSG00000044678	0
ENSMUSG00000044681	7
ENSMUSG00000044689	0
ENSMUSG00000044694	8
ENSMUSG00000044697	0
ENSMUSG00000044700	593
ENSMUSG00000044701	2
ENSMUSG00000044702	27
ENSMUSG00000044703	5
ENSMUSG00000044705	0
ENSMUSG00000044707	6
ENSMUSG00000044708	46
ENSMUSG00000044709	654
ENSMUSG00000044712	546
ENSMUSG00000044715	233
ENSMUSG00000044716	3
ENSMUSG00000044719	0
ENSMUSG00000044724	0
ENSMUSG00000044726	0
ENSMUSG00000044730	171
ENSMUSG00000044734	577
ENSMUSG00000044737	0
ENSMUSG00000044743	0
ENSMUSG00000044748	71
ENSMUSG00000044749	1866
ENSMUSG00000044751	691
ENSMUSG00000044757	0
ENSMUSG00000044763	426
ENSMUSG00000044768	426
ENSMUSG00000044770	4
ENSMUSG00000044772	0
ENSMUSG00000044783	12605
ENSMUSG00000044786	7878
ENSMUSG00000044787	0
ENSMUSG00000044788	2808
ENSMUSG00000044791	863
ENSMUSG00000044792	177
ENSMUSG00000044795	4
ENSMUSG00000044798	0
ENSMUSG00000044801	0
ENSMUSG00000044807	27
ENSMUSG00000044811	123
ENSMUSG00000044813	1275
ENSMUSG00000044814	0
ENSMUSG00000044816	1
ENSMUSG00000044819	0
ENSMUSG00000044820	0
ENSMUSG00000044824	0
ENSMUSG00000044827	88
ENSMUSG00000044835	0
ENSMUSG00000044847	78
ENSMUSG00000044854	36
ENSMUSG00000044857	767
ENSMUSG00000044860	0
ENSMUSG00000044863	0
ENSMUSG00000044864	168
ENSMUSG00000044867	18
ENSMUSG00000044876	715
ENSMUSG00000044881	169
ENSMUSG00000044894	10923
ENSMUSG00000044897	0
ENSMUSG00000044899	0
ENSMUSG00000044903	0
ENSMUSG00000044906	112
ENSMUSG00000044912	0
ENSMUSG00000044916	35
ENSMUSG00000044921	23
ENSMUSG00000044923	43
ENSMUSG00000044927	1
ENSMUSG00000044933	0
ENSMUSG00000044934	610
ENSMUSG00000044937	331
ENSMUSG00000044938	0
ENSMUSG00000044948	29
ENSMUSG00000044949	3
ENSMUSG00000044950	204
ENSMUSG00000044951	0
ENSMUSG00000044952	176
ENSMUSG00000044957	0
ENSMUSG00000044966	5
ENSMUSG00000044968	25
ENSMUSG00000044976	0
ENSMUSG00000044982	130
ENSMUSG00000044985	0
ENSMUSG00000044986	5455
ENSMUSG00000044988	1
ENSMUSG00000044991	141
ENSMUSG00000044994	0
ENSMUSG00000044997	0
ENSMUSG00000045004	0
ENSMUSG00000045005	163
ENSMUSG00000045007	8
ENSMUSG00000045008	2
ENSMUSG00000045009	0
ENSMUSG00000045010	0
ENSMUSG00000045013	0
ENSMUSG00000045019	0
ENSMUSG00000045022	0
ENSMUSG00000045027	0
ENSMUSG00000045030	1
ENSMUSG00000045031	4
ENSMUSG00000045034	0
ENSMUSG00000045036	0
ENSMUSG00000045038	325
ENSMUSG00000045039	587
ENSMUSG00000045045	20
ENSMUSG00000045048	4
ENSMUSG00000045052	0
ENSMUSG00000045053	0
ENSMUSG00000045055	0
ENSMUSG00000045062	5
ENSMUSG00000045064	85
ENSMUSG00000045065	0
ENSMUSG00000045071	146
ENSMUSG00000045075	12
ENSMUSG00000045078	537
ENSMUSG00000045083	0
ENSMUSG00000045087	198
ENSMUSG00000045091	0
ENSMUSG00000045092	1181
ENSMUSG00000045094	44
ENSMUSG00000045095	827
ENSMUSG00000045098	1065
ENSMUSG00000045100	180
ENSMUSG00000045102	1
ENSMUSG00000045103	1024
ENSMUSG00000045104	2
ENSMUSG00000045106	0
ENSMUSG00000045107	539
ENSMUSG00000045109	0
ENSMUSG00000045111	0
ENSMUSG00000045114	5
ENSMUSG00000045126	0
ENSMUSG00000045128	71
ENSMUSG00000045132	0
ENSMUSG00000045136	2
ENSMUSG00000045140	88
ENSMUSG00000045148	0
ENSMUSG00000045150	0
ENSMUSG00000045160	619
ENSMUSG00000045165	6
ENSMUSG00000045174	0
ENSMUSG00000045176	228
ENSMUSG00000045178	0
ENSMUSG00000045179	0
ENSMUSG00000045180	698
ENSMUSG00000045193	733
ENSMUSG00000045201	3
ENSMUSG00000045202	0
ENSMUSG00000045204	0
ENSMUSG00000045205	304
ENSMUSG00000045210	982
ENSMUSG00000045211	357
ENSMUSG00000045215	0
ENSMUSG00000045216	4115
ENSMUSG00000045217	0
ENSMUSG00000045225	0
ENSMUSG00000045231	17
ENSMUSG00000045232	0
ENSMUSG00000045236	0
ENSMUSG00000045237	189
ENSMUSG00000045238	0
ENSMUSG00000045246	2
ENSMUSG00000045248	171
ENSMUSG00000045251	150
ENSMUSG00000045252	284
ENSMUSG00000045257	114
ENSMUSG00000045259	0
ENSMUSG00000045267	0
ENSMUSG00000045268	207
ENSMUSG00000045273	8
ENSMUSG00000045275	2
ENSMUSG00000045281	2
ENSMUSG00000045282	2199
ENSMUSG00000045284	147
ENSMUSG00000045287	335
ENSMUSG00000045288	6
ENSMUSG00000045291	0
ENSMUSG00000045294	5720
ENSMUSG00000045302	5812
ENSMUSG00000045306	0
ENSMUSG00000045312	253
ENSMUSG00000045314	161
ENSMUSG00000045316	1475
ENSMUSG00000045318	0
ENSMUSG00000045319	464
ENSMUSG00000045322	3
ENSMUSG00000045326	8
ENSMUSG00000045327	4
ENSMUSG00000045328	20
ENSMUSG00000045330	0
ENSMUSG00000045331	0
ENSMUSG00000045333	15
ENSMUSG00000045336	0
ENSMUSG00000045337	0
ENSMUSG00000045339	0
ENSMUSG00000045340	0
ENSMUSG00000045341	0
ENSMUSG00000045345	16
ENSMUSG00000045348	23
ENSMUSG00000045349	15
ENSMUSG00000045350	1
ENSMUSG00000045362	67
ENSMUSG00000045364	0
ENSMUSG00000045374	1157
ENSMUSG00000045377	112
ENSMUSG00000045378	0
ENSMUSG00000045381	1
ENSMUSG00000045382	65
ENSMUSG00000045391	0
ENSMUSG00000045392	184
ENSMUSG00000045394	57
ENSMUSG00000045395	0
ENSMUSG00000045404	17
ENSMUSG00000045409	1010
ENSMUSG00000045410	1167
ENSMUSG00000045411	420
ENSMUSG00000045414	1054
ENSMUSG00000045417	0
ENSMUSG00000045421	0
ENSMUSG00000045427	508
ENSMUSG00000045435	292
ENSMUSG00000045438	1695
ENSMUSG00000045440	0
ENSMUSG00000045441	440
ENSMUSG00000045455	9
ENSMUSG00000045463	0
ENSMUSG00000045464	41
ENSMUSG00000045466	426
ENSMUSG00000045467	26
ENSMUSG00000045471	0
ENSMUSG00000045474	0
ENSMUSG00000045475	0
ENSMUSG00000045479	0
ENSMUSG00000045482	1579
ENSMUSG00000045493	0
ENSMUSG00000045498	1
ENSMUSG00000045502	45
ENSMUSG00000045503	791
ENSMUSG00000045506	1
ENSMUSG00000045508	0
ENSMUSG00000045509	0
ENSMUSG00000045514	0
ENSMUSG00000045515	0
ENSMUSG00000045518	0
ENSMUSG00000045519	175
ENSMUSG00000045521	0
ENSMUSG00000045528	0
ENSMUSG00000045532	0
ENSMUSG00000045534	3
ENSMUSG00000045538	341
ENSMUSG00000045539	0
ENSMUSG00000045540	0
ENSMUSG00000045545	0
ENSMUSG00000045551	129
ENSMUSG00000045555	5
ENSMUSG00000045559	0
ENSMUSG00000045566	0
ENSMUSG00000045569	0
ENSMUSG00000045573	3
ENSMUSG00000045575	0
ENSMUSG00000045576	467
ENSMUSG00000045581	0
ENSMUSG00000045584	0
ENSMUSG00000045587	0
ENSMUSG00000045589	0
ENSMUSG00000045591	0
ENSMUSG00000045594	383
ENSMUSG00000045598	103
ENSMUSG00000045608	0
ENSMUSG00000045609	0
ENSMUSG00000045613	0
ENSMUSG00000045620	0
ENSMUSG00000045624	275
ENSMUSG00000045625	5
ENSMUSG00000045629	76
ENSMUSG00000045631	0
ENSMUSG00000045636	3708
ENSMUSG00000045639	432
ENSMUSG00000045648	0
ENSMUSG00000045655	0
ENSMUSG00000045657	1
ENSMUSG00000045658	1974
ENSMUSG00000045659	244
ENSMUSG00000045662	0
ENSMUSG00000045664	110
ENSMUSG00000045665	537
ENSMUSG00000045667	26
ENSMUSG00000045671	239
ENSMUSG00000045672	2348
ENSMUSG00000045678	0
ENSMUSG00000045679	15
ENSMUSG00000045680	96
ENSMUSG00000045684	0
ENSMUSG00000045689	4
ENSMUSG00000045690	341
ENSMUSG00000045691	740
ENSMUSG00000045693	0
ENSMUSG00000045694	0
ENSMUSG00000045699	0
ENSMUSG00000045708	0
ENSMUSG00000045709	0
ENSMUSG00000045713	0
ENSMUSG00000045725	3
ENSMUSG00000045730	95
ENSMUSG00000045731	0
ENSMUSG00000045733	29
ENSMUSG00000045744	5
ENSMUSG00000045746	1
ENSMUSG00000045751	51
ENSMUSG00000045752	464
ENSMUSG00000045757	42
ENSMUSG00000045761	1
ENSMUSG00000045763	64
ENSMUSG00000045767	859
ENSMUSG00000045775	274
ENSMUSG00000045776	348
ENSMUSG00000045777	8
ENSMUSG00000045780	0
ENSMUSG00000045790	111
ENSMUSG00000045792	0
ENSMUSG00000045794	0
ENSMUSG00000045795	2990
ENSMUSG00000045797	0
ENSMUSG00000045799	15
ENSMUSG00000045802	0
ENSMUSG00000045812	0
ENSMUSG00000045813	0
ENSMUSG00000045815	0
ENSMUSG00000045817	471
ENSMUSG00000045822	50
ENSMUSG00000045824	0
ENSMUSG00000045826	33
ENSMUSG00000045827	287
ENSMUSG00000045835	0
ENSMUSG00000045838	277
ENSMUSG00000045842	0
ENSMUSG00000045854	104
ENSMUSG00000045867	366
ENSMUSG00000045868	10
ENSMUSG00000045871	2
ENSMUSG00000045875	80
ENSMUSG00000045876	2
ENSMUSG00000045877	2
ENSMUSG00000045883	0
ENSMUSG00000045886	45
ENSMUSG00000045896	246
ENSMUSG00000045903	1
ENSMUSG00000045912	1
ENSMUSG00000045915	0
ENSMUSG00000045917	388
ENSMUSG00000045928	0
ENSMUSG00000045929	0
ENSMUSG00000045930	536
ENSMUSG00000045932	97
ENSMUSG00000045934	122
ENSMUSG00000045942	21
ENSMUSG00000045948	1037
ENSMUSG00000045952	0
ENSMUSG00000045954	387
ENSMUSG00000045962	1868
ENSMUSG00000045967	0
ENSMUSG00000045968	1
ENSMUSG00000045969	163
ENSMUSG00000045973	1952
ENSMUSG00000045975	3201
ENSMUSG00000045980	285
ENSMUSG00000045983	6381
ENSMUSG00000045989	0
ENSMUSG00000045991	1891
ENSMUSG00000045994	0
ENSMUSG00000045996	12
ENSMUSG00000046000	0
ENSMUSG00000046005	0
ENSMUSG00000046006	0
ENSMUSG00000046008	0
ENSMUSG00000046010	182
ENSMUSG00000046016	0
ENSMUSG00000046020	448
ENSMUSG00000046027	3401
ENSMUSG00000046031	92
ENSMUSG00000046032	256
ENSMUSG00000046034	1198
ENSMUSG00000046041	0
ENSMUSG00000046049	0
ENSMUSG00000046056	4
ENSMUSG00000046057	0
ENSMUSG00000046058	8
ENSMUSG00000046062	2790
ENSMUSG00000046070	2616
ENSMUSG00000046079	716
ENSMUSG00000046080	304
ENSMUSG00000046082	0
ENSMUSG00000046085	0
ENSMUSG00000046088	0
ENSMUSG00000046093	0
ENSMUSG00000046095	0
ENSMUSG00000046096	373
ENSMUSG00000046101	7
ENSMUSG00000046108	4
ENSMUSG00000046109	0
ENSMUSG00000046110	0
ENSMUSG00000046111	314
ENSMUSG00000046119	0
ENSMUSG00000046130	0
ENSMUSG00000046133	0
ENSMUSG00000046138	1124
ENSMUSG00000046139	557
ENSMUSG00000046145	0
ENSMUSG00000046150	0
ENSMUSG00000046152	25
ENSMUSG00000046157	13
ENSMUSG00000046159	111
ENSMUSG00000046160	349
ENSMUSG00000046167	15
ENSMUSG00000046168	2
ENSMUSG00000046169	88
ENSMUSG00000046173	0
ENSMUSG00000046178	1
ENSMUSG00000046179	79
ENSMUSG00000046180	0
ENSMUSG00000046182	5
ENSMUSG00000046185	256
ENSMUSG00000046186	0
ENSMUSG00000046191	7
ENSMUSG00000046192	0
ENSMUSG00000046196	0
ENSMUSG00000046201	615
ENSMUSG00000046203	0
ENSMUSG00000046204	2
ENSMUSG00000046207	75
ENSMUSG00000046210	0
ENSMUSG00000046213	0
ENSMUSG00000046215	0
ENSMUSG00000046219	3
ENSMUSG00000046223	21
ENSMUSG00000046229	205
ENSMUSG00000046230	572
ENSMUSG00000046240	0
ENSMUSG00000046242	1
ENSMUSG00000046245	155
ENSMUSG00000046248	0
ENSMUSG00000046258	0
ENSMUSG00000046259	0
ENSMUSG00000046262	0
ENSMUSG00000046269	22
ENSMUSG00000046272	0
ENSMUSG00000046275	4
ENSMUSG00000046280	140
ENSMUSG00000046282	0
ENSMUSG00000046287	0
ENSMUSG00000046295	10
ENSMUSG00000046300	0
ENSMUSG00000046311	497
ENSMUSG00000046312	1188
ENSMUSG00000046314	377
ENSMUSG00000046317	0
ENSMUSG00000046318	1
ENSMUSG00000046321	0
ENSMUSG00000046323	3
ENSMUSG00000046324	1080
ENSMUSG00000046329	7417
ENSMUSG00000046330	102
ENSMUSG00000046334	32
ENSMUSG00000046337	0
ENSMUSG00000046338	228
ENSMUSG00000046341	7
ENSMUSG00000046345	2
ENSMUSG00000046351	251
ENSMUSG00000046352	7488
ENSMUSG00000046354	0
ENSMUSG00000046364	570
ENSMUSG00000046367	0
ENSMUSG00000046372	6
ENSMUSG00000046378	0
ENSMUSG00000046380	33
ENSMUSG00000046387	23
ENSMUSG00000046388	0
ENSMUSG00000046396	0
ENSMUSG00000046402	1512
ENSMUSG00000046404	497
ENSMUSG00000046408	6
ENSMUSG00000046410	72
ENSMUSG00000046411	0
ENSMUSG00000046413	3
ENSMUSG00000046415	70
ENSMUSG00000046417	14
ENSMUSG00000046431	0
ENSMUSG00000046432	50
ENSMUSG00000046434	34
ENSMUSG00000046435	0
ENSMUSG00000046438	0
ENSMUSG00000046440	0
ENSMUSG00000046441	78
ENSMUSG00000046442	8
ENSMUSG00000046447	2499
ENSMUSG00000046449	0
ENSMUSG00000046450	0
ENSMUSG00000046456	4
ENSMUSG00000046460	0
ENSMUSG00000046463	0
ENSMUSG00000046470	220
ENSMUSG00000046474	0
ENSMUSG00000046480	0
ENSMUSG00000046486	0
ENSMUSG00000046487	0
ENSMUSG00000046490	1
ENSMUSG00000046491	37
ENSMUSG00000046493	0
ENSMUSG00000046500	0
ENSMUSG00000046516	507
ENSMUSG00000046518	0
ENSMUSG00000046519	275
ENSMUSG00000046523	0
ENSMUSG00000046532	326
ENSMUSG00000046541	47
ENSMUSG00000046546	144
ENSMUSG00000046550	7
ENSMUSG00000046556	155
ENSMUSG00000046561	0
ENSMUSG00000046562	680
ENSMUSG00000046567	175
ENSMUSG00000046572	34
ENSMUSG00000046573	311
ENSMUSG00000046574	481
ENSMUSG00000046580	0
ENSMUSG00000046585	0
ENSMUSG00000046589	12
ENSMUSG00000046590	0
ENSMUSG00000046591	8
ENSMUSG00000046593	5
ENSMUSG00000046598	5096
ENSMUSG00000046603	753
ENSMUSG00000046605	181
ENSMUSG00000046607	1
ENSMUSG00000046610	0
ENSMUSG00000046613	0
ENSMUSG00000046615	0
ENSMUSG00000046618	6
ENSMUSG00000046620	3
ENSMUSG00000046623	0
ENSMUSG00000046634	0
ENSMUSG00000046636	0
ENSMUSG00000046637	1
ENSMUSG00000046643	0
ENSMUSG00000046650	0
ENSMUSG00000046652	0
ENSMUSG00000046658	88
ENSMUSG00000046667	100
ENSMUSG00000046668	1100
ENSMUSG00000046671	2061
ENSMUSG00000046675	262
ENSMUSG00000046676	0
ENSMUSG00000046678	0
ENSMUSG00000046679	433
ENSMUSG00000046683	2
ENSMUSG00000046687	14293
ENSMUSG00000046688	889
ENSMUSG00000046691	271
ENSMUSG00000046694	8
ENSMUSG00000046697	0
ENSMUSG00000046699	0
ENSMUSG00000046707	903
ENSMUSG00000046709	1
ENSMUSG00000046711	49
ENSMUSG00000046714	2
ENSMUSG00000046716	0
ENSMUSG00000046717	0
ENSMUSG00000046718	6400
ENSMUSG00000046719	2
ENSMUSG00000046721	1695
ENSMUSG00000046722	494
ENSMUSG00000046723	0
ENSMUSG00000046727	407
ENSMUSG00000046731	53
ENSMUSG00000046733	4
ENSMUSG00000046743	68
ENSMUSG00000046747	3
ENSMUSG00000046748	0
ENSMUSG00000046750	0
ENSMUSG00000046753	150
ENSMUSG00000046755	0
ENSMUSG00000046756	2184
ENSMUSG00000046761	585
ENSMUSG00000046764	0
ENSMUSG00000046768	72
ENSMUSG00000046774	0
ENSMUSG00000046782	157
ENSMUSG00000046785	655
ENSMUSG00000046790	0
ENSMUSG00000046791	142
ENSMUSG00000046792	362
ENSMUSG00000046793	0
ENSMUSG00000046794	6521
ENSMUSG00000046798	2115
ENSMUSG00000046804	0
ENSMUSG00000046805	2673
ENSMUSG00000046806	111
ENSMUSG00000046807	4
ENSMUSG00000046808	198
ENSMUSG00000046811	1621
ENSMUSG00000046814	2285
ENSMUSG00000046818	51
ENSMUSG00000046822	263
ENSMUSG00000046826	141
ENSMUSG00000046828	0
ENSMUSG00000046834	0
ENSMUSG00000046836	250
ENSMUSG00000046840	110
ENSMUSG00000046841	89
ENSMUSG00000046844	0
ENSMUSG00000046845	0
ENSMUSG00000046846	0
ENSMUSG00000046854	0
ENSMUSG00000046856	0
ENSMUSG00000046861	1790
ENSMUSG00000046862	228
ENSMUSG00000046865	16
ENSMUSG00000046873	221
ENSMUSG00000046876	525
ENSMUSG00000046879	1226
ENSMUSG00000046881	0
ENSMUSG00000046886	0
ENSMUSG00000046897	1371
ENSMUSG00000046899	0
ENSMUSG00000046908	20
ENSMUSG00000046909	302
ENSMUSG00000046913	0
ENSMUSG00000046916	171
ENSMUSG00000046922	0
ENSMUSG00000046924	0
ENSMUSG00000046932	0
ENSMUSG00000046934	18
ENSMUSG00000046942	0
ENSMUSG00000046947	159
ENSMUSG00000046949	3073
ENSMUSG00000046952	2
ENSMUSG00000046957	0
ENSMUSG00000046958	0
ENSMUSG00000046959	4891
ENSMUSG00000046961	0
ENSMUSG00000046962	225
ENSMUSG00000046971	4
ENSMUSG00000046974	0
ENSMUSG00000046975	0
ENSMUSG00000046982	339
ENSMUSG00000046985	2945
ENSMUSG00000046991	0
ENSMUSG00000046993	36
ENSMUSG00000046994	130
ENSMUSG00000046995	0
ENSMUSG00000046997	150
ENSMUSG00000046999	0
ENSMUSG00000047002	0
ENSMUSG00000047003	38
ENSMUSG00000047013	0
ENSMUSG00000047014	0
ENSMUSG00000047021	2
ENSMUSG00000047022	46
ENSMUSG00000047025	0
ENSMUSG00000047026	0
ENSMUSG00000047030	111
ENSMUSG00000047031	0
ENSMUSG00000047033	1
ENSMUSG00000047034	0
ENSMUSG00000047036	5655
ENSMUSG00000047037	21
ENSMUSG00000047039	0
ENSMUSG00000047040	19
ENSMUSG00000047044	131
ENSMUSG00000047045	236
ENSMUSG00000047046	0
ENSMUSG00000047048	0
ENSMUSG00000047050	0
ENSMUSG00000047053	0
ENSMUSG00000047061	0
ENSMUSG00000047067	254
ENSMUSG00000047079	0
ENSMUSG00000047084	439
ENSMUSG00000047085	0
ENSMUSG00000047090	263
ENSMUSG00000047094	0
ENSMUSG00000047098	816
ENSMUSG00000047102	0
ENSMUSG00000047104	0
ENSMUSG00000047108	1
ENSMUSG00000047109	393
ENSMUSG00000047115	9
ENSMUSG00000047117	0
ENSMUSG00000047123	463
ENSMUSG00000047126	3491
ENSMUSG00000047129	1
ENSMUSG00000047139	94
ENSMUSG00000047141	379
ENSMUSG00000047143	2
ENSMUSG00000047146	5
ENSMUSG00000047149	0
ENSMUSG00000047150	624
ENSMUSG00000047153	458
ENSMUSG00000047155	0
ENSMUSG00000047161	1
ENSMUSG00000047168	13
ENSMUSG00000047171	0
ENSMUSG00000047180	395
ENSMUSG00000047181	24
ENSMUSG00000047182	4
ENSMUSG00000047187	1992
ENSMUSG00000047189	0
ENSMUSG00000047193	96
ENSMUSG00000047197	0
ENSMUSG00000047203	0
ENSMUSG00000047205	4
ENSMUSG00000047207	0
ENSMUSG00000047213	3230
ENSMUSG00000047215	144
ENSMUSG00000047216	96
ENSMUSG00000047220	0
ENSMUSG00000047221	161
ENSMUSG00000047222	0
ENSMUSG00000047225	0
ENSMUSG00000047227	21
ENSMUSG00000047228	2147
ENSMUSG00000047230	1947
ENSMUSG00000047237	0
ENSMUSG00000047238	92
ENSMUSG00000047242	26
ENSMUSG00000047246	2
ENSMUSG00000047248	239
ENSMUSG00000047250	556
ENSMUSG00000047253	0
ENSMUSG00000047257	0
ENSMUSG00000047259	0
ENSMUSG00000047260	2052
ENSMUSG00000047261	0
ENSMUSG00000047264	348
ENSMUSG00000047281	19
ENSMUSG00000047284	1155
ENSMUSG00000047286	0
ENSMUSG00000047293	0
ENSMUSG00000047295	0
ENSMUSG00000047298	1
ENSMUSG00000047307	4
ENSMUSG00000047324	0
ENSMUSG00000047330	12
ENSMUSG00000047342	2
ENSMUSG00000047343	0
ENSMUSG00000047344	0
ENSMUSG00000047347	0
ENSMUSG00000047352	0
ENSMUSG00000047356	0
ENSMUSG00000047361	0
ENSMUSG00000047363	0
ENSMUSG00000047368	517
ENSMUSG00000047369	2
ENSMUSG00000047370	26
ENSMUSG00000047371	502
ENSMUSG00000047379	525
ENSMUSG00000047383	0
ENSMUSG00000047384	0
ENSMUSG00000047388	134
ENSMUSG00000047390	0
ENSMUSG00000047394	196
ENSMUSG00000047407	608
ENSMUSG00000047409	267
ENSMUSG00000047412	1181
ENSMUSG00000047414	1
ENSMUSG00000047415	1
ENSMUSG00000047417	1199
ENSMUSG00000047419	1
ENSMUSG00000047420	62
ENSMUSG00000047423	514
ENSMUSG00000047428	0
ENSMUSG00000047434	40
ENSMUSG00000047441	0
ENSMUSG00000047443	1
ENSMUSG00000047444	0
ENSMUSG00000047446	761
ENSMUSG00000047454	1394
ENSMUSG00000047459	2199
ENSMUSG00000047462	6
ENSMUSG00000047466	101
ENSMUSG00000047473	48
ENSMUSG00000047485	0
ENSMUSG00000047492	1394
ENSMUSG00000047495	0
ENSMUSG00000047496	651
ENSMUSG00000047497	2
ENSMUSG00000047501	8
ENSMUSG00000047502	56
ENSMUSG00000047507	25
ENSMUSG00000047508	0
ENSMUSG00000047509	1
ENSMUSG00000047511	4
ENSMUSG00000047514	738
ENSMUSG00000047515	0
ENSMUSG00000047517	2
ENSMUSG00000047518	0
ENSMUSG00000047528	0
ENSMUSG00000047531	0
ENSMUSG00000047534	17
ENSMUSG00000047535	0
ENSMUSG00000047539	355
ENSMUSG00000047544	0
ENSMUSG00000047545	0
ENSMUSG00000047547	1898
ENSMUSG00000047554	223
ENSMUSG00000047557	56
ENSMUSG00000047562	0
ENSMUSG00000047564	0
ENSMUSG00000047565	7
ENSMUSG00000047583	48
ENSMUSG00000047586	3
ENSMUSG00000047591	0
ENSMUSG00000047592	0
ENSMUSG00000047594	0
ENSMUSG00000047603	128
ENSMUSG00000047604	45
ENSMUSG00000047606	0
ENSMUSG00000047613	394
ENSMUSG00000047617	554
ENSMUSG00000047619	0
ENSMUSG00000047626	0
ENSMUSG00000047631	19894
ENSMUSG00000047632	18
ENSMUSG00000047635	116
ENSMUSG00000047636	0
ENSMUSG00000047638	6291
ENSMUSG00000047641	0
ENSMUSG00000047642	0
ENSMUSG00000047643	1
ENSMUSG00000047648	274
ENSMUSG00000047649	109
ENSMUSG00000047652	0
ENSMUSG00000047654	2
ENSMUSG00000047655	0
ENSMUSG00000047656	166
ENSMUSG00000047657	161
ENSMUSG00000047658	0
ENSMUSG00000047661	0
ENSMUSG00000047667	0
ENSMUSG00000047669	39
ENSMUSG00000047671	4
ENSMUSG00000047674	0
ENSMUSG00000047675	162
ENSMUSG00000047676	0
ENSMUSG00000047678	0
ENSMUSG00000047686	0
ENSMUSG00000047692	0
ENSMUSG00000047694	846
ENSMUSG00000047696	0
ENSMUSG00000047702	0
ENSMUSG00000047710	189
ENSMUSG00000047712	20
ENSMUSG00000047714	297
ENSMUSG00000047716	0
ENSMUSG00000047719	289
ENSMUSG00000047720	0
ENSMUSG00000047721	761
ENSMUSG00000047728	2793
ENSMUSG00000047730	11
ENSMUSG00000047731	5776
ENSMUSG00000047733	1
ENSMUSG00000047735	888
ENSMUSG00000047746	99
ENSMUSG00000047747	44
ENSMUSG00000047749	20
ENSMUSG00000047751	0
ENSMUSG00000047757	31
ENSMUSG00000047759	37
ENSMUSG00000047766	8
ENSMUSG00000047767	937
ENSMUSG00000047773	0
ENSMUSG00000047777	153
ENSMUSG00000047786	1
ENSMUSG00000047787	5
ENSMUSG00000047789	561
ENSMUSG00000047793	1371
ENSMUSG00000047794	0
ENSMUSG00000047797	13203
ENSMUSG00000047798	62
ENSMUSG00000047799	0
ENSMUSG00000047804	183
ENSMUSG00000047807	0
ENSMUSG00000047810	132
ENSMUSG00000047819	0
ENSMUSG00000047821	11
ENSMUSG00000047822	7390
ENSMUSG00000047824	542
ENSMUSG00000047828	0
ENSMUSG00000047832	86
ENSMUSG00000047841	1
ENSMUSG00000047842	1
ENSMUSG00000047843	481
ENSMUSG00000047844	0
ENSMUSG00000047854	0
ENSMUSG00000047861	0
ENSMUSG00000047866	6523
ENSMUSG00000047867	515
ENSMUSG00000047868	0
ENSMUSG00000047875	87
ENSMUSG00000047878	25
ENSMUSG00000047879	991
ENSMUSG00000047880	15
ENSMUSG00000047881	371
ENSMUSG00000047884	0
ENSMUSG00000047888	553
ENSMUSG00000047889	0
ENSMUSG00000047894	0
ENSMUSG00000047897	0
ENSMUSG00000047898	1
ENSMUSG00000047904	49
ENSMUSG00000047905	4032
ENSMUSG00000047907	303
ENSMUSG00000047909	914
ENSMUSG00000047910	6
ENSMUSG00000047911	4
ENSMUSG00000047921	271
ENSMUSG00000047935	0
ENSMUSG00000047938	0
ENSMUSG00000047940	0
ENSMUSG00000047945	102
ENSMUSG00000047953	9
ENSMUSG00000047959	1
ENSMUSG00000047960	0
ENSMUSG00000047963	4012
ENSMUSG00000047965	0
ENSMUSG00000047969	0
ENSMUSG00000047976	0
ENSMUSG00000047977	0
ENSMUSG00000047980	0
ENSMUSG00000047986	1
ENSMUSG00000047988	0
ENSMUSG00000047989	459
ENSMUSG00000047990	0
ENSMUSG00000047992	0
ENSMUSG00000047995	0
ENSMUSG00000047996	40
ENSMUSG00000048000	1620
ENSMUSG00000048001	0
ENSMUSG00000048003	1
ENSMUSG00000048004	0
ENSMUSG00000048007	7
ENSMUSG00000048012	10
ENSMUSG00000048013	0
ENSMUSG00000048015	0
ENSMUSG00000048022	33
ENSMUSG00000048027	35
ENSMUSG00000048029	0
ENSMUSG00000048031	0
ENSMUSG00000048038	1
ENSMUSG00000048039	351
ENSMUSG00000048040	2
ENSMUSG00000048047	613
ENSMUSG00000048058	218
ENSMUSG00000048062	0
ENSMUSG00000048065	2
ENSMUSG00000048067	0
ENSMUSG00000048070	0
ENSMUSG00000048076	502
ENSMUSG00000048077	0
ENSMUSG00000048078	1
ENSMUSG00000048080	0
ENSMUSG00000048087	714
ENSMUSG00000048096	4
ENSMUSG00000048100	187
ENSMUSG00000048101	0
ENSMUSG00000048106	110
ENSMUSG00000048108	0
ENSMUSG00000048109	280
ENSMUSG00000048118	680
ENSMUSG00000048120	137
ENSMUSG00000048126	481
ENSMUSG00000048138	6
ENSMUSG00000048142	5
ENSMUSG00000048148	0
ENSMUSG00000048153	0
ENSMUSG00000048154	2066
ENSMUSG00000048155	0
ENSMUSG00000048163	118
ENSMUSG00000048164	1
ENSMUSG00000048170	644
ENSMUSG00000048173	0
ENSMUSG00000048174	165
ENSMUSG00000048175	668
ENSMUSG00000048185	0
ENSMUSG00000048186	52
ENSMUSG00000048188	2
ENSMUSG00000048191	0
ENSMUSG00000048197	0
ENSMUSG00000048200	148
ENSMUSG00000048206	0
ENSMUSG00000048215	4
ENSMUSG00000048216	0
ENSMUSG00000048217	1291
ENSMUSG00000048218	283
ENSMUSG00000048222	201
ENSMUSG00000048226	0
ENSMUSG00000048230	3
ENSMUSG00000048231	0
ENSMUSG00000048232	36
ENSMUSG00000048234	747
ENSMUSG00000048236	0
ENSMUSG00000048240	19
ENSMUSG00000048249	805
ENSMUSG00000048251	5
ENSMUSG00000048261	9
ENSMUSG00000048264	295
ENSMUSG00000048271	1417
ENSMUSG00000048277	1794
ENSMUSG00000048279	59
ENSMUSG00000048280	175
ENSMUSG00000048281	1
ENSMUSG00000048284	0
ENSMUSG00000048285	74
ENSMUSG00000048292	0
ENSMUSG00000048294	0
ENSMUSG00000048299	0
ENSMUSG00000048304	0
ENSMUSG00000048307	1123
ENSMUSG00000048310	771
ENSMUSG00000048312	0
ENSMUSG00000048316	0
ENSMUSG00000048327	14
ENSMUSG00000048329	10
ENSMUSG00000048330	32
ENSMUSG00000048332	211
ENSMUSG00000048334	12
ENSMUSG00000048337	0
ENSMUSG00000048347	1
ENSMUSG00000048349	1
ENSMUSG00000048351	651
ENSMUSG00000048355	0
ENSMUSG00000048356	0
ENSMUSG00000048368	59
ENSMUSG00000048371	907
ENSMUSG00000048373	2
ENSMUSG00000048376	873
ENSMUSG00000048377	0
ENSMUSG00000048378	0
ENSMUSG00000048379	696
ENSMUSG00000048385	0
ENSMUSG00000048387	2
ENSMUSG00000048388	80
ENSMUSG00000048391	0
ENSMUSG00000048398	0
ENSMUSG00000048399	0
ENSMUSG00000048400	0
ENSMUSG00000048402	0
ENSMUSG00000048406	41
ENSMUSG00000048410	125
ENSMUSG00000048411	0
ENSMUSG00000048416	1
ENSMUSG00000048424	15
ENSMUSG00000048425	0
ENSMUSG00000048429	744
ENSMUSG00000048439	198
ENSMUSG00000048440	73
ENSMUSG00000048442	4
ENSMUSG00000048445	151
ENSMUSG00000048450	8
ENSMUSG00000048455	0
ENSMUSG00000048456	0
ENSMUSG00000048458	1
ENSMUSG00000048469	0
ENSMUSG00000048473	0
ENSMUSG00000048478	12
ENSMUSG00000048480	0
ENSMUSG00000048481	48
ENSMUSG00000048482	81
ENSMUSG00000048483	0
ENSMUSG00000048484	0
ENSMUSG00000048485	3
ENSMUSG00000048486	874
ENSMUSG00000048489	2458
ENSMUSG00000048490	299
ENSMUSG00000048495	285
ENSMUSG00000048497	34
ENSMUSG00000048498	72
ENSMUSG00000048500	0
ENSMUSG00000048501	0
ENSMUSG00000048502	0
ENSMUSG00000048503	8
ENSMUSG00000048516	0
ENSMUSG00000048520	7
ENSMUSG00000048521	27
ENSMUSG00000048528	0
ENSMUSG00000048534	33
ENSMUSG00000048537	335
ENSMUSG00000048538	17
ENSMUSG00000048540	0
ENSMUSG00000048544	1
ENSMUSG00000048546	1352
ENSMUSG00000048550	101
ENSMUSG00000048559	0
ENSMUSG00000048562	0
ENSMUSG00000048572	0
ENSMUSG00000048573	0
ENSMUSG00000048574	0
ENSMUSG00000048578	2984
ENSMUSG00000048581	207
ENSMUSG00000048582	0
ENSMUSG00000048583	28
ENSMUSG00000048592	1
ENSMUSG00000048600	1
ENSMUSG00000048602	0
ENSMUSG00000048603	11
ENSMUSG00000048612	77
ENSMUSG00000048616	1
ENSMUSG00000048617	0
ENSMUSG00000048620	0
ENSMUSG00000048621	117
ENSMUSG00000048626	0
ENSMUSG00000048628	0
ENSMUSG00000048636	5
ENSMUSG00000048643	0
ENSMUSG00000048644	10
ENSMUSG00000048647	125
ENSMUSG00000048652	0
ENSMUSG00000048655	1
ENSMUSG00000048661	366
ENSMUSG00000048668	213
ENSMUSG00000048677	215
ENSMUSG00000048686	0
ENSMUSG00000048693	0
ENSMUSG00000048696	27
ENSMUSG00000048697	0
ENSMUSG00000048699	0
ENSMUSG00000048701	678
ENSMUSG00000048703	0
ENSMUSG00000048706	1430
ENSMUSG00000048707	122
ENSMUSG00000048709	13
ENSMUSG00000048720	214
ENSMUSG00000048721	0
ENSMUSG00000048728	42
ENSMUSG00000048731	729
ENSMUSG00000048732	9
ENSMUSG00000048745	0
ENSMUSG00000048747	0
ENSMUSG00000048752	0
ENSMUSG00000048755	599
ENSMUSG00000048756	1004
ENSMUSG00000048758	4
ENSMUSG00000048763	68
ENSMUSG00000048764	0
ENSMUSG00000048766	0
ENSMUSG00000048772	829
ENSMUSG00000048775	0
ENSMUSG00000048776	0
ENSMUSG00000048779	53
ENSMUSG00000048782	395
ENSMUSG00000048787	353
ENSMUSG00000048794	12
ENSMUSG00000048796	239
ENSMUSG00000048799	448
ENSMUSG00000048806	0
ENSMUSG00000048807	5
ENSMUSG00000048810	0
ENSMUSG00000048814	0
ENSMUSG00000048824	0
ENSMUSG00000048826	399
ENSMUSG00000048827	0
ENSMUSG00000048830	0
ENSMUSG00000048832	466
ENSMUSG00000048833	1126
ENSMUSG00000048834	0
ENSMUSG00000048852	14
ENSMUSG00000048856	28169
ENSMUSG00000048865	160
ENSMUSG00000048874	1126
ENSMUSG00000048875	0
ENSMUSG00000048878	970
ENSMUSG00000048895	11
ENSMUSG00000048897	299
ENSMUSG00000048899	2
ENSMUSG00000048904	0
ENSMUSG00000048905	1
ENSMUSG00000048911	91
ENSMUSG00000048915	61
ENSMUSG00000048916	44
ENSMUSG00000048919	0
ENSMUSG00000048920	334
ENSMUSG00000048921	37
ENSMUSG00000048922	17
ENSMUSG00000048924	149
ENSMUSG00000048930	159
ENSMUSG00000048933	0
ENSMUSG00000048938	427
ENSMUSG00000048939	0
ENSMUSG00000048949	19
ENSMUSG00000048960	150
ENSMUSG00000048965	48
ENSMUSG00000048967	5
ENSMUSG00000048970	466
ENSMUSG00000048978	0
ENSMUSG00000048981	0
ENSMUSG00000048982	0
ENSMUSG00000048988	10
ENSMUSG00000048992	0
ENSMUSG00000048994	0
ENSMUSG00000048996	0
ENSMUSG00000048997	99
ENSMUSG00000049001	3
ENSMUSG00000049008	0
ENSMUSG00000049010	0
ENSMUSG00000049011	0
ENSMUSG00000049013	0
ENSMUSG00000049015	0
ENSMUSG00000049018	0
ENSMUSG00000049028	0
ENSMUSG00000049036	0
ENSMUSG00000049037	107
ENSMUSG00000049038	90
ENSMUSG00000049041	0
ENSMUSG00000049044	5446
ENSMUSG00000049047	7
ENSMUSG00000049052	0
ENSMUSG00000049057	0
ENSMUSG00000049062	0
ENSMUSG00000049073	0
ENSMUSG00000049076	663
ENSMUSG00000049086	119
ENSMUSG00000049090	1728
ENSMUSG00000049091	23711
ENSMUSG00000049092	0
ENSMUSG00000049093	1
ENSMUSG00000049094	0
ENSMUSG00000049097	2
ENSMUSG00000049098	0
ENSMUSG00000049100	1
ENSMUSG00000049103	86
ENSMUSG00000049106	1266
ENSMUSG00000049107	32
ENSMUSG00000049109	59
ENSMUSG00000049112	0
ENSMUSG00000049115	1855
ENSMUSG00000049119	5
ENSMUSG00000049122	0
ENSMUSG00000049123	2
ENSMUSG00000049124	68
ENSMUSG00000049128	0
ENSMUSG00000049130	26
ENSMUSG00000049133	0
ENSMUSG00000049134	7
ENSMUSG00000049148	0
ENSMUSG00000049149	0
ENSMUSG00000049152	7169
ENSMUSG00000049154	4
ENSMUSG00000049160	0
ENSMUSG00000049164	167
ENSMUSG00000049168	0
ENSMUSG00000049173	0
ENSMUSG00000049176	0
ENSMUSG00000049184	49
ENSMUSG00000049191	36
ENSMUSG00000049202	0
ENSMUSG00000049214	0
ENSMUSG00000049217	0
ENSMUSG00000049225	23
ENSMUSG00000049229	0
ENSMUSG00000049230	2
ENSMUSG00000049231	71
ENSMUSG00000049232	307
ENSMUSG00000049233	40
ENSMUSG00000049235	0
ENSMUSG00000049241	0
ENSMUSG00000049246	0
ENSMUSG00000049249	0
ENSMUSG00000049252	0
ENSMUSG00000049265	8
ENSMUSG00000049280	0
ENSMUSG00000049281	0
ENSMUSG00000049285	33
ENSMUSG00000049287	215
ENSMUSG00000049288	108
ENSMUSG00000049291	0
ENSMUSG00000049295	860
ENSMUSG00000049299	1014
ENSMUSG00000049300	187
ENSMUSG00000049303	18
ENSMUSG00000049305	421
ENSMUSG00000049307	12
ENSMUSG00000049313	123
ENSMUSG00000049314	0
ENSMUSG00000049315	0
ENSMUSG00000049321	151
ENSMUSG00000049323	598
ENSMUSG00000049327	575
ENSMUSG00000049334	0
ENSMUSG00000049336	0
ENSMUSG00000049339	4649
ENSMUSG00000049349	0
ENSMUSG00000049350	0
ENSMUSG00000049353	146
ENSMUSG00000049354	922
ENSMUSG00000049357	5
ENSMUSG00000049362	0
ENSMUSG00000049372	0
ENSMUSG00000049382	1041
ENSMUSG00000049387	0
ENSMUSG00000049396	0
ENSMUSG00000049401	741
ENSMUSG00000049404	1583
ENSMUSG00000049409	1
ENSMUSG00000049410	16
ENSMUSG00000049411	70
ENSMUSG00000049414	0
ENSMUSG00000049420	0
ENSMUSG00000049421	622
ENSMUSG00000049422	8351
ENSMUSG00000049427	0
ENSMUSG00000049436	4
ENSMUSG00000049439	267
ENSMUSG00000049456	0
ENSMUSG00000049460	4
ENSMUSG00000049470	1588
ENSMUSG00000049476	0
ENSMUSG00000049477	43
ENSMUSG00000049482	356
ENSMUSG00000049488	67
ENSMUSG00000049489	103
ENSMUSG00000049491	0
ENSMUSG00000049493	2
ENSMUSG00000049498	0
ENSMUSG00000049502	63
ENSMUSG00000049504	346
ENSMUSG00000049506	0
ENSMUSG00000049511	0
ENSMUSG00000049515	12
ENSMUSG00000049516	413
ENSMUSG00000049517	25
ENSMUSG00000049521	713
ENSMUSG00000049526	2
ENSMUSG00000049528	0
ENSMUSG00000049530	0
ENSMUSG00000049532	125
ENSMUSG00000049536	18
ENSMUSG00000049537	0
ENSMUSG00000049538	3
ENSMUSG00000049539	0
ENSMUSG00000049548	0
ENSMUSG00000049550	717
ENSMUSG00000049551	2
ENSMUSG00000049553	866
ENSMUSG00000049555	890
ENSMUSG00000049556	1
ENSMUSG00000049560	0
ENSMUSG00000049561	0
ENSMUSG00000049562	65
ENSMUSG00000049565	0
ENSMUSG00000049571	1
ENSMUSG00000049573	0
ENSMUSG00000049576	0
ENSMUSG00000049577	797
ENSMUSG00000049580	4819
ENSMUSG00000049583	0
ENSMUSG00000049588	33
ENSMUSG00000049593	0
ENSMUSG00000049598	0
ENSMUSG00000049600	117
ENSMUSG00000049604	0
ENSMUSG00000049605	0
ENSMUSG00000049606	430
ENSMUSG00000049608	7
ENSMUSG00000049612	3
ENSMUSG00000049618	0
ENSMUSG00000049620	0
ENSMUSG00000049624	860
ENSMUSG00000049625	127
ENSMUSG00000049630	1
ENSMUSG00000049641	0
ENSMUSG00000049643	137
ENSMUSG00000049648	0
ENSMUSG00000049649	0
ENSMUSG00000049653	1
ENSMUSG00000049657	246
ENSMUSG00000049658	373
ENSMUSG00000049659	927
ENSMUSG00000049670	30
ENSMUSG00000049672	46
ENSMUSG00000049674	0
ENSMUSG00000049676	22
ENSMUSG00000049680	831
ENSMUSG00000049685	53
ENSMUSG00000049686	308
ENSMUSG00000049687	12
ENSMUSG00000049690	13
ENSMUSG00000049691	0
ENSMUSG00000049692	0
ENSMUSG00000049694	4
ENSMUSG00000049699	1
ENSMUSG00000049708	0
ENSMUSG00000049709	0
ENSMUSG00000049717	138
ENSMUSG00000049719	0
ENSMUSG00000049721	82
ENSMUSG00000049723	39
ENSMUSG00000049728	128
ENSMUSG00000049734	0
ENSMUSG00000049737	0
ENSMUSG00000049739	564
ENSMUSG00000049740	0
ENSMUSG00000049741	0
ENSMUSG00000049744	28
ENSMUSG00000049751	24
ENSMUSG00000049755	448
ENSMUSG00000049758	0
ENSMUSG00000049760	2464
ENSMUSG00000049761	0
ENSMUSG00000049764	188
ENSMUSG00000049775	7105
ENSMUSG00000049791	572
ENSMUSG00000049792	524
ENSMUSG00000049796	0
ENSMUSG00000049797	0
ENSMUSG00000049799	1
ENSMUSG00000049800	427
ENSMUSG00000049804	46
ENSMUSG00000049806	0
ENSMUSG00000049807	299
ENSMUSG00000049809	0
ENSMUSG00000049811	63
ENSMUSG00000049815	0
ENSMUSG00000049823	78
ENSMUSG00000049832	9
ENSMUSG00000049843	0
ENSMUSG00000049848	0
ENSMUSG00000049858	2457
ENSMUSG00000049864	0
ENSMUSG00000049866	74
ENSMUSG00000049871	24
ENSMUSG00000049872	12
ENSMUSG00000049878	772
ENSMUSG00000049881	163
ENSMUSG00000049882	57
ENSMUSG00000049891	51
ENSMUSG00000049892	24
ENSMUSG00000049894	0
ENSMUSG00000049897	5
ENSMUSG00000049902	0
ENSMUSG00000049904	48
ENSMUSG00000049907	73
ENSMUSG00000049908	0
ENSMUSG00000049916	0
ENSMUSG00000049922	353
ENSMUSG00000049926	0
ENSMUSG00000049928	8
ENSMUSG00000049929	4
ENSMUSG00000049932	259
ENSMUSG00000049939	3
ENSMUSG00000049940	2255
ENSMUSG00000049946	0
ENSMUSG00000049950	112
ENSMUSG00000049957	217
ENSMUSG00000049960	687
ENSMUSG00000049969	353
ENSMUSG00000049971	2470
ENSMUSG00000049972	0
ENSMUSG00000049985	10
ENSMUSG00000049988	117
ENSMUSG00000049999	10
ENSMUSG00000050002	1058
ENSMUSG00000050010	28
ENSMUSG00000050014	20
ENSMUSG00000050015	0
ENSMUSG00000050017	1923
ENSMUSG00000050022	75
ENSMUSG00000050023	0
ENSMUSG00000050028	0
ENSMUSG00000050029	1186
ENSMUSG00000050030	0
ENSMUSG00000050035	0
ENSMUSG00000050043	77
ENSMUSG00000050050	23
ENSMUSG00000050052	286
ENSMUSG00000050058	0
ENSMUSG00000050063	0
ENSMUSG00000050064	48
ENSMUSG00000050066	0
ENSMUSG00000050069	354
ENSMUSG00000050071	0
ENSMUSG00000050074	0
ENSMUSG00000050075	10
ENSMUSG00000050079	483
ENSMUSG00000050085	0
ENSMUSG00000050087	0
ENSMUSG00000050088	681
ENSMUSG00000050089	0
ENSMUSG00000050092	5
ENSMUSG00000050097	1
ENSMUSG00000050100	0
ENSMUSG00000050102	0
ENSMUSG00000050103	1322
ENSMUSG00000050105	3
ENSMUSG00000050106	102
ENSMUSG00000050107	23
ENSMUSG00000050108	0
ENSMUSG00000050114	7
ENSMUSG00000050121	0
ENSMUSG00000050122	6
ENSMUSG00000050128	0
ENSMUSG00000050132	14
ENSMUSG00000050134	0
ENSMUSG00000050138	0
ENSMUSG00000050141	0
ENSMUSG00000050144	2077
ENSMUSG00000050147	3
ENSMUSG00000050148	493
ENSMUSG00000050150	0
ENSMUSG00000050157	0
ENSMUSG00000050158	0
ENSMUSG00000050164	0
ENSMUSG00000050174	291
ENSMUSG00000050179	0
ENSMUSG00000050188	356
ENSMUSG00000050189	0
ENSMUSG00000050190	0
ENSMUSG00000050192	5
ENSMUSG00000050195	1
ENSMUSG00000050197	0
ENSMUSG00000050198	0
ENSMUSG00000050199	2107
ENSMUSG00000050201	0
ENSMUSG00000050211	0
ENSMUSG00000050212	210
ENSMUSG00000050213	383
ENSMUSG00000050215	0
ENSMUSG00000050217	0
ENSMUSG00000050222	1
ENSMUSG00000050224	0
ENSMUSG00000050229	517
ENSMUSG00000050232	43
ENSMUSG00000050234	156
ENSMUSG00000050239	0
ENSMUSG00000050240	33
ENSMUSG00000050241	3
ENSMUSG00000050243	6
ENSMUSG00000050244	671
ENSMUSG00000050248	38
ENSMUSG00000050251	0
ENSMUSG00000050266	0
ENSMUSG00000050270	549
ENSMUSG00000050271	20
ENSMUSG00000050272	1
ENSMUSG00000050276	0
ENSMUSG00000050281	0
ENSMUSG00000050288	4
ENSMUSG00000050295	4
ENSMUSG00000050296	0
ENSMUSG00000050299	674
ENSMUSG00000050304	26
ENSMUSG00000050310	1198
ENSMUSG00000050312	324
ENSMUSG00000050315	31
ENSMUSG00000050321	1
ENSMUSG00000050323	296
ENSMUSG00000050328	0
ENSMUSG00000050332	144
ENSMUSG00000050334	0
ENSMUSG00000050335	342
ENSMUSG00000050343	0
ENSMUSG00000050345	1
ENSMUSG00000050350	11
ENSMUSG00000050357	38
ENSMUSG00000050359	0
ENSMUSG00000050366	0
ENSMUSG00000050368	0
ENSMUSG00000050370	5
ENSMUSG00000050373	250
ENSMUSG00000050377	0
ENSMUSG00000050379	83
ENSMUSG00000050382	40
ENSMUSG00000050383	0
ENSMUSG00000050390	1709
ENSMUSG00000050394	4
ENSMUSG00000050395	1
ENSMUSG00000050397	0
ENSMUSG00000050410	70
ENSMUSG00000050423	1616
ENSMUSG00000050424	0
ENSMUSG00000050425	0
ENSMUSG00000050428	131
ENSMUSG00000050435	0
ENSMUSG00000050439	0
ENSMUSG00000050440	26519
ENSMUSG00000050445	7069
ENSMUSG00000050447	4
ENSMUSG00000050463	0
ENSMUSG00000050468	0
ENSMUSG00000050471	216
ENSMUSG00000050473	3
ENSMUSG00000050478	0
ENSMUSG00000050490	37
ENSMUSG00000050493	294
ENSMUSG00000050503	11
ENSMUSG00000050504	0
ENSMUSG00000050505	4
ENSMUSG00000050511	0
ENSMUSG00000050520	6
ENSMUSG00000050526	0
ENSMUSG00000050530	188
ENSMUSG00000050533	8
ENSMUSG00000050534	0
ENSMUSG00000050538	4
ENSMUSG00000050541	2545
ENSMUSG00000050545	31
ENSMUSG00000050549	114
ENSMUSG00000050550	17
ENSMUSG00000050552	1540
ENSMUSG00000050553	19
ENSMUSG00000050555	56
ENSMUSG00000050556	74
ENSMUSG00000050558	0
ENSMUSG00000050565	3388
ENSMUSG00000050567	438
ENSMUSG00000050577	0
ENSMUSG00000050578	9
ENSMUSG00000050587	25
ENSMUSG00000050592	43
ENSMUSG00000050600	11
ENSMUSG00000050603	0
ENSMUSG00000050605	40
ENSMUSG00000050608	1673
ENSMUSG00000050612	0
ENSMUSG00000050613	0
ENSMUSG00000050619	422
ENSMUSG00000050621	55
ENSMUSG00000050623	1
ENSMUSG00000050625	0
ENSMUSG00000050627	631
ENSMUSG00000050628	204
ENSMUSG00000050635	0
ENSMUSG00000050640	4
ENSMUSG00000050641	0
ENSMUSG00000050645	0
ENSMUSG00000050650	0
ENSMUSG00000050654	0
ENSMUSG00000050663	57
ENSMUSG00000050666	44
ENSMUSG00000050668	241
ENSMUSG00000050671	5
ENSMUSG00000050675	1
ENSMUSG00000050677	5
ENSMUSG00000050685	0
ENSMUSG00000050697	434
ENSMUSG00000050700	0
ENSMUSG00000050702	0
ENSMUSG00000050704	0
ENSMUSG00000050705	882
ENSMUSG00000050708	1090
ENSMUSG00000050711	0
ENSMUSG00000050714	87
ENSMUSG00000050721	235
ENSMUSG00000050730	1585
ENSMUSG00000050732	3583
ENSMUSG00000050737	221
ENSMUSG00000050742	0
ENSMUSG00000050747	0
ENSMUSG00000050751	0
ENSMUSG00000050756	0
ENSMUSG00000050761	6
ENSMUSG00000050762	0
ENSMUSG00000050763	0
ENSMUSG00000050765	0
ENSMUSG00000050766	0
ENSMUSG00000050772	0
ENSMUSG00000050776	0
ENSMUSG00000050777	1714
ENSMUSG00000050783	0
ENSMUSG00000050786	42
ENSMUSG00000050788	0
ENSMUSG00000050796	82
ENSMUSG00000050799	0
ENSMUSG00000050803	0
ENSMUSG00000050808	0
ENSMUSG00000050810	0
ENSMUSG00000050812	1880
ENSMUSG00000050813	0
ENSMUSG00000050815	0
ENSMUSG00000050818	0
ENSMUSG00000050821	13
ENSMUSG00000050822	3
ENSMUSG00000050824	0
ENSMUSG00000050830	5
ENSMUSG00000050840	0
ENSMUSG00000050844	3
ENSMUSG00000050846	639
ENSMUSG00000050853	0
ENSMUSG00000050854	240
ENSMUSG00000050855	36
ENSMUSG00000050856	2035
ENSMUSG00000050860	153
ENSMUSG00000050865	0
ENSMUSG00000050866	0
ENSMUSG00000050870	0
ENSMUSG00000050875	1
ENSMUSG00000050876	0
ENSMUSG00000050890	287
ENSMUSG00000050891	159
ENSMUSG00000050896	0
ENSMUSG00000050900	17
ENSMUSG00000050901	0
ENSMUSG00000050908	13
ENSMUSG00000050910	144
ENSMUSG00000050912	931
ENSMUSG00000050914	38
ENSMUSG00000050917	0
ENSMUSG00000050919	101
ENSMUSG00000050921	19
ENSMUSG00000050926	0
ENSMUSG00000050930	12
ENSMUSG00000050931	962
ENSMUSG00000050933	0
ENSMUSG00000050936	0
ENSMUSG00000050944	0
ENSMUSG00000050945	45
ENSMUSG00000050947	290
ENSMUSG00000050953	150
ENSMUSG00000050954	41
ENSMUSG00000050957	12
ENSMUSG00000050961	0
ENSMUSG00000050963	0
ENSMUSG00000050965	274
ENSMUSG00000050966	0
ENSMUSG00000050967	0
ENSMUSG00000050973	111
ENSMUSG00000050974	2
ENSMUSG00000050978	0
ENSMUSG00000050982	0
ENSMUSG00000050989	122
ENSMUSG00000050994	151
ENSMUSG00000050996	0
ENSMUSG00000051000	94
ENSMUSG00000051002	0
ENSMUSG00000051003	0
ENSMUSG00000051007	477
ENSMUSG00000051008	16
ENSMUSG00000051022	3
ENSMUSG00000051029	0
ENSMUSG00000051034	47
ENSMUSG00000051036	0
ENSMUSG00000051037	29
ENSMUSG00000051038	0
ENSMUSG00000051041	460
ENSMUSG00000051043	1209
ENSMUSG00000051046	0
ENSMUSG00000051048	2
ENSMUSG00000051050	0
ENSMUSG00000051051	0
ENSMUSG00000051054	0
ENSMUSG00000051056	2
ENSMUSG00000051062	0
ENSMUSG00000051065	500
ENSMUSG00000051067	0
ENSMUSG00000051074	5
ENSMUSG00000051076	37
ENSMUSG00000051079	0
ENSMUSG00000051081	0
ENSMUSG00000051095	0
ENSMUSG00000051098	312
ENSMUSG00000051107	0
ENSMUSG00000051111	5
ENSMUSG00000051113	19
ENSMUSG00000051116	103
ENSMUSG00000051118	0
ENSMUSG00000051124	255
ENSMUSG00000051133	111
ENSMUSG00000051136	0
ENSMUSG00000051146	16
ENSMUSG00000051147	646
ENSMUSG00000051149	0
ENSMUSG00000051153	0
ENSMUSG00000051154	2095
ENSMUSG00000051156	0
ENSMUSG00000051159	1
ENSMUSG00000051160	0
ENSMUSG00000051166	276
ENSMUSG00000051169	430
ENSMUSG00000051172	0
ENSMUSG00000051176	0
ENSMUSG00000051177	325
ENSMUSG00000051180	0
ENSMUSG00000051182	0
ENSMUSG00000051184	235
ENSMUSG00000051185	336
ENSMUSG00000051190	0
ENSMUSG00000051198	0
ENSMUSG00000051200	0
ENSMUSG00000051207	0
ENSMUSG00000051209	0
ENSMUSG00000051212	14
ENSMUSG00000051219	0
ENSMUSG00000051220	6
ENSMUSG00000051223	2388
ENSMUSG00000051224	42
ENSMUSG00000051225	23
ENSMUSG00000051228	0
ENSMUSG00000051232	307
ENSMUSG00000051234	408
ENSMUSG00000051235	39
ENSMUSG00000051236	343
ENSMUSG00000051237	3
ENSMUSG00000051238	127
ENSMUSG00000051242	9
ENSMUSG00000051243	0
ENSMUSG00000051246	33
ENSMUSG00000051251	0
ENSMUSG00000051255	458
ENSMUSG00000051256	708
ENSMUSG00000051257	0
ENSMUSG00000051258	0
ENSMUSG00000051262	0
ENSMUSG00000051276	0
ENSMUSG00000051278	36
ENSMUSG00000051279	11
ENSMUSG00000051285	1588
ENSMUSG00000051295	0
ENSMUSG00000051297	0
ENSMUSG00000051306	483
ENSMUSG00000051313	0
ENSMUSG00000051314	1
ENSMUSG00000051316	139
ENSMUSG00000051319	295
ENSMUSG00000051323	1
ENSMUSG00000051329	266
ENSMUSG00000051331	6
ENSMUSG00000051335	45
ENSMUSG00000051339	2837
ENSMUSG00000051340	0
ENSMUSG00000051341	35
ENSMUSG00000051343	36
ENSMUSG00000051344	64
ENSMUSG00000051346	847
ENSMUSG00000051351	181
ENSMUSG00000051354	5
ENSMUSG00000051355	933
ENSMUSG00000051359	311
ENSMUSG00000051361	3
ENSMUSG00000051362	0
ENSMUSG00000051367	0
ENSMUSG00000051373	30
ENSMUSG00000051375	1384
ENSMUSG00000051378	8
ENSMUSG00000051379	3
ENSMUSG00000051390	364
ENSMUSG00000051391	1595
ENSMUSG00000051392	0
ENSMUSG00000051396	29
ENSMUSG00000051397	5
ENSMUSG00000051401	0
ENSMUSG00000051403	1555
ENSMUSG00000051412	1136
ENSMUSG00000051413	170
ENSMUSG00000051414	0
ENSMUSG00000051424	0
ENSMUSG00000051427	567
ENSMUSG00000051431	0
ENSMUSG00000051435	64
ENSMUSG00000051437	0
ENSMUSG00000051439	118
ENSMUSG00000051444	22
ENSMUSG00000051451	294
ENSMUSG00000051452	43
ENSMUSG00000051455	0
ENSMUSG00000051456	0
ENSMUSG00000051457	38
ENSMUSG00000051469	624
ENSMUSG00000051481	0
ENSMUSG00000051483	2162
ENSMUSG00000051486	6
ENSMUSG00000051490	2
ENSMUSG00000051493	0
ENSMUSG00000051495	2193
ENSMUSG00000051497	41
ENSMUSG00000051498	24
ENSMUSG00000051499	10
ENSMUSG00000051502	99
ENSMUSG00000051503	0
ENSMUSG00000051504	3
ENSMUSG00000051506	144
ENSMUSG00000051509	0
ENSMUSG00000051510	3444
ENSMUSG00000051515	1
ENSMUSG00000051517	23
ENSMUSG00000051518	481
ENSMUSG00000051527	0
ENSMUSG00000051528	0
ENSMUSG00000051537	2
ENSMUSG00000051548	4
ENSMUSG00000051550	329
ENSMUSG00000051557	167
ENSMUSG00000051579	431
ENSMUSG00000051582	0
ENSMUSG00000051586	989
ENSMUSG00000051590	2
ENSMUSG00000051591	0
ENSMUSG00000051592	0
ENSMUSG00000051593	0
ENSMUSG00000051596	0
ENSMUSG00000051599	0
ENSMUSG00000051606	1
ENSMUSG00000051611	0
ENSMUSG00000051615	437
ENSMUSG00000051616	0
ENSMUSG00000051617	0
ENSMUSG00000051618	0
ENSMUSG00000051627	3
ENSMUSG00000051638	0
ENSMUSG00000051639	46
ENSMUSG00000051648	0
ENSMUSG00000051650	0
ENSMUSG00000051652	1847
ENSMUSG00000051663	0
ENSMUSG00000051669	79
ENSMUSG00000051671	591
ENSMUSG00000051674	895
ENSMUSG00000051675	231
ENSMUSG00000051678	2
ENSMUSG00000051680	0
ENSMUSG00000051682	154
ENSMUSG00000051687	0
ENSMUSG00000051695	4840
ENSMUSG00000051703	4
ENSMUSG00000051705	37
ENSMUSG00000051706	0
ENSMUSG00000051716	13120
ENSMUSG00000051721	232
ENSMUSG00000051723	0
ENSMUSG00000051726	0
ENSMUSG00000051727	3
ENSMUSG00000051728	2
ENSMUSG00000051729	0
ENSMUSG00000051730	271
ENSMUSG00000051732	0
ENSMUSG00000051735	83
ENSMUSG00000051736	27
ENSMUSG00000051747	2
ENSMUSG00000051748	17570
ENSMUSG00000051758	0
ENSMUSG00000051768	409
ENSMUSG00000051769	0
ENSMUSG00000051777	0
ENSMUSG00000051786	493
ENSMUSG00000051788	0
ENSMUSG00000051790	189
ENSMUSG00000051793	0
ENSMUSG00000051802	0
ENSMUSG00000051804	0
ENSMUSG00000051805	1
ENSMUSG00000051811	8
ENSMUSG00000051817	86
ENSMUSG00000051827	0
ENSMUSG00000051832	0
ENSMUSG00000051839	2
ENSMUSG00000051844	1
ENSMUSG00000051851	7
ENSMUSG00000051853	1298
ENSMUSG00000051855	87
ENSMUSG00000051860	0
ENSMUSG00000051864	461
ENSMUSG00000051877	0
ENSMUSG00000051879	0
ENSMUSG00000051885	0
ENSMUSG00000051890	6
ENSMUSG00000051896	0
ENSMUSG00000051900	0
ENSMUSG00000051906	2
ENSMUSG00000051910	288
ENSMUSG00000051917	0
ENSMUSG00000051920	0
ENSMUSG00000051934	249
ENSMUSG00000051936	0
ENSMUSG00000051940	0
ENSMUSG00000051950	75
ENSMUSG00000051951	2
ENSMUSG00000051952	0
ENSMUSG00000051956	1
ENSMUSG00000051965	0
ENSMUSG00000051969	18
ENSMUSG00000051977	246
ENSMUSG00000051978	32
ENSMUSG00000051980	0
ENSMUSG00000051984	613
ENSMUSG00000051985	1
ENSMUSG00000051986	0
ENSMUSG00000051989	525
ENSMUSG00000051998	58
ENSMUSG00000052005	0
ENSMUSG00000052012	0
ENSMUSG00000052013	124
ENSMUSG00000052014	0
ENSMUSG00000052025	0
ENSMUSG00000052026	28
ENSMUSG00000052031	41
ENSMUSG00000052033	221
ENSMUSG00000052040	683
ENSMUSG00000052056	291
ENSMUSG00000052058	0
ENSMUSG00000052062	143
ENSMUSG00000052075	0
ENSMUSG00000052085	784
ENSMUSG00000052087	29
ENSMUSG00000052099	0
ENSMUSG00000052102	298
ENSMUSG00000052105	7
ENSMUSG00000052117	390
ENSMUSG00000052125	13
ENSMUSG00000052131	16
ENSMUSG00000052133	171
ENSMUSG00000052135	0
ENSMUSG00000052137	128
ENSMUSG00000052139	645
ENSMUSG00000052142	77
ENSMUSG00000052143	0
ENSMUSG00000052144	518
ENSMUSG00000052146	139
ENSMUSG00000052151	579
ENSMUSG00000052154	0
ENSMUSG00000052155	669
ENSMUSG00000052157	0
ENSMUSG00000052160	429
ENSMUSG00000052180	0
ENSMUSG00000052182	0
ENSMUSG00000052187	0
ENSMUSG00000052188	51
ENSMUSG00000052192	204
ENSMUSG00000052212	2
ENSMUSG00000052214	903
ENSMUSG00000052217	0
ENSMUSG00000052221	2
ENSMUSG00000052229	0
ENSMUSG00000052234	0
ENSMUSG00000052236	0
ENSMUSG00000052241	0
ENSMUSG00000052248	32
ENSMUSG00000052253	582
ENSMUSG00000052270	49
ENSMUSG00000052271	27
ENSMUSG00000052273	0
ENSMUSG00000052276	0
ENSMUSG00000052281	0
ENSMUSG00000052291	30
ENSMUSG00000052293	12
ENSMUSG00000052295	1
ENSMUSG00000052296	1579
ENSMUSG00000052298	311
ENSMUSG00000052299	847
ENSMUSG00000052301	0
ENSMUSG00000052302	212
ENSMUSG00000052303	0
ENSMUSG00000052305	4979
ENSMUSG00000052310	1105
ENSMUSG00000052316	0
ENSMUSG00000052331	156
ENSMUSG00000052334	0
ENSMUSG00000052336	31
ENSMUSG00000052337	2334
ENSMUSG00000052353	0
ENSMUSG00000052363	0
ENSMUSG00000052364	33
ENSMUSG00000052368	0
ENSMUSG00000052369	548
ENSMUSG00000052371	0
ENSMUSG00000052372	0
ENSMUSG00000052373	6
ENSMUSG00000052374	2
ENSMUSG00000052376	0
ENSMUSG00000052382	0
ENSMUSG00000052384	292
ENSMUSG00000052387	0
ENSMUSG00000052392	1411
ENSMUSG00000052395	311
ENSMUSG00000052396	13
ENSMUSG00000052397	168
ENSMUSG00000052403	6
ENSMUSG00000052406	498
ENSMUSG00000052407	642
ENSMUSG00000052414	0
ENSMUSG00000052415	13
ENSMUSG00000052417	0
ENSMUSG00000052419	531
ENSMUSG00000052423	401
ENSMUSG00000052426	0
ENSMUSG00000052428	2418
ENSMUSG00000052430	1
ENSMUSG00000052435	324
ENSMUSG00000052446	231
ENSMUSG00000052456	788
ENSMUSG00000052459	826
ENSMUSG00000052468	0
ENSMUSG00000052469	0
ENSMUSG00000052471	0
ENSMUSG00000052477	3
ENSMUSG00000052479	0
ENSMUSG00000052482	0
ENSMUSG00000052485	5
ENSMUSG00000052488	1352
ENSMUSG00000052496	0
ENSMUSG00000052504	22
ENSMUSG00000052508	0
ENSMUSG00000052512	1468
ENSMUSG00000052516	68
ENSMUSG00000052520	11885
ENSMUSG00000052525	8
ENSMUSG00000052533	322
ENSMUSG00000052534	429
ENSMUSG00000052537	0
ENSMUSG00000052539	662
ENSMUSG00000052544	33
ENSMUSG00000052549	0
ENSMUSG00000052551	4
ENSMUSG00000052554	0
ENSMUSG00000052557	13
ENSMUSG00000052560	66
ENSMUSG00000052562	3191
ENSMUSG00000052563	182
ENSMUSG00000052565	4
ENSMUSG00000052566	1113
ENSMUSG00000052572	2
ENSMUSG00000052581	0
ENSMUSG00000052584	0
ENSMUSG00000052593	567
ENSMUSG00000052595	629
ENSMUSG00000052605	519
ENSMUSG00000052609	1494
ENSMUSG00000052613	0
ENSMUSG00000052616	1
ENSMUSG00000052625	0
ENSMUSG00000052629	0
ENSMUSG00000052631	0
ENSMUSG00000052632	145
ENSMUSG00000052642	0
ENSMUSG00000052656	2768
ENSMUSG00000052658	14
ENSMUSG00000052673	0
ENSMUSG00000052675	26
ENSMUSG00000052676	331
ENSMUSG00000052681	1993
ENSMUSG00000052684	1539
ENSMUSG00000052688	38
ENSMUSG00000052698	231
ENSMUSG00000052707	3465
ENSMUSG00000052712	2822
ENSMUSG00000052713	122
ENSMUSG00000052724	2
ENSMUSG00000052726	68
ENSMUSG00000052727	24
ENSMUSG00000052730	0
ENSMUSG00000052736	8
ENSMUSG00000052738	5424
ENSMUSG00000052748	302
ENSMUSG00000052749	23
ENSMUSG00000052751	1153
ENSMUSG00000052752	1035
ENSMUSG00000052759	0
ENSMUSG00000052760	62
ENSMUSG00000052763	112
ENSMUSG00000052767	0
ENSMUSG00000052769	10
ENSMUSG00000052776	64
ENSMUSG00000052779	0
ENSMUSG00000052783	17
ENSMUSG00000052785	0
ENSMUSG00000052790	0
ENSMUSG00000052794	132
ENSMUSG00000052798	112
ENSMUSG00000052812	690
ENSMUSG00000052818	0
ENSMUSG00000052819	0
ENSMUSG00000052821	33
ENSMUSG00000052825	200
ENSMUSG00000052833	560
ENSMUSG00000052837	4983
ENSMUSG00000052848	0
ENSMUSG00000052850	0
ENSMUSG00000052852	12
ENSMUSG00000052854	0
ENSMUSG00000052861	0
ENSMUSG00000052865	0
ENSMUSG00000052889	64
ENSMUSG00000052906	691
ENSMUSG00000052909	0
ENSMUSG00000052911	193
ENSMUSG00000052912	2
ENSMUSG00000052914	2497
ENSMUSG00000052915	1186
ENSMUSG00000052917	155
ENSMUSG00000052920	2
ENSMUSG00000052921	407
ENSMUSG00000052922	0
ENSMUSG00000052926	507
ENSMUSG00000052928	502
ENSMUSG00000052934	852
ENSMUSG00000052942	26
ENSMUSG00000052949	49
ENSMUSG00000052951	0
ENSMUSG00000052955	0
ENSMUSG00000052957	312
ENSMUSG00000052962	845
ENSMUSG00000052974	28081
ENSMUSG00000052981	0
ENSMUSG00000052997	629
ENSMUSG00000053004	3
ENSMUSG00000053007	3
ENSMUSG00000053012	1439
ENSMUSG00000053024	13
ENSMUSG00000053025	0
ENSMUSG00000053030	0
ENSMUSG00000053038	178
ENSMUSG00000053040	24
ENSMUSG00000053044	7
ENSMUSG00000053046	30
ENSMUSG00000053049	0
ENSMUSG00000053054	3
ENSMUSG00000053062	242
ENSMUSG00000053063	231
ENSMUSG00000053070	2
ENSMUSG00000053080	171
ENSMUSG00000053081	0
ENSMUSG00000053091	161
ENSMUSG00000053093	0
ENSMUSG00000053094	1534
ENSMUSG00000053101	3
ENSMUSG00000053110	1647
ENSMUSG00000053111	1
ENSMUSG00000053113	1697
ENSMUSG00000053117	0
ENSMUSG00000053119	1705
ENSMUSG00000053121	0
ENSMUSG00000053128	38
ENSMUSG00000053129	0
ENSMUSG00000053134	323
ENSMUSG00000053137	140
ENSMUSG00000053141	6
ENSMUSG00000053146	0
ENSMUSG00000053153	0
ENSMUSG00000053158	312
ENSMUSG00000053161	0
ENSMUSG00000053164	0
ENSMUSG00000053166	0
ENSMUSG00000053168	82
ENSMUSG00000053173	1
ENSMUSG00000053175	731
ENSMUSG00000053178	12
ENSMUSG00000053181	0
ENSMUSG00000053182	3
ENSMUSG00000053184	0
ENSMUSG00000053185	0
ENSMUSG00000053192	37
ENSMUSG00000053194	0
ENSMUSG00000053198	6
ENSMUSG00000053199	0
ENSMUSG00000053205	0
ENSMUSG00000053208	5
ENSMUSG00000053211	0
ENSMUSG00000053214	1
ENSMUSG00000053216	0
ENSMUSG00000053217	0
ENSMUSG00000053219	443
ENSMUSG00000053226	119
ENSMUSG00000053228	0
ENSMUSG00000053251	0
ENSMUSG00000053253	732
ENSMUSG00000053263	0
ENSMUSG00000053268	0
ENSMUSG00000053279	29648
ENSMUSG00000053286	957
ENSMUSG00000053287	0
ENSMUSG00000053289	234
ENSMUSG00000053291	11
ENSMUSG00000053293	511
ENSMUSG00000053297	17
ENSMUSG00000053303	147
ENSMUSG00000053310	33
ENSMUSG00000053317	239
ENSMUSG00000053318	26
ENSMUSG00000053329	2475
ENSMUSG00000053332	1578
ENSMUSG00000053333	412
ENSMUSG00000053334	422
ENSMUSG00000053338	0
ENSMUSG00000053347	388
ENSMUSG00000053353	0
ENSMUSG00000053358	19
ENSMUSG00000053360	0
ENSMUSG00000053367	0
ENSMUSG00000053368	0
ENSMUSG00000053375	0
ENSMUSG00000053388	0
ENSMUSG00000053389	0
ENSMUSG00000053390	194
ENSMUSG00000053391	0
ENSMUSG00000053395	0
ENSMUSG00000053398	0
ENSMUSG00000053399	0
ENSMUSG00000053411	450
ENSMUSG00000053414	48
ENSMUSG00000053420	0
ENSMUSG00000053436	2528
ENSMUSG00000053441	0
ENSMUSG00000053442	5
ENSMUSG00000053453	1211
ENSMUSG00000053460	1943
ENSMUSG00000053461	41
ENSMUSG00000053465	0
ENSMUSG00000053469	1
ENSMUSG00000053470	949
ENSMUSG00000053472	0
ENSMUSG00000053475	0
ENSMUSG00000053477	544
ENSMUSG00000053483	500
ENSMUSG00000053490	0
ENSMUSG00000053499	0
ENSMUSG00000053508	0
ENSMUSG00000053510	2448
ENSMUSG00000053519	0
ENSMUSG00000053522	0
ENSMUSG00000053528	1
ENSMUSG00000053536	693
ENSMUSG00000053541	7
ENSMUSG00000053545	0
ENSMUSG00000053550	4
ENSMUSG00000053552	16
ENSMUSG00000053553	224
ENSMUSG00000053559	782
ENSMUSG00000053560	1680
ENSMUSG00000053565	2010
ENSMUSG00000053574	9
ENSMUSG00000053580	147
ENSMUSG00000053581	240
ENSMUSG00000053588	0
ENSMUSG00000053593	0
ENSMUSG00000053600	92
ENSMUSG00000053603	0
ENSMUSG00000053604	277
ENSMUSG00000053613	17
ENSMUSG00000053615	0
ENSMUSG00000053617	641
ENSMUSG00000053624	0
ENSMUSG00000053626	0
ENSMUSG00000053640	0
ENSMUSG00000053641	715
ENSMUSG00000053644	10174
ENSMUSG00000053646	3225
ENSMUSG00000053647	4
ENSMUSG00000053654	0
ENSMUSG00000053656	0
ENSMUSG00000053675	0
ENSMUSG00000053678	0
ENSMUSG00000053684	148
ENSMUSG00000053687	1
ENSMUSG00000053693	39
ENSMUSG00000053695	0
ENSMUSG00000053702	111
ENSMUSG00000053706	0
ENSMUSG00000053714	11
ENSMUSG00000053716	89
ENSMUSG00000053719	0
ENSMUSG00000053720	0
ENSMUSG00000053729	0
ENSMUSG00000053730	82
ENSMUSG00000053740	33
ENSMUSG00000053742	0
ENSMUSG00000053746	37
ENSMUSG00000053747	0
ENSMUSG00000053749	3
ENSMUSG00000053754	1330
ENSMUSG00000053765	0
ENSMUSG00000053768	2516
ENSMUSG00000053769	1
ENSMUSG00000053773	0
ENSMUSG00000053774	560
ENSMUSG00000053783	0
ENSMUSG00000053790	0
ENSMUSG00000053797	0
ENSMUSG00000053799	330
ENSMUSG00000053801	335
ENSMUSG00000053815	0
ENSMUSG00000053819	304
ENSMUSG00000053820	0
ENSMUSG00000053821	0
ENSMUSG00000053825	19
ENSMUSG00000053830	1
ENSMUSG00000053835	57
ENSMUSG00000053838	869
ENSMUSG00000053841	1243
ENSMUSG00000053846	800
ENSMUSG00000053852	0
ENSMUSG00000053856	0
ENSMUSG00000053861	0
ENSMUSG00000053862	9
ENSMUSG00000053863	0
ENSMUSG00000053868	0
ENSMUSG00000053870	463
ENSMUSG00000053873	0
ENSMUSG00000053877	30
ENSMUSG00000053886	148
ENSMUSG00000053889	2
ENSMUSG00000053896	0
ENSMUSG00000053897	682
ENSMUSG00000053898	7926
ENSMUSG00000053907	1272
ENSMUSG00000053909	0
ENSMUSG00000053914	0
ENSMUSG00000053916	1
ENSMUSG00000053925	0
ENSMUSG00000053929	1742
ENSMUSG00000053930	0
ENSMUSG00000053931	2839
ENSMUSG00000053950	237
ENSMUSG00000053957	0
ENSMUSG00000053961	0
ENSMUSG00000053963	4
ENSMUSG00000053964	822
ENSMUSG00000053965	31
ENSMUSG00000053977	11
ENSMUSG00000053979	0
ENSMUSG00000053980	0
ENSMUSG00000053985	121
ENSMUSG00000054000	57
ENSMUSG00000054003	0
ENSMUSG00000054005	0
ENSMUSG00000054006	0
ENSMUSG00000054008	770
ENSMUSG00000054013	0
ENSMUSG00000054021	460
ENSMUSG00000054027	392
ENSMUSG00000054031	2
ENSMUSG00000054033	0
ENSMUSG00000054034	0
ENSMUSG00000054036	0
ENSMUSG00000054046	0
ENSMUSG00000054051	1093
ENSMUSG00000054052	2
ENSMUSG00000054054	0
ENSMUSG00000054057	15
ENSMUSG00000054061	0
ENSMUSG00000054065	48
ENSMUSG00000054069	0
ENSMUSG00000054072	7163
ENSMUSG00000054074	22
ENSMUSG00000054079	260
ENSMUSG00000054083	0
ENSMUSG00000054087	0
ENSMUSG00000054091	195
ENSMUSG00000054099	92
ENSMUSG00000054102	0
ENSMUSG00000054106	0
ENSMUSG00000054115	69
ENSMUSG00000054116	0
ENSMUSG00000054117	0
ENSMUSG00000054128	0
ENSMUSG00000054134	3
ENSMUSG00000054135	20
ENSMUSG00000054136	0
ENSMUSG00000054141	0
ENSMUSG00000054142	0
ENSMUSG00000054146	1
ENSMUSG00000054150	90
ENSMUSG00000054156	0
ENSMUSG00000054160	0
ENSMUSG00000054161	0
ENSMUSG00000054162	1
ENSMUSG00000054169	0
ENSMUSG00000054178	9
ENSMUSG00000054181	30
ENSMUSG00000054191	128
ENSMUSG00000054196	1
ENSMUSG00000054199	885
ENSMUSG00000054200	1
ENSMUSG00000054203	7
ENSMUSG00000054204	0
ENSMUSG00000054206	4
ENSMUSG00000054215	0
ENSMUSG00000054226	3876
ENSMUSG00000054236	0
ENSMUSG00000054237	466
ENSMUSG00000054247	0
ENSMUSG00000054252	2033
ENSMUSG00000054256	3
ENSMUSG00000054258	0
ENSMUSG00000054263	8954
ENSMUSG00000054266	0
ENSMUSG00000054272	0
ENSMUSG00000054277	353
ENSMUSG00000054280	338
ENSMUSG00000054293	21
ENSMUSG00000054302	682
ENSMUSG00000054304	1
ENSMUSG00000054309	795
ENSMUSG00000054310	0
ENSMUSG00000054312	79
ENSMUSG00000054320	0
ENSMUSG00000054321	74
ENSMUSG00000054325	0
ENSMUSG00000054342	17
ENSMUSG00000054351	0
ENSMUSG00000054360	0
ENSMUSG00000054362	2
ENSMUSG00000054364	1065
ENSMUSG00000054379	0
ENSMUSG00000054381	64
ENSMUSG00000054383	0
ENSMUSG00000054385	11
ENSMUSG00000054387	2277
ENSMUSG00000054391	0
ENSMUSG00000054400	15
ENSMUSG00000054404	317
ENSMUSG00000054405	517
ENSMUSG00000054406	0
ENSMUSG00000054408	2140
ENSMUSG00000054409	0
ENSMUSG00000054412	0
ENSMUSG00000054414	574
ENSMUSG00000054417	4
ENSMUSG00000054418	3
ENSMUSG00000054422	141435
ENSMUSG00000054423	0
ENSMUSG00000054426	203
ENSMUSG00000054428	558
ENSMUSG00000054431	0
ENSMUSG00000054434	127
ENSMUSG00000054435	528
ENSMUSG00000054446	0
ENSMUSG00000054450	0
ENSMUSG00000054452	16526
ENSMUSG00000054453	17
ENSMUSG00000054455	1898
ENSMUSG00000054457	0
ENSMUSG00000054459	0
ENSMUSG00000054469	1136
ENSMUSG00000054474	1560
ENSMUSG00000054477	617
ENSMUSG00000054484	416
ENSMUSG00000054488	0
ENSMUSG00000054493	0
ENSMUSG00000054497	0
ENSMUSG00000054498	0
ENSMUSG00000054499	679
ENSMUSG00000054509	493
ENSMUSG00000054510	1
ENSMUSG00000054514	14
ENSMUSG00000054517	180
ENSMUSG00000054519	115
ENSMUSG00000054520	567
ENSMUSG00000054523	0
ENSMUSG00000054526	0
ENSMUSG00000054537	0
ENSMUSG00000054545	0
ENSMUSG00000054555	15
ENSMUSG00000054556	2
ENSMUSG00000054568	0
ENSMUSG00000054580	227
ENSMUSG00000054582	1
ENSMUSG00000054589	6
ENSMUSG00000054594	5
ENSMUSG00000054598	1
ENSMUSG00000054604	1329
ENSMUSG00000054611	1653
ENSMUSG00000054612	704
ENSMUSG00000054618	0
ENSMUSG00000054619	4165
ENSMUSG00000054622	8
ENSMUSG00000054626	2
ENSMUSG00000054630	15259
ENSMUSG00000054640	4
ENSMUSG00000054641	14
ENSMUSG00000054648	314
ENSMUSG00000054659	11
ENSMUSG00000054662	1
ENSMUSG00000054666	0
ENSMUSG00000054667	0
ENSMUSG00000054672	1
ENSMUSG00000054675	23
ENSMUSG00000054676	3843
ENSMUSG00000054679	1
ENSMUSG00000054690	107
ENSMUSG00000054693	873
ENSMUSG00000054702	10
ENSMUSG00000054708	292
ENSMUSG00000054715	203
ENSMUSG00000054716	140
ENSMUSG00000054717	16
ENSMUSG00000054720	183
ENSMUSG00000054723	419
ENSMUSG00000054727	0
ENSMUSG00000054728	21
ENSMUSG00000054733	5245
ENSMUSG00000054737	394
ENSMUSG00000054745	0
ENSMUSG00000054746	2
ENSMUSG00000054752	20
ENSMUSG00000054753	0
ENSMUSG00000054757	1922
ENSMUSG00000054759	0
ENSMUSG00000054763	0
ENSMUSG00000054764	74
ENSMUSG00000054766	467
ENSMUSG00000054770	224
ENSMUSG00000054779	0
ENSMUSG00000054792	205
ENSMUSG00000054793	144
ENSMUSG00000054808	2413
ENSMUSG00000054814	219
ENSMUSG00000054822	0
ENSMUSG00000054823	4438
ENSMUSG00000054827	14730
ENSMUSG00000054836	214
ENSMUSG00000054843	486
ENSMUSG00000054850	0
ENSMUSG00000054855	149
ENSMUSG00000054863	73
ENSMUSG00000054871	6
ENSMUSG00000054874	1333
ENSMUSG00000054885	0
ENSMUSG00000054889	956
ENSMUSG00000054890	0
ENSMUSG00000054892	9
ENSMUSG00000054893	73
ENSMUSG00000054894	225
ENSMUSG00000054901	0
ENSMUSG00000054905	0
ENSMUSG00000054909	1
ENSMUSG00000054910	0
ENSMUSG00000054920	827
ENSMUSG00000054931	7
ENSMUSG00000054932	22
ENSMUSG00000054934	1
ENSMUSG00000054938	0
ENSMUSG00000054939	85
ENSMUSG00000054940	0
ENSMUSG00000054942	55
ENSMUSG00000054944	0
ENSMUSG00000054945	34
ENSMUSG00000054951	14
ENSMUSG00000054957	0
ENSMUSG00000054958	0
ENSMUSG00000054966	0
ENSMUSG00000054967	25
ENSMUSG00000054976	0
ENSMUSG00000054978	0
ENSMUSG00000054986	0
ENSMUSG00000054988	0
ENSMUSG00000054994	0
ENSMUSG00000054999	0
ENSMUSG00000055003	4
ENSMUSG00000055010	0
ENSMUSG00000055013	189
ENSMUSG00000055015	0
ENSMUSG00000055022	0
ENSMUSG00000055024	994
ENSMUSG00000055026	0
ENSMUSG00000055027	123
ENSMUSG00000055030	0
ENSMUSG00000055033	0
ENSMUSG00000055041	521
ENSMUSG00000055044	222
ENSMUSG00000055045	0
ENSMUSG00000055048	0
ENSMUSG00000055053	1774
ENSMUSG00000055061	0
ENSMUSG00000055065	5824
ENSMUSG00000055067	110
ENSMUSG00000055069	24
ENSMUSG00000055072	0
ENSMUSG00000055078	0
ENSMUSG00000055088	0
ENSMUSG00000055093	0
ENSMUSG00000055095	0
ENSMUSG00000055102	0
ENSMUSG00000055108	0
ENSMUSG00000055109	0
ENSMUSG00000055110	1
ENSMUSG00000055114	18
ENSMUSG00000055116	71
ENSMUSG00000055125	0
ENSMUSG00000055128	887
ENSMUSG00000055134	0
ENSMUSG00000055137	1117
ENSMUSG00000055138	0
ENSMUSG00000055148	370
ENSMUSG00000055150	38
ENSMUSG00000055159	1
ENSMUSG00000055170	1
ENSMUSG00000055172	3958
ENSMUSG00000055177	0
ENSMUSG00000055184	51
ENSMUSG00000055188	7
ENSMUSG00000055193	0
ENSMUSG00000055194	1
ENSMUSG00000055197	0
ENSMUSG00000055198	0
ENSMUSG00000055200	142
ENSMUSG00000055202	26
ENSMUSG00000055204	1536
ENSMUSG00000055210	2
ENSMUSG00000055214	0
ENSMUSG00000055216	0
ENSMUSG00000055228	0
ENSMUSG00000055235	15
ENSMUSG00000055239	1772
ENSMUSG00000055240	250
ENSMUSG00000055254	127
ENSMUSG00000055271	1
ENSMUSG00000055296	981
ENSMUSG00000055298	0
ENSMUSG00000055301	101
ENSMUSG00000055302	366
ENSMUSG00000055305	24
ENSMUSG00000055312	764
ENSMUSG00000055313	20
ENSMUSG00000055319	693
ENSMUSG00000055320	446
ENSMUSG00000055322	4783
ENSMUSG00000055323	1
ENSMUSG00000055333	0
ENSMUSG00000055334	158
ENSMUSG00000055341	10
ENSMUSG00000055357	0
ENSMUSG00000055360	0
ENSMUSG00000055368	0
ENSMUSG00000055370	6
ENSMUSG00000055371	368
ENSMUSG00000055373	0
ENSMUSG00000055385	0
ENSMUSG00000055401	1185
ENSMUSG00000055403	0
ENSMUSG00000055407	0
ENSMUSG00000055408	0
ENSMUSG00000055409	0
ENSMUSG00000055413	95
ENSMUSG00000055415	0
ENSMUSG00000055416	0
ENSMUSG00000055421	2
ENSMUSG00000055424	0
ENSMUSG00000055430	9
ENSMUSG00000055435	1024
ENSMUSG00000055436	4719
ENSMUSG00000055446	0
ENSMUSG00000055447	2237
ENSMUSG00000055452	23
ENSMUSG00000055456	0
ENSMUSG00000055471	0
ENSMUSG00000055480	20
ENSMUSG00000055485	36
ENSMUSG00000055489	3
ENSMUSG00000055491	495
ENSMUSG00000055493	121
ENSMUSG00000055494	6
ENSMUSG00000055497	4
ENSMUSG00000055515	0
ENSMUSG00000055523	3
ENSMUSG00000055531	1145
ENSMUSG00000055538	2328
ENSMUSG00000055540	0
ENSMUSG00000055541	125
ENSMUSG00000055546	245
ENSMUSG00000055547	0
ENSMUSG00000055553	1497
ENSMUSG00000055555	0
ENSMUSG00000055560	1
ENSMUSG00000055561	24
ENSMUSG00000055567	1
ENSMUSG00000055571	0
ENSMUSG00000055594	0
ENSMUSG00000055602	2
ENSMUSG00000055609	0
ENSMUSG00000055610	0
ENSMUSG00000055612	18
ENSMUSG00000055621	0
ENSMUSG00000055629	4
ENSMUSG00000055632	27
ENSMUSG00000055633	30
ENSMUSG00000055639	3
ENSMUSG00000055643	0
ENSMUSG00000055652	464
ENSMUSG00000055653	17
ENSMUSG00000055660	36
ENSMUSG00000055670	1198
ENSMUSG00000055675	27
ENSMUSG00000055676	2
ENSMUSG00000055679	0
ENSMUSG00000055681	3523
ENSMUSG00000055691	2
ENSMUSG00000055692	48
ENSMUSG00000055700	0
ENSMUSG00000055704	0
ENSMUSG00000055707	214
ENSMUSG00000055717	11
ENSMUSG00000055720	844
ENSMUSG00000055723	477
ENSMUSG00000055725	114
ENSMUSG00000055730	6857
ENSMUSG00000055732	0
ENSMUSG00000055733	25
ENSMUSG00000055737	14914
ENSMUSG00000055745	7
ENSMUSG00000055746	0
ENSMUSG00000055748	1
ENSMUSG00000055760	81
ENSMUSG00000055761	0
ENSMUSG00000055762	1581
ENSMUSG00000055763	1
ENSMUSG00000055771	287
ENSMUSG00000055775	0
ENSMUSG00000055780	0
ENSMUSG00000055782	856
ENSMUSG00000055789	0
ENSMUSG00000055795	0
ENSMUSG00000055799	210
ENSMUSG00000055805	103
ENSMUSG00000055809	6
ENSMUSG00000055811	0
ENSMUSG00000055817	364
ENSMUSG00000055818	2
ENSMUSG00000055820	0
ENSMUSG00000055826	0
ENSMUSG00000055827	0
ENSMUSG00000055833	16
ENSMUSG00000055835	362
ENSMUSG00000055838	0
ENSMUSG00000055839	307
ENSMUSG00000055850	2940
ENSMUSG00000055862	193
ENSMUSG00000055865	18
ENSMUSG00000055866	2338
ENSMUSG00000055872	0
ENSMUSG00000055874	0
ENSMUSG00000055882	0
ENSMUSG00000055884	180
ENSMUSG00000055891	0
ENSMUSG00000055895	0
ENSMUSG00000055897	372
ENSMUSG00000055900	145
ENSMUSG00000055912	5220
ENSMUSG00000055917	310
ENSMUSG00000055923	246
ENSMUSG00000055926	3
ENSMUSG00000055932	749
ENSMUSG00000055933	0
ENSMUSG00000055937	1
ENSMUSG00000055942	0
ENSMUSG00000055943	1645
ENSMUSG00000055944	0
ENSMUSG00000055945	9
ENSMUSG00000055958	0
ENSMUSG00000055960	0
ENSMUSG00000055961	0
ENSMUSG00000055963	2
ENSMUSG00000055968	0
ENSMUSG00000055971	0
ENSMUSG00000055972	3
ENSMUSG00000055976	0
ENSMUSG00000055978	2
ENSMUSG00000055980	949
ENSMUSG00000055991	513
ENSMUSG00000055994	8
ENSMUSG00000056004	11
ENSMUSG00000056008	0
ENSMUSG00000056014	122
ENSMUSG00000056018	0
ENSMUSG00000056019	81
ENSMUSG00000056023	1
ENSMUSG00000056025	498
ENSMUSG00000056031	0
ENSMUSG00000056032	0
ENSMUSG00000056035	108903
ENSMUSG00000056043	0
ENSMUSG00000056050	4601
ENSMUSG00000056054	84
ENSMUSG00000056055	1
ENSMUSG00000056061	0
ENSMUSG00000056069	139
ENSMUSG00000056071	110
ENSMUSG00000056073	0
ENSMUSG00000056076	2680
ENSMUSG00000056078	0
ENSMUSG00000056089	0
ENSMUSG00000056091	1510
ENSMUSG00000056115	0
ENSMUSG00000056116	1595
ENSMUSG00000056121	1240
ENSMUSG00000056124	67
ENSMUSG00000056128	1
ENSMUSG00000056130	4
ENSMUSG00000056131	557
ENSMUSG00000056133	4
ENSMUSG00000056144	213
ENSMUSG00000056145	19
ENSMUSG00000056148	27
ENSMUSG00000056153	352
ENSMUSG00000056155	0
ENSMUSG00000056158	0
ENSMUSG00000056162	0
ENSMUSG00000056167	760
ENSMUSG00000056174	3
ENSMUSG00000056184	0
ENSMUSG00000056185	148
ENSMUSG00000056197	0
ENSMUSG00000056201	2947
ENSMUSG00000056203	0
ENSMUSG00000056204	1558
ENSMUSG00000056209	47
ENSMUSG00000056211	959
ENSMUSG00000056214	14
ENSMUSG00000056215	0
ENSMUSG00000056216	1328
ENSMUSG00000056219	0
ENSMUSG00000056220	34
ENSMUSG00000056222	0
ENSMUSG00000056223	0
ENSMUSG00000056228	420
ENSMUSG00000056234	108
ENSMUSG00000056257	0
ENSMUSG00000056258	0
ENSMUSG00000056260	438
ENSMUSG00000056267	108
ENSMUSG00000056268	449
ENSMUSG00000056270	0
ENSMUSG00000056271	0
ENSMUSG00000056281	0
ENSMUSG00000056288	1
ENSMUSG00000056290	30
ENSMUSG00000056293	0
ENSMUSG00000056296	0
ENSMUSG00000056300	1
ENSMUSG00000056305	505
ENSMUSG00000056306	1
ENSMUSG00000056310	404
ENSMUSG00000056313	1893
ENSMUSG00000056316	0
ENSMUSG00000056328	0
ENSMUSG00000056329	0
ENSMUSG00000056332	0
ENSMUSG00000056342	1403
ENSMUSG00000056350	0
ENSMUSG00000056359	1
ENSMUSG00000056366	0
ENSMUSG00000056367	7
ENSMUSG00000056370	0
ENSMUSG00000056379	0
ENSMUSG00000056380	0
ENSMUSG00000056383	333
ENSMUSG00000056394	104
ENSMUSG00000056399	0
ENSMUSG00000056411	18
ENSMUSG00000056412	140
ENSMUSG00000056413	57
ENSMUSG00000056418	4
ENSMUSG00000056423	0
ENSMUSG00000056426	0
ENSMUSG00000056427	2
ENSMUSG00000056429	3177
ENSMUSG00000056436	0
ENSMUSG00000056445	2
ENSMUSG00000056457	0
ENSMUSG00000056458	2
ENSMUSG00000056459	126
ENSMUSG00000056468	8
ENSMUSG00000056476	92
ENSMUSG00000056481	10
ENSMUSG00000056486	4
ENSMUSG00000056487	0
ENSMUSG00000056492	1178
ENSMUSG00000056493	500
ENSMUSG00000056494	0
ENSMUSG00000056498	18
ENSMUSG00000056501	2146
ENSMUSG00000056508	0
ENSMUSG00000056509	0
ENSMUSG00000056515	145
ENSMUSG00000056529	28
ENSMUSG00000056531	15
ENSMUSG00000056536	360
ENSMUSG00000056537	815
ENSMUSG00000056544	0
ENSMUSG00000056553	0
ENSMUSG00000056564	0
ENSMUSG00000056569	5
ENSMUSG00000056579	972
ENSMUSG00000056586	0
ENSMUSG00000056592	85
ENSMUSG00000056596	2
ENSMUSG00000056598	14
ENSMUSG00000056600	0
ENSMUSG00000056602	28
ENSMUSG00000056605	0
ENSMUSG00000056608	794
ENSMUSG00000056612	33
ENSMUSG00000056617	0
ENSMUSG00000056629	1483
ENSMUSG00000056632	0
ENSMUSG00000056643	162
ENSMUSG00000056648	1
ENSMUSG00000056656	3
ENSMUSG00000056665	79
ENSMUSG00000056666	4813
ENSMUSG00000056671	29
ENSMUSG00000056673	437
ENSMUSG00000056679	8
ENSMUSG00000056682	0
ENSMUSG00000056687	20
ENSMUSG00000056692	5664
ENSMUSG00000056696	0
ENSMUSG00000056698	522
ENSMUSG00000056699	0
ENSMUSG00000056706	0
ENSMUSG00000056708	127
ENSMUSG00000056716	1
ENSMUSG00000056718	8
ENSMUSG00000056724	564
ENSMUSG00000056728	1
ENSMUSG00000056735	14
ENSMUSG00000056737	118
ENSMUSG00000056738	4
ENSMUSG00000056749	800
ENSMUSG00000056752	0
ENSMUSG00000056753	9
ENSMUSG00000056755	0
ENSMUSG00000056758	0
ENSMUSG00000056763	1077
ENSMUSG00000056770	597
ENSMUSG00000056771	1
ENSMUSG00000056772	1
ENSMUSG00000056777	0
ENSMUSG00000056782	0
ENSMUSG00000056797	0
ENSMUSG00000056812	21
ENSMUSG00000056815	0
ENSMUSG00000056820	766
ENSMUSG00000056821	0
ENSMUSG00000056822	0
ENSMUSG00000056824	0
ENSMUSG00000056829	0
ENSMUSG00000056832	8
ENSMUSG00000056836	90
ENSMUSG00000056849	0
ENSMUSG00000056851	6257
ENSMUSG00000056853	0
ENSMUSG00000056854	0
ENSMUSG00000056856	0
ENSMUSG00000056858	0
ENSMUSG00000056863	0
ENSMUSG00000056870	25
ENSMUSG00000056877	0
ENSMUSG00000056880	0
ENSMUSG00000056883	0
ENSMUSG00000056885	0
ENSMUSG00000056888	35
ENSMUSG00000056895	0
ENSMUSG00000056899	758
ENSMUSG00000056900	0
ENSMUSG00000056901	0
ENSMUSG00000056904	2
ENSMUSG00000056910	0
ENSMUSG00000056912	0
ENSMUSG00000056917	597
ENSMUSG00000056919	129
ENSMUSG00000056921	0
ENSMUSG00000056926	0
ENSMUSG00000056938	1398
ENSMUSG00000056941	532
ENSMUSG00000056943	0
ENSMUSG00000056946	0
ENSMUSG00000056947	0
ENSMUSG00000056952	469
ENSMUSG00000056959	0
ENSMUSG00000056961	0
ENSMUSG00000056962	602
ENSMUSG00000056966	32
ENSMUSG00000056972	0
ENSMUSG00000056973	17990
ENSMUSG00000056978	775
ENSMUSG00000056987	4
ENSMUSG00000056995	0
ENSMUSG00000056999	4453
ENSMUSG00000057000	0
ENSMUSG00000057003	0
ENSMUSG00000057021	0
ENSMUSG00000057036	0
ENSMUSG00000057037	4635
ENSMUSG00000057047	0
ENSMUSG00000057050	0
ENSMUSG00000057054	873
ENSMUSG00000057058	6
ENSMUSG00000057060	0
ENSMUSG00000057067	0
ENSMUSG00000057068	1253
ENSMUSG00000057069	1771
ENSMUSG00000057072	0
ENSMUSG00000057074	6259
ENSMUSG00000057092	10
ENSMUSG00000057093	16
ENSMUSG00000057098	10
ENSMUSG00000057101	440
ENSMUSG00000057103	3788
ENSMUSG00000057110	733
ENSMUSG00000057113	297
ENSMUSG00000057116	0
ENSMUSG00000057123	11
ENSMUSG00000057130	381
ENSMUSG00000057132	50
ENSMUSG00000057133	966
ENSMUSG00000057134	416
ENSMUSG00000057135	28
ENSMUSG00000057137	429
ENSMUSG00000057143	176
ENSMUSG00000057147	145
ENSMUSG00000057149	0
ENSMUSG00000057156	116
ENSMUSG00000057157	0
ENSMUSG00000057160	4
ENSMUSG00000057161	0
ENSMUSG00000057163	0
ENSMUSG00000057170	0
ENSMUSG00000057173	0
ENSMUSG00000057174	0
ENSMUSG00000057176	30
ENSMUSG00000057177	730
ENSMUSG00000057179	0
ENSMUSG00000057181	263
ENSMUSG00000057182	10
ENSMUSG00000057191	122
ENSMUSG00000057193	463
ENSMUSG00000057195	0
ENSMUSG00000057203	0
ENSMUSG00000057207	0
ENSMUSG00000057215	0
ENSMUSG00000057216	0
ENSMUSG00000057219	84
ENSMUSG00000057223	6
ENSMUSG00000057228	1419
ENSMUSG00000057229	1628
ENSMUSG00000057230	611
ENSMUSG00000057234	58
ENSMUSG00000057236	1852
ENSMUSG00000057240	0
ENSMUSG00000057244	0
ENSMUSG00000057246	6
ENSMUSG00000057262	0
ENSMUSG00000057265	14
ENSMUSG00000057270	0
ENSMUSG00000057278	6
ENSMUSG00000057280	0
ENSMUSG00000057286	59
ENSMUSG00000057290	0
ENSMUSG00000057315	193
ENSMUSG00000057321	0
ENSMUSG00000057322	2
ENSMUSG00000057329	66
ENSMUSG00000057335	226
ENSMUSG00000057337	33
ENSMUSG00000057342	1288
ENSMUSG00000057346	388
ENSMUSG00000057349	0
ENSMUSG00000057359	0
ENSMUSG00000057363	212
ENSMUSG00000057367	1126
ENSMUSG00000057370	0
ENSMUSG00000057375	1034
ENSMUSG00000057378	1
ENSMUSG00000057381	0
ENSMUSG00000057388	1321
ENSMUSG00000057396	65
ENSMUSG00000057400	47259
ENSMUSG00000057402	0
ENSMUSG00000057406	397
ENSMUSG00000057409	159
ENSMUSG00000057411	990
ENSMUSG00000057417	0
ENSMUSG00000057421	821
ENSMUSG00000057424	0
ENSMUSG00000057425	19
ENSMUSG00000057439	0
ENSMUSG00000057440	101
ENSMUSG00000057443	0
ENSMUSG00000057444	0
ENSMUSG00000057446	0
ENSMUSG00000057447	0
ENSMUSG00000057454	0
ENSMUSG00000057455	0
ENSMUSG00000057457	0
ENSMUSG00000057461	0
ENSMUSG00000057464	0
ENSMUSG00000057465	664
ENSMUSG00000057469	257
ENSMUSG00000057497	1041
ENSMUSG00000057499	0
ENSMUSG00000057503	0
ENSMUSG00000057506	2
ENSMUSG00000057513	0
ENSMUSG00000057522	2481
ENSMUSG00000057530	5446
ENSMUSG00000057531	1379
ENSMUSG00000057534	0
ENSMUSG00000057540	0
ENSMUSG00000057541	102
ENSMUSG00000057551	704
ENSMUSG00000057554	3470
ENSMUSG00000057561	1342
ENSMUSG00000057564	0
ENSMUSG00000057572	194
ENSMUSG00000057577	0
ENSMUSG00000057580	2
ENSMUSG00000057592	0
ENSMUSG00000057594	78
ENSMUSG00000057596	389
ENSMUSG00000057604	25
ENSMUSG00000057605	0
ENSMUSG00000057606	6
ENSMUSG00000057609	0
ENSMUSG00000057612	0
ENSMUSG00000057614	130
ENSMUSG00000057615	0
ENSMUSG00000057637	715
ENSMUSG00000057649	536
ENSMUSG00000057650	0
ENSMUSG00000057654	0
ENSMUSG00000057657	0
ENSMUSG00000057666	4
ENSMUSG00000057667	141
ENSMUSG00000057672	1116
ENSMUSG00000057674	0
ENSMUSG00000057685	0
ENSMUSG00000057691	797
ENSMUSG00000057696	0
ENSMUSG00000057697	4
ENSMUSG00000057699	0
ENSMUSG00000057706	12
ENSMUSG00000057710	0
ENSMUSG00000057715	0
ENSMUSG00000057716	0
ENSMUSG00000057719	0
ENSMUSG00000057722	55
ENSMUSG00000057723	0
ENSMUSG00000057726	0
ENSMUSG00000057729	256
ENSMUSG00000057735	0
ENSMUSG00000057738	2684
ENSMUSG00000057751	36
ENSMUSG00000057754	0
ENSMUSG00000057761	0
ENSMUSG00000057762	0
ENSMUSG00000057766	16
ENSMUSG00000057770	0
ENSMUSG00000057777	6
ENSMUSG00000057778	322
ENSMUSG00000057788	758
ENSMUSG00000057789	254
ENSMUSG00000057799	0
ENSMUSG00000057801	0
ENSMUSG00000057802	120
ENSMUSG00000057805	0
ENSMUSG00000057816	0
ENSMUSG00000057817	0
ENSMUSG00000057818	0
ENSMUSG00000057829	0
ENSMUSG00000057835	100
ENSMUSG00000057836	1
ENSMUSG00000057841	1003
ENSMUSG00000057842	180
ENSMUSG00000057855	0
ENSMUSG00000057858	101
ENSMUSG00000057863	2
ENSMUSG00000057880	5605
ENSMUSG00000057886	0
ENSMUSG00000057890	0
ENSMUSG00000057894	113
ENSMUSG00000057895	20
ENSMUSG00000057897	397
ENSMUSG00000057899	12
ENSMUSG00000057903	0
ENSMUSG00000057913	5
ENSMUSG00000057914	8
ENSMUSG00000057933	460
ENSMUSG00000057945	1
ENSMUSG00000057948	75
ENSMUSG00000057963	539
ENSMUSG00000057967	2
ENSMUSG00000057969	38
ENSMUSG00000057977	0
ENSMUSG00000057981	0
ENSMUSG00000057982	776
ENSMUSG00000057990	0
ENSMUSG00000057997	0
ENSMUSG00000058005	0
ENSMUSG00000058006	896
ENSMUSG00000058013	311
ENSMUSG00000058014	0
ENSMUSG00000058017	0
ENSMUSG00000058019	0
ENSMUSG00000058022	3494
ENSMUSG00000058028	0
ENSMUSG00000058030	0
ENSMUSG00000058046	1
ENSMUSG00000058050	0
ENSMUSG00000058052	0
ENSMUSG00000058056	1770
ENSMUSG00000058057	0
ENSMUSG00000058063	0
ENSMUSG00000058064	1
ENSMUSG00000058070	113
ENSMUSG00000058071	0
ENSMUSG00000058073	1
ENSMUSG00000058076	4620
ENSMUSG00000058078	0
ENSMUSG00000058084	0
ENSMUSG00000058093	194
ENSMUSG00000058099	167
ENSMUSG00000058101	0
ENSMUSG00000058114	0
ENSMUSG00000058119	0
ENSMUSG00000058124	0
ENSMUSG00000058126	87
ENSMUSG00000058132	0
ENSMUSG00000058135	52826
ENSMUSG00000058145	8
ENSMUSG00000058147	0
ENSMUSG00000058152	92
ENSMUSG00000058153	0
ENSMUSG00000058159	2
ENSMUSG00000058163	5
ENSMUSG00000058172	0
ENSMUSG00000058173	273
ENSMUSG00000058174	2
ENSMUSG00000058176	0
ENSMUSG00000058183	0
ENSMUSG00000058186	0
ENSMUSG00000058188	0
ENSMUSG00000058192	168
ENSMUSG00000058194	0
ENSMUSG00000058200	0
ENSMUSG00000058207	167815
ENSMUSG00000058216	975
ENSMUSG00000058230	1517
ENSMUSG00000058239	1086
ENSMUSG00000058240	355
ENSMUSG00000058244	0
ENSMUSG00000058246	24
ENSMUSG00000058248	0
ENSMUSG00000058250	0
ENSMUSG00000058251	0
ENSMUSG00000058252	0
ENSMUSG00000058254	554
ENSMUSG00000058258	48
ENSMUSG00000058260	42
ENSMUSG00000058267	748
ENSMUSG00000058270	0
ENSMUSG00000058275	0
ENSMUSG00000058281	0
ENSMUSG00000058287	0
ENSMUSG00000058290	16
ENSMUSG00000058291	408
ENSMUSG00000058295	0
ENSMUSG00000058297	7
ENSMUSG00000058298	188
ENSMUSG00000058301	1257
ENSMUSG00000058317	450
ENSMUSG00000058318	906
ENSMUSG00000058325	287
ENSMUSG00000058328	0
ENSMUSG00000058331	42
ENSMUSG00000058349	0
ENSMUSG00000058351	243
ENSMUSG00000058354	0
ENSMUSG00000058355	1503
ENSMUSG00000058357	0
ENSMUSG00000058360	0
ENSMUSG00000058368	0
ENSMUSG00000058385	0
ENSMUSG00000058388	173
ENSMUSG00000058392	203
ENSMUSG00000058396	804
ENSMUSG00000058398	0
ENSMUSG00000058399	0
ENSMUSG00000058400	0
ENSMUSG00000058402	191
ENSMUSG00000058407	510
ENSMUSG00000058420	1
ENSMUSG00000058427	15
ENSMUSG00000058430	0
ENSMUSG00000058435	0
ENSMUSG00000058440	325
ENSMUSG00000058441	1
ENSMUSG00000058443	91
ENSMUSG00000058444	625
ENSMUSG00000058446	1459
ENSMUSG00000058447	0
ENSMUSG00000058454	3249
ENSMUSG00000058463	0
ENSMUSG00000058470	7
ENSMUSG00000058486	970
ENSMUSG00000058488	4
ENSMUSG00000058491	0
ENSMUSG00000058492	5479
ENSMUSG00000058498	0
ENSMUSG00000058499	0
ENSMUSG00000058503	251
ENSMUSG00000058508	0
ENSMUSG00000058513	0
ENSMUSG00000058515	0
ENSMUSG00000058523	22
ENSMUSG00000058537	0
ENSMUSG00000058542	0
ENSMUSG00000058546	0
ENSMUSG00000058550	0
ENSMUSG00000058558	476
ENSMUSG00000058567	0
ENSMUSG00000058568	0
ENSMUSG00000058569	1961
ENSMUSG00000058571	36
ENSMUSG00000058579	25
ENSMUSG00000058581	22
ENSMUSG00000058586	345
ENSMUSG00000058587	498
ENSMUSG00000058588	0
ENSMUSG00000058589	0
ENSMUSG00000058590	0
ENSMUSG00000058594	588
ENSMUSG00000058600	21
ENSMUSG00000058603	0
ENSMUSG00000058607	0
ENSMUSG00000058613	27
ENSMUSG00000058618	0
ENSMUSG00000058620	159
ENSMUSG00000058622	0
ENSMUSG00000058624	537
ENSMUSG00000058625	0
ENSMUSG00000058626	20
ENSMUSG00000058628	0
ENSMUSG00000058631	0
ENSMUSG00000058638	847
ENSMUSG00000058643	0
ENSMUSG00000058655	2899
ENSMUSG00000058656	1
ENSMUSG00000058659	0
ENSMUSG00000058662	0
ENSMUSG00000058665	0
ENSMUSG00000058669	0
ENSMUSG00000058670	0
ENSMUSG00000058672	923
ENSMUSG00000058685	0
ENSMUSG00000058690	1095
ENSMUSG00000058692	0
ENSMUSG00000058700	0
ENSMUSG00000058704	523
ENSMUSG00000058706	688
ENSMUSG00000058709	1948
ENSMUSG00000058715	782
ENSMUSG00000058717	0
ENSMUSG00000058725	0
ENSMUSG00000058728	4
ENSMUSG00000058729	88
ENSMUSG00000058731	0
ENSMUSG00000058740	3
ENSMUSG00000058741	0
ENSMUSG00000058743	0
ENSMUSG00000058745	5
ENSMUSG00000058748	205
ENSMUSG00000058755	0
ENSMUSG00000058756	267
ENSMUSG00000058761	1979
ENSMUSG00000058773	0
ENSMUSG00000058793	1989
ENSMUSG00000058794	74
ENSMUSG00000058799	690
ENSMUSG00000058802	0
ENSMUSG00000058806	78
ENSMUSG00000058807	0
ENSMUSG00000058809	223
ENSMUSG00000058812	2
ENSMUSG00000058816	0
ENSMUSG00000058818	214
ENSMUSG00000058820	0
ENSMUSG00000058831	1
ENSMUSG00000058833	982
ENSMUSG00000058835	1247
ENSMUSG00000058838	0
ENSMUSG00000058856	0
ENSMUSG00000058869	1
ENSMUSG00000058873	0
ENSMUSG00000058881	136
ENSMUSG00000058883	0
ENSMUSG00000058884	0
ENSMUSG00000058886	678
ENSMUSG00000058897	236
ENSMUSG00000058900	41
ENSMUSG00000058904	0
ENSMUSG00000058905	0
ENSMUSG00000058908	0
ENSMUSG00000058914	2
ENSMUSG00000058921	399
ENSMUSG00000058922	7
ENSMUSG00000058923	0
ENSMUSG00000058925	0
ENSMUSG00000058927	1
ENSMUSG00000058932	0
ENSMUSG00000058933	0
ENSMUSG00000058934	29
ENSMUSG00000058935	0
ENSMUSG00000058952	16653
ENSMUSG00000058953	0
ENSMUSG00000058966	49
ENSMUSG00000058975	0
ENSMUSG00000058976	0
ENSMUSG00000058979	707
ENSMUSG00000058981	0
ENSMUSG00000058997	4750
ENSMUSG00000059003	0
ENSMUSG00000059005	408
ENSMUSG00000059013	350
ENSMUSG00000059014	0
ENSMUSG00000059022	758
ENSMUSG00000059023	0
ENSMUSG00000059027	183
ENSMUSG00000059030	0
ENSMUSG00000059031	0
ENSMUSG00000059033	27
ENSMUSG00000059040	0
ENSMUSG00000059042	0
ENSMUSG00000059043	0
ENSMUSG00000059049	16
ENSMUSG00000059058	4
ENSMUSG00000059060	102
ENSMUSG00000059064	2
ENSMUSG00000059069	0
ENSMUSG00000059070	169
ENSMUSG00000059077	0
ENSMUSG00000059087	0
ENSMUSG00000059089	212
ENSMUSG00000059105	0
ENSMUSG00000059106	0
ENSMUSG00000059108	29
ENSMUSG00000059112	0
ENSMUSG00000059113	0
ENSMUSG00000059114	0
ENSMUSG00000059119	915
ENSMUSG00000059128	0
ENSMUSG00000059134	0
ENSMUSG00000059136	0
ENSMUSG00000059142	485
ENSMUSG00000059146	9
ENSMUSG00000059149	0
ENSMUSG00000059150	0
ENSMUSG00000059159	0
ENSMUSG00000059169	0
ENSMUSG00000059173	84
ENSMUSG00000059179	0
ENSMUSG00000059182	734
ENSMUSG00000059183	277
ENSMUSG00000059187	3
ENSMUSG00000059189	0
ENSMUSG00000059195	0
ENSMUSG00000059201	0
ENSMUSG00000059203	0
ENSMUSG00000059205	0
ENSMUSG00000059206	0
ENSMUSG00000059208	2325
ENSMUSG00000059213	0
ENSMUSG00000059218	0
ENSMUSG00000059229	0
ENSMUSG00000059230	0
ENSMUSG00000059237	0
ENSMUSG00000059244	2
ENSMUSG00000059246	0
ENSMUSG00000059248	1405
ENSMUSG00000059251	0
ENSMUSG00000059252	0
ENSMUSG00000059256	0
ENSMUSG00000059263	2157
ENSMUSG00000059273	784
ENSMUSG00000059277	18
ENSMUSG00000059278	656
ENSMUSG00000059279	0
ENSMUSG00000059280	0
ENSMUSG00000059288	116
ENSMUSG00000059291	14
ENSMUSG00000059301	28
ENSMUSG00000059303	0
ENSMUSG00000059305	2
ENSMUSG00000059316	785
ENSMUSG00000059319	0
ENSMUSG00000059323	1525
ENSMUSG00000059325	1268
ENSMUSG00000059326	293
ENSMUSG00000059327	23
ENSMUSG00000059334	0
ENSMUSG00000059336	9
ENSMUSG00000059343	1
ENSMUSG00000059352	0
ENSMUSG00000059355	577
ENSMUSG00000059361	0
ENSMUSG00000059363	277
ENSMUSG00000059366	0
ENSMUSG00000059371	0
ENSMUSG00000059375	0
ENSMUSG00000059379	0
ENSMUSG00000059382	0
ENSMUSG00000059383	0
ENSMUSG00000059395	9
ENSMUSG00000059397	0
ENSMUSG00000059401	31
ENSMUSG00000059406	1
ENSMUSG00000059408	0
ENSMUSG00000059409	815
ENSMUSG00000059410	0
ENSMUSG00000059411	0
ENSMUSG00000059412	7
ENSMUSG00000059422	4
ENSMUSG00000059423	142
ENSMUSG00000059429	0
ENSMUSG00000059430	10
ENSMUSG00000059434	7562
ENSMUSG00000059436	677
ENSMUSG00000059439	405
ENSMUSG00000059447	255
ENSMUSG00000059455	0
ENSMUSG00000059456	1016
ENSMUSG00000059459	0
ENSMUSG00000059460	0
ENSMUSG00000059461	15
ENSMUSG00000059463	0
ENSMUSG00000059473	0
ENSMUSG00000059474	733
ENSMUSG00000059475	335
ENSMUSG00000059479	7
ENSMUSG00000059481	49402
ENSMUSG00000059482	197
ENSMUSG00000059483	2
ENSMUSG00000059486	581
ENSMUSG00000059488	0
ENSMUSG00000059493	3
ENSMUSG00000059495	2475
ENSMUSG00000059498	277
ENSMUSG00000059503	0
ENSMUSG00000059504	0
ENSMUSG00000059518	1048
ENSMUSG00000059534	3891
ENSMUSG00000059540	53
ENSMUSG00000059547	0
ENSMUSG00000059552	694
ENSMUSG00000059554	375
ENSMUSG00000059555	97
ENSMUSG00000059562	3
ENSMUSG00000059565	0
ENSMUSG00000059571	0
ENSMUSG00000059585	0
ENSMUSG00000059586	339
ENSMUSG00000059588	380
ENSMUSG00000059595	0
ENSMUSG00000059602	12
ENSMUSG00000059606	0
ENSMUSG00000059610	1
ENSMUSG00000059623	0
ENSMUSG00000059625	0
ENSMUSG00000059626	0
ENSMUSG00000059631	0
ENSMUSG00000059632	0
ENSMUSG00000059639	0
ENSMUSG00000059645	0
ENSMUSG00000059647	0
ENSMUSG00000059648	0
ENSMUSG00000059654	0
ENSMUSG00000059657	1
ENSMUSG00000059658	79
ENSMUSG00000059659	4
ENSMUSG00000059663	0
ENSMUSG00000059668	3
ENSMUSG00000059669	108
ENSMUSG00000059674	13
ENSMUSG00000059687	0
ENSMUSG00000059689	432
ENSMUSG00000059690	0
ENSMUSG00000059695	0
ENSMUSG00000059706	0
ENSMUSG00000059708	302
ENSMUSG00000059713	66
ENSMUSG00000059714	738
ENSMUSG00000059729	0
ENSMUSG00000059734	2204
ENSMUSG00000059741	0
ENSMUSG00000059742	0
ENSMUSG00000059743	217
ENSMUSG00000059751	2
ENSMUSG00000059762	0
ENSMUSG00000059763	0
ENSMUSG00000059768	0
ENSMUSG00000059772	259
ENSMUSG00000059775	121
ENSMUSG00000059776	0
ENSMUSG00000059791	28
ENSMUSG00000059796	531
ENSMUSG00000059810	160
ENSMUSG00000059811	2325
ENSMUSG00000059816	2
ENSMUSG00000059820	346
ENSMUSG00000059821	0
ENSMUSG00000059824	4078
ENSMUSG00000059827	0
ENSMUSG00000059830	1
ENSMUSG00000059832	0
ENSMUSG00000059834	177
ENSMUSG00000059835	0
ENSMUSG00000059839	232
ENSMUSG00000059842	108
ENSMUSG00000059845	1
ENSMUSG00000059851	639
ENSMUSG00000059852	7
ENSMUSG00000059854	1
ENSMUSG00000059857	0
ENSMUSG00000059862	0
ENSMUSG00000059864	10
ENSMUSG00000059866	429
ENSMUSG00000059867	0
ENSMUSG00000059873	64
ENSMUSG00000059874	0
ENSMUSG00000059877	4
ENSMUSG00000059878	354
ENSMUSG00000059883	164
ENSMUSG00000059887	0
ENSMUSG00000059890	1972
ENSMUSG00000059891	1
ENSMUSG00000059895	260
ENSMUSG00000059897	221
ENSMUSG00000059898	0
ENSMUSG00000059900	4
ENSMUSG00000059901	104
ENSMUSG00000059908	40268
ENSMUSG00000059910	0
ENSMUSG00000059912	0
ENSMUSG00000059920	437
ENSMUSG00000059921	0
ENSMUSG00000059923	709
ENSMUSG00000059934	0
ENSMUSG00000059939	348
ENSMUSG00000059956	0
ENSMUSG00000059964	0
ENSMUSG00000059970	165
ENSMUSG00000059972	0
ENSMUSG00000059974	48
ENSMUSG00000059975	125
ENSMUSG00000059981	1957
ENSMUSG00000059991	0
ENSMUSG00000059994	38
ENSMUSG00000059995	930
ENSMUSG00000060002	6097
ENSMUSG00000060012	1558
ENSMUSG00000060017	0
ENSMUSG00000060019	17
ENSMUSG00000060024	0
ENSMUSG00000060029	1
ENSMUSG00000060030	0
ENSMUSG00000060032	489
ENSMUSG00000060034	0
ENSMUSG00000060036	2
ENSMUSG00000060038	299
ENSMUSG00000060044	81
ENSMUSG00000060049	0
ENSMUSG00000060057	0
ENSMUSG00000060063	80
ENSMUSG00000060068	99
ENSMUSG00000060070	0
ENSMUSG00000060073	233
ENSMUSG00000060081	0
ENSMUSG00000060084	0
ENSMUSG00000060090	320
ENSMUSG00000060093	2
ENSMUSG00000060096	0
ENSMUSG00000060098	442
ENSMUSG00000060105	0
ENSMUSG00000060112	3
ENSMUSG00000060114	0
ENSMUSG00000060121	296
ENSMUSG00000060126	98
ENSMUSG00000060128	0
ENSMUSG00000060131	54
ENSMUSG00000060143	7
ENSMUSG00000060147	495
ENSMUSG00000060149	285
ENSMUSG00000060152	1169
ENSMUSG00000060161	0
ENSMUSG00000060166	227
ENSMUSG00000060170	0
ENSMUSG00000060176	2
ENSMUSG00000060177	0
ENSMUSG00000060180	0
ENSMUSG00000060181	280
ENSMUSG00000060183	392
ENSMUSG00000060187	0
ENSMUSG00000060188	0
ENSMUSG00000060198	2
ENSMUSG00000060201	0
ENSMUSG00000060204	0
ENSMUSG00000060205	0
ENSMUSG00000060206	28
ENSMUSG00000060208	0
ENSMUSG00000060212	4
ENSMUSG00000060216	1001
ENSMUSG00000060224	2142
ENSMUSG00000060227	174
ENSMUSG00000060240	2
ENSMUSG00000060244	161
ENSMUSG00000060245	0
ENSMUSG00000060254	0
ENSMUSG00000060256	0
ENSMUSG00000060257	0
ENSMUSG00000060260	71
ENSMUSG00000060261	2113
ENSMUSG00000060268	0
ENSMUSG00000060275	0
ENSMUSG00000060279	857
ENSMUSG00000060284	0
ENSMUSG00000060288	57
ENSMUSG00000060301	383
ENSMUSG00000060303	0
ENSMUSG00000060311	0
ENSMUSG00000060314	20
ENSMUSG00000060317	349
ENSMUSG00000060332	0
ENSMUSG00000060335	0
ENSMUSG00000060336	6
ENSMUSG00000060371	73
ENSMUSG00000060373	1534
ENSMUSG00000060375	0
ENSMUSG00000060376	5981
ENSMUSG00000060377	1
ENSMUSG00000060380	6
ENSMUSG00000060397	42
ENSMUSG00000060402	0
ENSMUSG00000060404	0
ENSMUSG00000060407	5878
ENSMUSG00000060411	0
ENSMUSG00000060412	0
ENSMUSG00000060416	3
ENSMUSG00000060417	0
ENSMUSG00000060419	105
ENSMUSG00000060424	0
ENSMUSG00000060427	148
ENSMUSG00000060429	88
ENSMUSG00000060438	74
ENSMUSG00000060441	6
ENSMUSG00000060445	2
ENSMUSG00000060450	1543
ENSMUSG00000060459	5010
ENSMUSG00000060461	0
ENSMUSG00000060467	342
ENSMUSG00000060469	0
ENSMUSG00000060470	298
ENSMUSG00000060475	384
ENSMUSG00000060477	507
ENSMUSG00000060480	0
ENSMUSG00000060487	21
ENSMUSG00000060490	0
ENSMUSG00000060491	0
ENSMUSG00000060499	4
ENSMUSG00000060503	0
ENSMUSG00000060508	0
ENSMUSG00000060509	15
ENSMUSG00000060510	509
ENSMUSG00000060512	1006
ENSMUSG00000060519	155
ENSMUSG00000060523	0
ENSMUSG00000060530	2
ENSMUSG00000060534	0
ENSMUSG00000060538	973
ENSMUSG00000060548	255
ENSMUSG00000060550	1067
ENSMUSG00000060556	0
ENSMUSG00000060560	25
ENSMUSG00000060565	0
ENSMUSG00000060566	0
ENSMUSG00000060568	9
ENSMUSG00000060572	5
ENSMUSG00000060579	106
ENSMUSG00000060583	0
ENSMUSG00000060586	1382
ENSMUSG00000060591	2225
ENSMUSG00000060594	16
ENSMUSG00000060600	372
ENSMUSG00000060601	1261
ENSMUSG00000060613	11711
ENSMUSG00000060615	0
ENSMUSG00000060621	0
ENSMUSG00000060630	0
ENSMUSG00000060636	42
ENSMUSG00000060639	28
ENSMUSG00000060647	74
ENSMUSG00000060657	2511
ENSMUSG00000060663	0
ENSMUSG00000060671	90
ENSMUSG00000060673	0
ENSMUSG00000060675	345
ENSMUSG00000060678	2
ENSMUSG00000060679	711
ENSMUSG00000060680	118
ENSMUSG00000060681	482
ENSMUSG00000060685	0
ENSMUSG00000060688	0
ENSMUSG00000060691	0
ENSMUSG00000060699	0
ENSMUSG00000060701	0
ENSMUSG00000060703	7418
ENSMUSG00000060708	284
ENSMUSG00000060715	0
ENSMUSG00000060716	3
ENSMUSG00000060724	0
ENSMUSG00000060726	0
ENSMUSG00000060727	1
ENSMUSG00000060730	3
ENSMUSG00000060733	1033
ENSMUSG00000060735	0
ENSMUSG00000060738	0
ENSMUSG00000060739	4
ENSMUSG00000060742	0
ENSMUSG00000060743	75
ENSMUSG00000060747	0
ENSMUSG00000060756	0
ENSMUSG00000060759	0
ENSMUSG00000060765	0
ENSMUSG00000060771	45
ENSMUSG00000060777	0
ENSMUSG00000060780	0
ENSMUSG00000060787	0
ENSMUSG00000060791	25
ENSMUSG00000060794	0
ENSMUSG00000060795	0
ENSMUSG00000060798	98
ENSMUSG00000060802	91296
ENSMUSG00000060803	2167
ENSMUSG00000060807	9624
ENSMUSG00000060808	0
ENSMUSG00000060811	0
ENSMUSG00000060816	0
ENSMUSG00000060827	0
ENSMUSG00000060843	0
ENSMUSG00000060860	0
ENSMUSG00000060862	812
ENSMUSG00000060863	0
ENSMUSG00000060878	0
ENSMUSG00000060879	0
ENSMUSG00000060882	0
ENSMUSG00000060888	0
ENSMUSG00000060890	0
ENSMUSG00000060904	1431
ENSMUSG00000060913	0
ENSMUSG00000060918	0
ENSMUSG00000060923	47
ENSMUSG00000060924	0
ENSMUSG00000060935	362
ENSMUSG00000060938	310
ENSMUSG00000060950	140
ENSMUSG00000060956	0
ENSMUSG00000060961	1144
ENSMUSG00000060962	0
ENSMUSG00000060967	0
ENSMUSG00000060969	29
ENSMUSG00000060974	0
ENSMUSG00000060981	8
ENSMUSG00000060985	0
ENSMUSG00000060988	0
ENSMUSG00000060989	2
ENSMUSG00000060992	5754
ENSMUSG00000061000	0
ENSMUSG00000061013	23
ENSMUSG00000061022	0
ENSMUSG00000061024	437
ENSMUSG00000061028	611
ENSMUSG00000061032	1974
ENSMUSG00000061039	22
ENSMUSG00000061046	215
ENSMUSG00000061048	7
ENSMUSG00000061062	30
ENSMUSG00000061065	0
ENSMUSG00000061068	0
ENSMUSG00000061079	388
ENSMUSG00000061080	3
ENSMUSG00000061082	0
ENSMUSG00000061086	49
ENSMUSG00000061099	12
ENSMUSG00000061100	1
ENSMUSG00000061104	339
ENSMUSG00000061111	657
ENSMUSG00000061115	0
ENSMUSG00000061118	246
ENSMUSG00000061119	171
ENSMUSG00000061126	2
ENSMUSG00000061130	945
ENSMUSG00000061132	122
ENSMUSG00000061136	1012
ENSMUSG00000061143	105
ENSMUSG00000061144	0
ENSMUSG00000061150	0
ENSMUSG00000061165	0
ENSMUSG00000061167	0
ENSMUSG00000061171	0
ENSMUSG00000061175	787
ENSMUSG00000061184	0
ENSMUSG00000061186	6
ENSMUSG00000061195	0
ENSMUSG00000061207	261
ENSMUSG00000061208	0
ENSMUSG00000061210	0
ENSMUSG00000061232	43075
ENSMUSG00000061242	0
ENSMUSG00000061244	607
ENSMUSG00000061246	0
ENSMUSG00000061259	0
ENSMUSG00000061272	0
ENSMUSG00000061273	609
ENSMUSG00000061286	791
ENSMUSG00000061288	800
ENSMUSG00000061292	737
ENSMUSG00000061295	0
ENSMUSG00000061296	0
ENSMUSG00000061298	0
ENSMUSG00000061306	1950
ENSMUSG00000061311	0
ENSMUSG00000061313	716
ENSMUSG00000061315	95
ENSMUSG00000061322	18
ENSMUSG00000061330	0
ENSMUSG00000061331	0
ENSMUSG00000061336	0
ENSMUSG00000061342	0
ENSMUSG00000061353	8667
ENSMUSG00000061356	2
ENSMUSG00000061360	588
ENSMUSG00000061361	0
ENSMUSG00000061367	0
ENSMUSG00000061371	82
ENSMUSG00000061374	439
ENSMUSG00000061376	0
ENSMUSG00000061387	0
ENSMUSG00000061388	0
ENSMUSG00000061390	0
ENSMUSG00000061392	0
ENSMUSG00000061393	88
ENSMUSG00000061397	2
ENSMUSG00000061410	1381
ENSMUSG00000061411	63
ENSMUSG00000061414	33
ENSMUSG00000061436	104
ENSMUSG00000061451	10
ENSMUSG00000061455	807
ENSMUSG00000061457	0
ENSMUSG00000061458	190
ENSMUSG00000061461	1009
ENSMUSG00000061462	4
ENSMUSG00000061469	0
ENSMUSG00000061474	0
ENSMUSG00000061477	25
ENSMUSG00000061479	127
ENSMUSG00000061482	4
ENSMUSG00000061486	7
ENSMUSG00000061488	0
ENSMUSG00000061489	0
ENSMUSG00000061490	0
ENSMUSG00000061510	10
ENSMUSG00000061517	0
ENSMUSG00000061518	307
ENSMUSG00000061520	0
ENSMUSG00000061524	0
ENSMUSG00000061525	0
ENSMUSG00000061527	2
ENSMUSG00000061531	0
ENSMUSG00000061533	35
ENSMUSG00000061535	22
ENSMUSG00000061536	223
ENSMUSG00000061540	420
ENSMUSG00000061544	150
ENSMUSG00000061549	0
ENSMUSG00000061559	1078
ENSMUSG00000061561	0
ENSMUSG00000061576	4
ENSMUSG00000061577	30
ENSMUSG00000061578	17
ENSMUSG00000061584	0
ENSMUSG00000061589	957
ENSMUSG00000061601	66
ENSMUSG00000061602	0
ENSMUSG00000061603	3
ENSMUSG00000061607	316
ENSMUSG00000061613	121
ENSMUSG00000061614	0
ENSMUSG00000061615	0
ENSMUSG00000061616	0
ENSMUSG00000061619	4
ENSMUSG00000061626	0
ENSMUSG00000061633	0
ENSMUSG00000061637	0
ENSMUSG00000061650	235
ENSMUSG00000061653	0
ENSMUSG00000061654	0
ENSMUSG00000061665	730
ENSMUSG00000061666	30
ENSMUSG00000061669	0
ENSMUSG00000061684	1
ENSMUSG00000061689	688
ENSMUSG00000061701	0
ENSMUSG00000061702	1
ENSMUSG00000061707	0
ENSMUSG00000061718	195
ENSMUSG00000061723	1
ENSMUSG00000061724	0
ENSMUSG00000061728	1
ENSMUSG00000061731	664
ENSMUSG00000061740	8297
ENSMUSG00000061742	0
ENSMUSG00000061751	738
ENSMUSG00000061755	395
ENSMUSG00000061758	48
ENSMUSG00000061759	378
ENSMUSG00000061762	0
ENSMUSG00000061769	0
ENSMUSG00000061778	1183
ENSMUSG00000061780	377
ENSMUSG00000061787	0
ENSMUSG00000061798	0
ENSMUSG00000061802	0
ENSMUSG00000061808	270956
ENSMUSG00000061809	0
ENSMUSG00000061815	51
ENSMUSG00000061816	0
ENSMUSG00000061825	74
ENSMUSG00000061829	0
ENSMUSG00000061833	0
ENSMUSG00000061838	3516
ENSMUSG00000061843	0
ENSMUSG00000061845	0
ENSMUSG00000061847	0
ENSMUSG00000061848	1481
ENSMUSG00000061852	0
ENSMUSG00000061859	279
ENSMUSG00000061863	0
ENSMUSG00000061875	0
ENSMUSG00000061877	0
ENSMUSG00000061878	17
ENSMUSG00000061882	166
ENSMUSG00000061887	1364
ENSMUSG00000061894	72
ENSMUSG00000061897	0
ENSMUSG00000061898	385
ENSMUSG00000061904	6538
ENSMUSG00000061906	48
ENSMUSG00000061911	0
ENSMUSG00000061923	0
ENSMUSG00000061928	0
ENSMUSG00000061937	0
ENSMUSG00000061947	5248
ENSMUSG00000061950	516
ENSMUSG00000061952	0
ENSMUSG00000061958	0
ENSMUSG00000061959	7098
ENSMUSG00000061961	0
ENSMUSG00000061969	0
ENSMUSG00000061972	0
ENSMUSG00000061974	0
ENSMUSG00000061977	0
ENSMUSG00000061979	556
ENSMUSG00000061981	879
ENSMUSG00000061983	5
ENSMUSG00000061984	0
ENSMUSG00000061988	0
ENSMUSG00000061991	0
ENSMUSG00000061992	0
ENSMUSG00000062006	81
ENSMUSG00000062007	4
ENSMUSG00000062012	13
ENSMUSG00000062014	1177
ENSMUSG00000062017	64
ENSMUSG00000062028	0
ENSMUSG00000062031	1156
ENSMUSG00000062036	0
ENSMUSG00000062037	0
ENSMUSG00000062038	0
ENSMUSG00000062040	242
ENSMUSG00000062042	0
ENSMUSG00000062044	1
ENSMUSG00000062046	0
ENSMUSG00000062054	4392
ENSMUSG00000062061	40
ENSMUSG00000062064	0
ENSMUSG00000062070	146
ENSMUSG00000062073	0
ENSMUSG00000062074	38
ENSMUSG00000062075	439
ENSMUSG00000062077	0
ENSMUSG00000062078	1001
ENSMUSG00000062081	0
ENSMUSG00000062082	13
ENSMUSG00000062083	209
ENSMUSG00000062093	19
ENSMUSG00000062098	112
ENSMUSG00000062101	61
ENSMUSG00000062103	0
ENSMUSG00000062105	0
ENSMUSG00000062110	109
ENSMUSG00000062115	498
ENSMUSG00000062116	209
ENSMUSG00000062121	0
ENSMUSG00000062124	0
ENSMUSG00000062127	94
ENSMUSG00000062128	0
ENSMUSG00000062132	4
ENSMUSG00000062142	0
ENSMUSG00000062148	0
ENSMUSG00000062151	0
ENSMUSG00000062152	0
ENSMUSG00000062154	0
ENSMUSG00000062157	9
ENSMUSG00000062162	0
ENSMUSG00000062165	0
ENSMUSG00000062168	0
ENSMUSG00000062169	330
ENSMUSG00000062170	116
ENSMUSG00000062175	6
ENSMUSG00000062181	6814
ENSMUSG00000062184	0
ENSMUSG00000062186	0
ENSMUSG00000062190	135
ENSMUSG00000062198	152
ENSMUSG00000062199	0
ENSMUSG00000062200	0
ENSMUSG00000062201	0
ENSMUSG00000062202	297
ENSMUSG00000062203	1299
ENSMUSG00000062204	0
ENSMUSG00000062209	101
ENSMUSG00000062210	102
ENSMUSG00000062224	0
ENSMUSG00000062226	0
ENSMUSG00000062232	301
ENSMUSG00000062234	1635
ENSMUSG00000062235	0
ENSMUSG00000062245	0
ENSMUSG00000062248	1
ENSMUSG00000062252	0
ENSMUSG00000062257	0
ENSMUSG00000062270	25
ENSMUSG00000062272	0
ENSMUSG00000062275	0
ENSMUSG00000062278	0
ENSMUSG00000062279	0
ENSMUSG00000062282	0
ENSMUSG00000062284	531
ENSMUSG00000062296	3
ENSMUSG00000062300	1040
ENSMUSG00000062309	3
ENSMUSG00000062310	3
ENSMUSG00000062312	70
ENSMUSG00000062314	0
ENSMUSG00000062319	0
ENSMUSG00000062327	0
ENSMUSG00000062328	18
ENSMUSG00000062329	0
ENSMUSG00000062342	0
ENSMUSG00000062345	0
ENSMUSG00000062352	422
ENSMUSG00000062353	0
ENSMUSG00000062365	0
ENSMUSG00000062369	0
ENSMUSG00000062372	0
ENSMUSG00000062373	222
ENSMUSG00000062376	271
ENSMUSG00000062380	1
ENSMUSG00000062382	0
ENSMUSG00000062391	0
ENSMUSG00000062393	0
ENSMUSG00000062397	1296
ENSMUSG00000062400	0
ENSMUSG00000062410	3570
ENSMUSG00000062421	344
ENSMUSG00000062426	0
ENSMUSG00000062432	0
ENSMUSG00000062433	0
ENSMUSG00000062434	0
ENSMUSG00000062438	0
ENSMUSG00000062444	0
ENSMUSG00000062456	10
ENSMUSG00000062458	1
ENSMUSG00000062461	0
ENSMUSG00000062464	0
ENSMUSG00000062470	5
ENSMUSG00000062472	0
ENSMUSG00000062477	0
ENSMUSG00000062478	0
ENSMUSG00000062480	4775
ENSMUSG00000062483	0
ENSMUSG00000062488	70
ENSMUSG00000062496	0
ENSMUSG00000062497	0
ENSMUSG00000062510	18
ENSMUSG00000062511	0
ENSMUSG00000062515	404
ENSMUSG00000062518	0
ENSMUSG00000062519	291
ENSMUSG00000062524	1
ENSMUSG00000062526	197
ENSMUSG00000062527	0
ENSMUSG00000062528	0
ENSMUSG00000062542	22
ENSMUSG00000062543	0
ENSMUSG00000062545	181
ENSMUSG00000062546	0
ENSMUSG00000062551	0
ENSMUSG00000062553	0
ENSMUSG00000062554	29
ENSMUSG00000062556	0
ENSMUSG00000062561	0
ENSMUSG00000062563	187
ENSMUSG00000062564	0
ENSMUSG00000062580	640
ENSMUSG00000062582	0
ENSMUSG00000062585	97
ENSMUSG00000062588	0
ENSMUSG00000062590	114
ENSMUSG00000062591	7
ENSMUSG00000062593	0
ENSMUSG00000062598	0
ENSMUSG00000062604	903
ENSMUSG00000062608	0
ENSMUSG00000062609	22
ENSMUSG00000062611	0
ENSMUSG00000062619	1423
ENSMUSG00000062621	0
ENSMUSG00000062624	3085
ENSMUSG00000062627	318
ENSMUSG00000062629	0
ENSMUSG00000062638	0
ENSMUSG00000062646	1546
ENSMUSG00000062647	13
ENSMUSG00000062649	0
ENSMUSG00000062651	0
ENSMUSG00000062661	10
ENSMUSG00000062683	3
ENSMUSG00000062687	0
ENSMUSG00000062691	268
ENSMUSG00000062694	0
ENSMUSG00000062704	9
ENSMUSG00000062705	0
ENSMUSG00000062712	0
ENSMUSG00000062713	0
ENSMUSG00000062727	2
ENSMUSG00000062729	1174
ENSMUSG00000062732	0
ENSMUSG00000062737	0
ENSMUSG00000062742	3
ENSMUSG00000062743	53
ENSMUSG00000062751	0
ENSMUSG00000062753	70
ENSMUSG00000062757	0
ENSMUSG00000062758	0
ENSMUSG00000062760	2
ENSMUSG00000062761	517
ENSMUSG00000062762	3989
ENSMUSG00000062773	0
ENSMUSG00000062778	0
ENSMUSG00000062782	0
ENSMUSG00000062783	0
ENSMUSG00000062785	164
ENSMUSG00000062791	0
ENSMUSG00000062793	0
ENSMUSG00000062794	4
ENSMUSG00000062797	354
ENSMUSG00000062814	0
ENSMUSG00000062818	0
ENSMUSG00000062822	1536
ENSMUSG00000062825	4
ENSMUSG00000062826	0
ENSMUSG00000062833	0
ENSMUSG00000062844	0
ENSMUSG00000062846	0
ENSMUSG00000062859	0
ENSMUSG00000062861	62
ENSMUSG00000062866	194
ENSMUSG00000062867	56
ENSMUSG00000062868	0
ENSMUSG00000062873	0
ENSMUSG00000062874	0
ENSMUSG00000062878	0
ENSMUSG00000062892	0
ENSMUSG00000062896	1
ENSMUSG00000062901	806
ENSMUSG00000062905	0
ENSMUSG00000062906	443
ENSMUSG00000062908	3323
ENSMUSG00000062914	0
ENSMUSG00000062929	1708
ENSMUSG00000062931	127
ENSMUSG00000062933	0
ENSMUSG00000062937	492
ENSMUSG00000062939	7
ENSMUSG00000062944	97
ENSMUSG00000062949	5136
ENSMUSG00000062952	0
ENSMUSG00000062960	1193
ENSMUSG00000062961	0
ENSMUSG00000062962	0
ENSMUSG00000062963	2277
ENSMUSG00000062980	1165
ENSMUSG00000062981	963
ENSMUSG00000062987	0
ENSMUSG00000062991	4
ENSMUSG00000062995	73
ENSMUSG00000062997	6
ENSMUSG00000063001	0
ENSMUSG00000063011	18
ENSMUSG00000063015	1388
ENSMUSG00000063018	9
ENSMUSG00000063019	261
ENSMUSG00000063020	0
ENSMUSG00000063021	0
ENSMUSG00000063047	135
ENSMUSG00000063049	367
ENSMUSG00000063052	419
ENSMUSG00000063058	0
ENSMUSG00000063060	53
ENSMUSG00000063063	0
ENSMUSG00000063065	761
ENSMUSG00000063077	3262
ENSMUSG00000063087	4
ENSMUSG00000063089	0
ENSMUSG00000063106	0
ENSMUSG00000063108	498
ENSMUSG00000063109	0
ENSMUSG00000063116	0
ENSMUSG00000063120	0
ENSMUSG00000063129	9
ENSMUSG00000063130	0
ENSMUSG00000063133	0
ENSMUSG00000063137	0
ENSMUSG00000063142	0
ENSMUSG00000063145	78
ENSMUSG00000063146	99
ENSMUSG00000063157	0
ENSMUSG00000063160	20
ENSMUSG00000063163	0
ENSMUSG00000063166	0
ENSMUSG00000063171	417
ENSMUSG00000063172	129
ENSMUSG00000063173	0
ENSMUSG00000063176	0
ENSMUSG00000063177	0
ENSMUSG00000063179	207
ENSMUSG00000063188	0
ENSMUSG00000063193	48
ENSMUSG00000063200	1370
ENSMUSG00000063206	0
ENSMUSG00000063216	0
ENSMUSG00000063221	0
ENSMUSG00000063225	0
ENSMUSG00000063229	9566
ENSMUSG00000063230	0
ENSMUSG00000063232	1874
ENSMUSG00000063234	1
ENSMUSG00000063235	1964
ENSMUSG00000063236	226
ENSMUSG00000063239	0
ENSMUSG00000063240	0
ENSMUSG00000063245	6
ENSMUSG00000063251	0
ENSMUSG00000063252	0
ENSMUSG00000063253	58
ENSMUSG00000063260	0
ENSMUSG00000063268	1096
ENSMUSG00000063273	901
ENSMUSG00000063275	82
ENSMUSG00000063277	0
ENSMUSG00000063281	313
ENSMUSG00000063286	229
ENSMUSG00000063296	7
ENSMUSG00000063297	0
ENSMUSG00000063305	0
ENSMUSG00000063314	0
ENSMUSG00000063316	19
ENSMUSG00000063317	141
ENSMUSG00000063320	94
ENSMUSG00000063328	0
ENSMUSG00000063334	581
ENSMUSG00000063350	1
ENSMUSG00000063354	550
ENSMUSG00000063358	1618
ENSMUSG00000063362	1629
ENSMUSG00000063364	0
ENSMUSG00000063374	0
ENSMUSG00000063376	0
ENSMUSG00000063380	0
ENSMUSG00000063382	1303
ENSMUSG00000063383	18
ENSMUSG00000063386	0
ENSMUSG00000063388	52
ENSMUSG00000063394	0
ENSMUSG00000063406	1893
ENSMUSG00000063409	0
ENSMUSG00000063410	367
ENSMUSG00000063412	2
ENSMUSG00000063415	165
ENSMUSG00000063428	526
ENSMUSG00000063430	0
ENSMUSG00000063434	0
ENSMUSG00000063439	175
ENSMUSG00000063442	0
ENSMUSG00000063445	195
ENSMUSG00000063446	1
ENSMUSG00000063447	0
ENSMUSG00000063450	1722
ENSMUSG00000063455	111
ENSMUSG00000063457	3010
ENSMUSG00000063458	36
ENSMUSG00000063478	0
ENSMUSG00000063480	3
ENSMUSG00000063488	723
ENSMUSG00000063506	11
ENSMUSG00000063507	0
ENSMUSG00000063511	3285
ENSMUSG00000063514	0
ENSMUSG00000063522	0
ENSMUSG00000063524	1412
ENSMUSG00000063529	3
ENSMUSG00000063531	0
ENSMUSG00000063535	24
ENSMUSG00000063543	0
ENSMUSG00000063548	0
ENSMUSG00000063549	0
ENSMUSG00000063550	819
ENSMUSG00000063556	0
ENSMUSG00000063558	5422
ENSMUSG00000063564	17
ENSMUSG00000063568	2
ENSMUSG00000063576	1454
ENSMUSG00000063582	0
ENSMUSG00000063583	0
ENSMUSG00000063586	1
ENSMUSG00000063590	181
ENSMUSG00000063594	2
ENSMUSG00000063600	12
ENSMUSG00000063605	27
ENSMUSG00000063611	5
ENSMUSG00000063615	0
ENSMUSG00000063623	6
ENSMUSG00000063626	0
ENSMUSG00000063628	0
ENSMUSG00000063632	0
ENSMUSG00000063646	6
ENSMUSG00000063651	0
ENSMUSG00000063652	48
ENSMUSG00000063656	0
ENSMUSG00000063659	607
ENSMUSG00000063660	0
ENSMUSG00000063661	0
ENSMUSG00000063663	215
ENSMUSG00000063672	0
ENSMUSG00000063681	0
ENSMUSG00000063683	7436
ENSMUSG00000063684	73
ENSMUSG00000063687	0
ENSMUSG00000063689	0
ENSMUSG00000063694	44
ENSMUSG00000063696	25
ENSMUSG00000063698	14
ENSMUSG00000063704	764
ENSMUSG00000063713	0
ENSMUSG00000063714	23
ENSMUSG00000063715	0
ENSMUSG00000063727	70
ENSMUSG00000063728	0
ENSMUSG00000063730	1670
ENSMUSG00000063739	0
ENSMUSG00000063751	0
ENSMUSG00000063754	22
ENSMUSG00000063760	524
ENSMUSG00000063762	0
ENSMUSG00000063764	0
ENSMUSG00000063765	12
ENSMUSG00000063767	0
ENSMUSG00000063777	0
ENSMUSG00000063779	0
ENSMUSG00000063780	0
ENSMUSG00000063785	573
ENSMUSG00000063787	847
ENSMUSG00000063796	7
ENSMUSG00000063800	181
ENSMUSG00000063801	734
ENSMUSG00000063802	453
ENSMUSG00000063804	0
ENSMUSG00000063808	255
ENSMUSG00000063810	98
ENSMUSG00000063816	3
ENSMUSG00000063820	0
ENSMUSG00000063821	0
ENSMUSG00000063823	0
ENSMUSG00000063827	0
ENSMUSG00000063830	0
ENSMUSG00000063838	53
ENSMUSG00000063842	0
ENSMUSG00000063844	0
ENSMUSG00000063846	0
ENSMUSG00000063849	1274
ENSMUSG00000063851	0
ENSMUSG00000063856	45777
ENSMUSG00000063867	0
ENSMUSG00000063870	2002
ENSMUSG00000063873	17
ENSMUSG00000063875	1
ENSMUSG00000063881	0
ENSMUSG00000063882	3613
ENSMUSG00000063884	511
ENSMUSG00000063885	1
ENSMUSG00000063887	0
ENSMUSG00000063888	988
ENSMUSG00000063889	671
ENSMUSG00000063894	284
ENSMUSG00000063895	0
ENSMUSG00000063897	511
ENSMUSG00000063900	0
ENSMUSG00000063902	165
ENSMUSG00000063903	3
ENSMUSG00000063904	1248
ENSMUSG00000063905	0
ENSMUSG00000063911	0
ENSMUSG00000063919	250
ENSMUSG00000063929	99
ENSMUSG00000063931	991
ENSMUSG00000063932	0
ENSMUSG00000063935	0
ENSMUSG00000063952	1573
ENSMUSG00000063953	0
ENSMUSG00000063954	0
ENSMUSG00000063971	1
ENSMUSG00000063972	419
ENSMUSG00000063975	0
ENSMUSG00000063994	0
ENSMUSG00000063998	0
ENSMUSG00000064006	0
ENSMUSG00000064010	0
ENSMUSG00000064016	0
ENSMUSG00000064023	13
ENSMUSG00000064030	296
ENSMUSG00000064032	1
ENSMUSG00000064036	0
ENSMUSG00000064037	467
ENSMUSG00000064039	2
ENSMUSG00000064043	34
ENSMUSG00000064044	0
ENSMUSG00000064052	0
ENSMUSG00000064057	3
ENSMUSG00000064061	67
ENSMUSG00000064063	21
ENSMUSG00000064065	11
ENSMUSG00000064068	986
ENSMUSG00000064080	33
ENSMUSG00000064081	0
ENSMUSG00000064084	0
ENSMUSG00000064090	135
ENSMUSG00000064105	111
ENSMUSG00000064109	19
ENSMUSG00000064110	0
ENSMUSG00000064115	0
ENSMUSG00000064120	3612
ENSMUSG00000064121	0
ENSMUSG00000064125	48
ENSMUSG00000064127	376
ENSMUSG00000064128	126
ENSMUSG00000064129	0
ENSMUSG00000064137	0
ENSMUSG00000064138	276
ENSMUSG00000064140	2
ENSMUSG00000064141	73
ENSMUSG00000064145	930
ENSMUSG00000064147	17
ENSMUSG00000064156	0
ENSMUSG00000064158	1
ENSMUSG00000064165	0
ENSMUSG00000064177	2
ENSMUSG00000064179	46
ENSMUSG00000064181	506
ENSMUSG00000064193	0
ENSMUSG00000064194	0
ENSMUSG00000064201	0
ENSMUSG00000064202	40
ENSMUSG00000064208	0
ENSMUSG00000064210	481
ENSMUSG00000064213	0
ENSMUSG00000064215	4153
ENSMUSG00000064220	0
ENSMUSG00000064223	0
ENSMUSG00000064224	0
ENSMUSG00000064225	5328
ENSMUSG00000064231	0
ENSMUSG00000064232	0
ENSMUSG00000064246	0
ENSMUSG00000064247	8
ENSMUSG00000064252	0
ENSMUSG00000064254	1347
ENSMUSG00000064259	0
ENSMUSG00000064262	226
ENSMUSG00000064263	0
ENSMUSG00000064264	24
ENSMUSG00000064267	53
ENSMUSG00000064272	0
ENSMUSG00000064280	0
ENSMUSG00000064281	0
ENSMUSG00000064284	240
ENSMUSG00000064288	0
ENSMUSG00000064289	589
ENSMUSG00000064293	0
ENSMUSG00000064294	18794
ENSMUSG00000064299	0
ENSMUSG00000064302	273
ENSMUSG00000064307	74
ENSMUSG00000064308	0
ENSMUSG00000064310	0
ENSMUSG00000064317	5
ENSMUSG00000064325	47
ENSMUSG00000064326	104
ENSMUSG00000064329	0
ENSMUSG00000064330	0
ENSMUSG00000064333	0
ENSMUSG00000064336	0
ENSMUSG00000064337	42
ENSMUSG00000064338	0
ENSMUSG00000064339	5
ENSMUSG00000064340	45
ENSMUSG00000064341	199968
ENSMUSG00000064342	124
ENSMUSG00000064343	0
ENSMUSG00000064344	6
ENSMUSG00000064345	103458
ENSMUSG00000064346	0
ENSMUSG00000064347	0
ENSMUSG00000064348	0
ENSMUSG00000064349	0
ENSMUSG00000064350	0
ENSMUSG00000064351	72247
ENSMUSG00000064352	0
ENSMUSG00000064353	0
ENSMUSG00000064354	115
ENSMUSG00000064355	0
ENSMUSG00000064356	14
ENSMUSG00000064357	120
ENSMUSG00000064358	121
ENSMUSG00000064359	0
ENSMUSG00000064360	8
ENSMUSG00000064361	1
ENSMUSG00000064363	151604
ENSMUSG00000064364	0
ENSMUSG00000064365	0
ENSMUSG00000064366	1
ENSMUSG00000064367	26056
ENSMUSG00000064368	473
ENSMUSG00000064369	0
ENSMUSG00000064370	293416
ENSMUSG00000064371	7
ENSMUSG00000064372	19
ENSMUSG00000064373	141856
ENSMUSG00000064377	0
ENSMUSG00000064380	2
ENSMUSG00000064382	2
ENSMUSG00000064386	0
ENSMUSG00000064387	2
ENSMUSG00000064389	0
ENSMUSG00000064390	1
ENSMUSG00000064391	0
ENSMUSG00000064392	0
ENSMUSG00000064393	0
ENSMUSG00000064394	0
ENSMUSG00000064395	0
ENSMUSG00000064397	0
ENSMUSG00000064398	0
ENSMUSG00000064399	0
ENSMUSG00000064400	0
ENSMUSG00000064403	0
ENSMUSG00000064405	0
ENSMUSG00000064407	0
ENSMUSG00000064408	0
ENSMUSG00000064409	0
ENSMUSG00000064410	0
ENSMUSG00000064412	0
ENSMUSG00000064413	0
ENSMUSG00000064414	0
ENSMUSG00000064416	0
ENSMUSG00000064417	0
ENSMUSG00000064419	0
ENSMUSG00000064422	0
ENSMUSG00000064424	0
ENSMUSG00000064427	2
ENSMUSG00000064428	0
ENSMUSG00000064429	0
ENSMUSG00000064432	0
ENSMUSG00000064433	0
ENSMUSG00000064435	0
ENSMUSG00000064436	0
ENSMUSG00000064437	0
ENSMUSG00000064440	0
ENSMUSG00000064441	2
ENSMUSG00000064442	0
ENSMUSG00000064443	0
ENSMUSG00000064444	0
ENSMUSG00000064446	0
ENSMUSG00000064450	1
ENSMUSG00000064451	0
ENSMUSG00000064452	0
ENSMUSG00000064453	5
ENSMUSG00000064455	0
ENSMUSG00000064460	0
ENSMUSG00000064463	0
ENSMUSG00000064464	0
ENSMUSG00000064467	0
ENSMUSG00000064468	0
ENSMUSG00000064471	0
ENSMUSG00000064472	0
ENSMUSG00000064476	0
ENSMUSG00000064477	0
ENSMUSG00000064481	0
ENSMUSG00000064485	0
ENSMUSG00000064486	0
ENSMUSG00000064487	0
ENSMUSG00000064489	0
ENSMUSG00000064490	0
ENSMUSG00000064491	0
ENSMUSG00000064492	0
ENSMUSG00000064493	2
ENSMUSG00000064494	0
ENSMUSG00000064495	1
ENSMUSG00000064496	0
ENSMUSG00000064497	0
ENSMUSG00000064500	0
ENSMUSG00000064507	0
ENSMUSG00000064508	0
ENSMUSG00000064510	0
ENSMUSG00000064511	0
ENSMUSG00000064512	0
ENSMUSG00000064513	0
ENSMUSG00000064514	1
ENSMUSG00000064515	0
ENSMUSG00000064517	0
ENSMUSG00000064519	0
ENSMUSG00000064522	0
ENSMUSG00000064524	0
ENSMUSG00000064525	0
ENSMUSG00000064526	0
ENSMUSG00000064527	0
ENSMUSG00000064529	0
ENSMUSG00000064530	0
ENSMUSG00000064532	0
ENSMUSG00000064536	0
ENSMUSG00000064540	1
ENSMUSG00000064541	0
ENSMUSG00000064542	0
ENSMUSG00000064543	0
ENSMUSG00000064545	0
ENSMUSG00000064547	0
ENSMUSG00000064548	0
ENSMUSG00000064549	0
ENSMUSG00000064550	0
ENSMUSG00000064551	0
ENSMUSG00000064553	0
ENSMUSG00000064554	0
ENSMUSG00000064555	0
ENSMUSG00000064556	0
ENSMUSG00000064558	0
ENSMUSG00000064563	0
ENSMUSG00000064565	0
ENSMUSG00000064566	0
ENSMUSG00000064567	0
ENSMUSG00000064569	0
ENSMUSG00000064570	0
ENSMUSG00000064572	0
ENSMUSG00000064573	0
ENSMUSG00000064574	0
ENSMUSG00000064575	0
ENSMUSG00000064577	0
ENSMUSG00000064579	0
ENSMUSG00000064580	0
ENSMUSG00000064581	0
ENSMUSG00000064582	0
ENSMUSG00000064584	0
ENSMUSG00000064585	0
ENSMUSG00000064586	0
ENSMUSG00000064587	0
ENSMUSG00000064588	0
ENSMUSG00000064590	0
ENSMUSG00000064591	0
ENSMUSG00000064595	0
ENSMUSG00000064596	0
ENSMUSG00000064597	1
ENSMUSG00000064600	0
ENSMUSG00000064601	0
ENSMUSG00000064602	6
ENSMUSG00000064604	0
ENSMUSG00000064605	0
ENSMUSG00000064606	0
ENSMUSG00000064609	0
ENSMUSG00000064612	0
ENSMUSG00000064613	0
ENSMUSG00000064616	0
ENSMUSG00000064617	0
ENSMUSG00000064618	0
ENSMUSG00000064619	0
ENSMUSG00000064620	0
ENSMUSG00000064621	0
ENSMUSG00000064622	0
ENSMUSG00000064624	0
ENSMUSG00000064626	0
ENSMUSG00000064630	0
ENSMUSG00000064631	0
ENSMUSG00000064632	0
ENSMUSG00000064634	2
ENSMUSG00000064637	0
ENSMUSG00000064642	0
ENSMUSG00000064644	0
ENSMUSG00000064646	0
ENSMUSG00000064647	5
ENSMUSG00000064648	0
ENSMUSG00000064652	0
ENSMUSG00000064653	0
ENSMUSG00000064655	0
ENSMUSG00000064658	0
ENSMUSG00000064659	0
ENSMUSG00000064663	0
ENSMUSG00000064664	0
ENSMUSG00000064665	0
ENSMUSG00000064666	1
ENSMUSG00000064669	0
ENSMUSG00000064670	0
ENSMUSG00000064671	0
ENSMUSG00000064672	0
ENSMUSG00000064673	0
ENSMUSG00000064675	0
ENSMUSG00000064677	0
ENSMUSG00000064679	0
ENSMUSG00000064682	0
ENSMUSG00000064685	0
ENSMUSG00000064686	0
ENSMUSG00000064687	0
ENSMUSG00000064688	0
ENSMUSG00000064689	0
ENSMUSG00000064691	0
ENSMUSG00000064692	0
ENSMUSG00000064693	0
ENSMUSG00000064694	0
ENSMUSG00000064696	0
ENSMUSG00000064697	0
ENSMUSG00000064698	0
ENSMUSG00000064702	0
ENSMUSG00000064704	0
ENSMUSG00000064706	0
ENSMUSG00000064707	0
ENSMUSG00000064709	0
ENSMUSG00000064714	0
ENSMUSG00000064715	0
ENSMUSG00000064717	0
ENSMUSG00000064718	0
ENSMUSG00000064719	0
ENSMUSG00000064720	0
ENSMUSG00000064721	0
ENSMUSG00000064722	0
ENSMUSG00000064724	0
ENSMUSG00000064725	6
ENSMUSG00000064726	0
ENSMUSG00000064727	0
ENSMUSG00000064728	0
ENSMUSG00000064731	2
ENSMUSG00000064732	0
ENSMUSG00000064734	0
ENSMUSG00000064735	0
ENSMUSG00000064737	0
ENSMUSG00000064738	0
ENSMUSG00000064739	0
ENSMUSG00000064740	0
ENSMUSG00000064741	0
ENSMUSG00000064742	0
ENSMUSG00000064743	0
ENSMUSG00000064745	0
ENSMUSG00000064746	0
ENSMUSG00000064748	0
ENSMUSG00000064751	0
ENSMUSG00000064755	0
ENSMUSG00000064758	0
ENSMUSG00000064759	0
ENSMUSG00000064761	0
ENSMUSG00000064762	0
ENSMUSG00000064763	0
ENSMUSG00000064764	0
ENSMUSG00000064765	0
ENSMUSG00000064766	0
ENSMUSG00000064767	3
ENSMUSG00000064768	0
ENSMUSG00000064769	0
ENSMUSG00000064770	0
ENSMUSG00000064772	0
ENSMUSG00000064775	0
ENSMUSG00000064776	0
ENSMUSG00000064777	0
ENSMUSG00000064778	0
ENSMUSG00000064779	0
ENSMUSG00000064780	0
ENSMUSG00000064781	0
ENSMUSG00000064782	0
ENSMUSG00000064783	0
ENSMUSG00000064788	0
ENSMUSG00000064791	2
ENSMUSG00000064792	0
ENSMUSG00000064793	0
ENSMUSG00000064795	0
ENSMUSG00000064796	0
ENSMUSG00000064797	0
ENSMUSG00000064798	0
ENSMUSG00000064800	0
ENSMUSG00000064801	0
ENSMUSG00000064802	0
ENSMUSG00000064805	0
ENSMUSG00000064806	0
ENSMUSG00000064811	0
ENSMUSG00000064814	0
ENSMUSG00000064816	11
ENSMUSG00000064818	0
ENSMUSG00000064822	0
ENSMUSG00000064823	0
ENSMUSG00000064824	0
ENSMUSG00000064829	2
ENSMUSG00000064830	0
ENSMUSG00000064831	0
ENSMUSG00000064833	0
ENSMUSG00000064834	0
ENSMUSG00000064836	0
ENSMUSG00000064837	1
ENSMUSG00000064840	0
ENSMUSG00000064841	0
ENSMUSG00000064842	0
ENSMUSG00000064843	0
ENSMUSG00000064844	3
ENSMUSG00000064845	0
ENSMUSG00000064850	0
ENSMUSG00000064851	0
ENSMUSG00000064853	0
ENSMUSG00000064854	0
ENSMUSG00000064855	0
ENSMUSG00000064856	0
ENSMUSG00000064857	0
ENSMUSG00000064858	0
ENSMUSG00000064859	0
ENSMUSG00000064860	0
ENSMUSG00000064862	0
ENSMUSG00000064867	0
ENSMUSG00000064871	0
ENSMUSG00000064872	0
ENSMUSG00000064876	0
ENSMUSG00000064877	0
ENSMUSG00000064880	1
ENSMUSG00000064882	0
ENSMUSG00000064883	0
ENSMUSG00000064884	0
ENSMUSG00000064887	0
ENSMUSG00000064889	0
ENSMUSG00000064890	0
ENSMUSG00000064897	0
ENSMUSG00000064899	0
ENSMUSG00000064900	0
ENSMUSG00000064901	0
ENSMUSG00000064904	0
ENSMUSG00000064905	0
ENSMUSG00000064906	0
ENSMUSG00000064907	0
ENSMUSG00000064909	0
ENSMUSG00000064915	0
ENSMUSG00000064916	0
ENSMUSG00000064917	0
ENSMUSG00000064918	0
ENSMUSG00000064919	0
ENSMUSG00000064921	0
ENSMUSG00000064923	0
ENSMUSG00000064925	0
ENSMUSG00000064926	0
ENSMUSG00000064927	3
ENSMUSG00000064928	0
ENSMUSG00000064930	0
ENSMUSG00000064932	0
ENSMUSG00000064936	1
ENSMUSG00000064938	0
ENSMUSG00000064939	0
ENSMUSG00000064940	0
ENSMUSG00000064941	0
ENSMUSG00000064943	0
ENSMUSG00000064945	0
ENSMUSG00000064948	0
ENSMUSG00000064949	0
ENSMUSG00000064952	0
ENSMUSG00000064954	0
ENSMUSG00000064956	0
ENSMUSG00000064958	0
ENSMUSG00000064959	0
ENSMUSG00000064960	0
ENSMUSG00000064961	0
ENSMUSG00000064964	0
ENSMUSG00000064966	6
ENSMUSG00000064967	0
ENSMUSG00000064968	11
ENSMUSG00000064970	0
ENSMUSG00000064971	0
ENSMUSG00000064972	0
ENSMUSG00000064977	0
ENSMUSG00000064981	7
ENSMUSG00000064982	1
ENSMUSG00000064983	0
ENSMUSG00000064984	0
ENSMUSG00000064987	0
ENSMUSG00000064992	0
ENSMUSG00000064994	0
ENSMUSG00000064995	1
ENSMUSG00000064999	0
ENSMUSG00000065004	0
ENSMUSG00000065005	0
ENSMUSG00000065006	0
ENSMUSG00000065007	0
ENSMUSG00000065011	0
ENSMUSG00000065012	0
ENSMUSG00000065013	0
ENSMUSG00000065014	0
ENSMUSG00000065016	6
ENSMUSG00000065017	0
ENSMUSG00000065018	0
ENSMUSG00000065022	0
ENSMUSG00000065027	0
ENSMUSG00000065028	0
ENSMUSG00000065029	0
ENSMUSG00000065030	0
ENSMUSG00000065031	0
ENSMUSG00000065034	0
ENSMUSG00000065036	0
ENSMUSG00000065037	11
ENSMUSG00000065040	0
ENSMUSG00000065041	1
ENSMUSG00000065042	0
ENSMUSG00000065044	0
ENSMUSG00000065045	0
ENSMUSG00000065047	0
ENSMUSG00000065048	0
ENSMUSG00000065049	0
ENSMUSG00000065050	0
ENSMUSG00000065053	0
ENSMUSG00000065055	0
ENSMUSG00000065057	0
ENSMUSG00000065061	0
ENSMUSG00000065068	0
ENSMUSG00000065070	0
ENSMUSG00000065072	0
ENSMUSG00000065074	0
ENSMUSG00000065078	0
ENSMUSG00000065079	0
ENSMUSG00000065080	0
ENSMUSG00000065083	0
ENSMUSG00000065084	0
ENSMUSG00000065086	0
ENSMUSG00000065087	7
ENSMUSG00000065088	0
ENSMUSG00000065089	0
ENSMUSG00000065090	0
ENSMUSG00000065091	0
ENSMUSG00000065094	0
ENSMUSG00000065095	0
ENSMUSG00000065096	0
ENSMUSG00000065097	0
ENSMUSG00000065100	0
ENSMUSG00000065102	0
ENSMUSG00000065104	0
ENSMUSG00000065105	2
ENSMUSG00000065107	0
ENSMUSG00000065110	0
ENSMUSG00000065111	0
ENSMUSG00000065115	0
ENSMUSG00000065118	0
ENSMUSG00000065122	0
ENSMUSG00000065124	0
ENSMUSG00000065126	5
ENSMUSG00000065127	0
ENSMUSG00000065130	0
ENSMUSG00000065132	0
ENSMUSG00000065138	0
ENSMUSG00000065141	0
ENSMUSG00000065143	0
ENSMUSG00000065145	0
ENSMUSG00000065147	4
ENSMUSG00000065151	0
ENSMUSG00000065155	0
ENSMUSG00000065158	0
ENSMUSG00000065159	0
ENSMUSG00000065160	1
ENSMUSG00000065162	0
ENSMUSG00000065164	0
ENSMUSG00000065165	0
ENSMUSG00000065173	0
ENSMUSG00000065176	0
ENSMUSG00000065178	0
ENSMUSG00000065181	0
ENSMUSG00000065182	0
ENSMUSG00000065185	0
ENSMUSG00000065187	0
ENSMUSG00000065188	0
ENSMUSG00000065191	8
ENSMUSG00000065192	0
ENSMUSG00000065193	0
ENSMUSG00000065195	0
ENSMUSG00000065196	0
ENSMUSG00000065198	0
ENSMUSG00000065199	0
ENSMUSG00000065200	0
ENSMUSG00000065201	0
ENSMUSG00000065202	0
ENSMUSG00000065203	0
ENSMUSG00000065204	0
ENSMUSG00000065206	0
ENSMUSG00000065208	5
ENSMUSG00000065211	0
ENSMUSG00000065212	0
ENSMUSG00000065215	0
ENSMUSG00000065219	2
ENSMUSG00000065220	0
ENSMUSG00000065221	0
ENSMUSG00000065223	0
ENSMUSG00000065226	9
ENSMUSG00000065227	0
ENSMUSG00000065228	3
ENSMUSG00000065231	0
ENSMUSG00000065232	0
ENSMUSG00000065233	0
ENSMUSG00000065235	0
ENSMUSG00000065236	1
ENSMUSG00000065237	0
ENSMUSG00000065238	0
ENSMUSG00000065239	0
ENSMUSG00000065242	0
ENSMUSG00000065244	0
ENSMUSG00000065245	0
ENSMUSG00000065246	0
ENSMUSG00000065248	0
ENSMUSG00000065251	0
ENSMUSG00000065253	0
ENSMUSG00000065254	0
ENSMUSG00000065255	0
ENSMUSG00000065256	0
ENSMUSG00000065258	0
ENSMUSG00000065259	0
ENSMUSG00000065260	0
ENSMUSG00000065261	0
ENSMUSG00000065262	0
ENSMUSG00000065265	8
ENSMUSG00000065266	0
ENSMUSG00000065269	0
ENSMUSG00000065270	0
ENSMUSG00000065272	0
ENSMUSG00000065273	0
ENSMUSG00000065274	0
ENSMUSG00000065275	0
ENSMUSG00000065277	0
ENSMUSG00000065279	0
ENSMUSG00000065280	1
ENSMUSG00000065281	0
ENSMUSG00000065282	1
ENSMUSG00000065283	0
ENSMUSG00000065287	0
ENSMUSG00000065289	1
ENSMUSG00000065291	0
ENSMUSG00000065293	0
ENSMUSG00000065295	3
ENSMUSG00000065296	0
ENSMUSG00000065297	0
ENSMUSG00000065298	0
ENSMUSG00000065299	0
ENSMUSG00000065301	0
ENSMUSG00000065303	0
ENSMUSG00000065304	0
ENSMUSG00000065305	0
ENSMUSG00000065307	0
ENSMUSG00000065309	0
ENSMUSG00000065311	0
ENSMUSG00000065312	0
ENSMUSG00000065313	0
ENSMUSG00000065314	0
ENSMUSG00000065315	0
ENSMUSG00000065319	0
ENSMUSG00000065320	0
ENSMUSG00000065321	0
ENSMUSG00000065322	0
ENSMUSG00000065327	0
ENSMUSG00000065328	0
ENSMUSG00000065329	0
ENSMUSG00000065330	0
ENSMUSG00000065331	0
ENSMUSG00000065333	0
ENSMUSG00000065336	4
ENSMUSG00000065337	0
ENSMUSG00000065340	0
ENSMUSG00000065341	0
ENSMUSG00000065343	0
ENSMUSG00000065344	0
ENSMUSG00000065346	0
ENSMUSG00000065347	0
ENSMUSG00000065348	0
ENSMUSG00000065353	14
ENSMUSG00000065360	0
ENSMUSG00000065361	0
ENSMUSG00000065362	0
ENSMUSG00000065367	0
ENSMUSG00000065368	0
ENSMUSG00000065371	0
ENSMUSG00000065372	0
ENSMUSG00000065373	0
ENSMUSG00000065374	0
ENSMUSG00000065378	1
ENSMUSG00000065379	0
ENSMUSG00000065380	0
ENSMUSG00000065381	0
ENSMUSG00000065382	0
ENSMUSG00000065384	0
ENSMUSG00000065385	0
ENSMUSG00000065387	0
ENSMUSG00000065388	0
ENSMUSG00000065389	0
ENSMUSG00000065392	0
ENSMUSG00000065394	0
ENSMUSG00000065395	0
ENSMUSG00000065396	0
ENSMUSG00000065397	0
ENSMUSG00000065398	0
ENSMUSG00000065399	0
ENSMUSG00000065400	0
ENSMUSG00000065401	0
ENSMUSG00000065402	0
ENSMUSG00000065403	0
ENSMUSG00000065404	0
ENSMUSG00000065405	0
ENSMUSG00000065406	0
ENSMUSG00000065407	0
ENSMUSG00000065408	0
ENSMUSG00000065409	0
ENSMUSG00000065410	0
ENSMUSG00000065411	0
ENSMUSG00000065412	0
ENSMUSG00000065413	0
ENSMUSG00000065414	0
ENSMUSG00000065415	0
ENSMUSG00000065416	0
ENSMUSG00000065417	0
ENSMUSG00000065418	0
ENSMUSG00000065420	0
ENSMUSG00000065421	0
ENSMUSG00000065422	0
ENSMUSG00000065423	0
ENSMUSG00000065424	0
ENSMUSG00000065425	0
ENSMUSG00000065426	0
ENSMUSG00000065427	0
ENSMUSG00000065428	0
ENSMUSG00000065429	0
ENSMUSG00000065430	0
ENSMUSG00000065431	0
ENSMUSG00000065432	0
ENSMUSG00000065433	0
ENSMUSG00000065434	5
ENSMUSG00000065435	0
ENSMUSG00000065436	0
ENSMUSG00000065437	0
ENSMUSG00000065438	0
ENSMUSG00000065439	0
ENSMUSG00000065440	0
ENSMUSG00000065441	0
ENSMUSG00000065442	0
ENSMUSG00000065443	0
ENSMUSG00000065444	0
ENSMUSG00000065445	0
ENSMUSG00000065446	0
ENSMUSG00000065447	0
ENSMUSG00000065448	0
ENSMUSG00000065449	0
ENSMUSG00000065450	0
ENSMUSG00000065451	0
ENSMUSG00000065452	0
ENSMUSG00000065453	0
ENSMUSG00000065454	0
ENSMUSG00000065455	0
ENSMUSG00000065456	0
ENSMUSG00000065457	0
ENSMUSG00000065458	0
ENSMUSG00000065460	0
ENSMUSG00000065462	0
ENSMUSG00000065463	2
ENSMUSG00000065464	0
ENSMUSG00000065465	0
ENSMUSG00000065466	0
ENSMUSG00000065468	0
ENSMUSG00000065469	0
ENSMUSG00000065470	0
ENSMUSG00000065471	0
ENSMUSG00000065472	0
ENSMUSG00000065473	0
ENSMUSG00000065474	0
ENSMUSG00000065475	0
ENSMUSG00000065476	0
ENSMUSG00000065477	0
ENSMUSG00000065479	0
ENSMUSG00000065480	0
ENSMUSG00000065481	0
ENSMUSG00000065482	0
ENSMUSG00000065483	0
ENSMUSG00000065484	0
ENSMUSG00000065485	0
ENSMUSG00000065486	0
ENSMUSG00000065488	0
ENSMUSG00000065489	0
ENSMUSG00000065490	0
ENSMUSG00000065491	0
ENSMUSG00000065492	0
ENSMUSG00000065493	0
ENSMUSG00000065494	0
ENSMUSG00000065495	0
ENSMUSG00000065497	0
ENSMUSG00000065498	0
ENSMUSG00000065499	0
ENSMUSG00000065500	0
ENSMUSG00000065501	0
ENSMUSG00000065502	0
ENSMUSG00000065503	0
ENSMUSG00000065505	0
ENSMUSG00000065507	0
ENSMUSG00000065508	0
ENSMUSG00000065509	0
ENSMUSG00000065510	0
ENSMUSG00000065511	0
ENSMUSG00000065512	0
ENSMUSG00000065513	0
ENSMUSG00000065514	0
ENSMUSG00000065515	0
ENSMUSG00000065516	0
ENSMUSG00000065518	0
ENSMUSG00000065519	0
ENSMUSG00000065520	0
ENSMUSG00000065521	0
ENSMUSG00000065523	0
ENSMUSG00000065524	0
ENSMUSG00000065526	0
ENSMUSG00000065527	0
ENSMUSG00000065528	0
ENSMUSG00000065529	0
ENSMUSG00000065530	0
ENSMUSG00000065532	0
ENSMUSG00000065533	0
ENSMUSG00000065534	0
ENSMUSG00000065536	0
ENSMUSG00000065537	0
ENSMUSG00000065538	0
ENSMUSG00000065539	0
ENSMUSG00000065540	0
ENSMUSG00000065541	0
ENSMUSG00000065542	0
ENSMUSG00000065543	0
ENSMUSG00000065544	0
ENSMUSG00000065546	0
ENSMUSG00000065547	0
ENSMUSG00000065548	4
ENSMUSG00000065549	0
ENSMUSG00000065551	0
ENSMUSG00000065552	0
ENSMUSG00000065553	0
ENSMUSG00000065555	0
ENSMUSG00000065556	0
ENSMUSG00000065557	0
ENSMUSG00000065559	0
ENSMUSG00000065560	0
ENSMUSG00000065561	0
ENSMUSG00000065562	0
ENSMUSG00000065563	0
ENSMUSG00000065564	0
ENSMUSG00000065565	0
ENSMUSG00000065567	0
ENSMUSG00000065568	0
ENSMUSG00000065569	0
ENSMUSG00000065570	0
ENSMUSG00000065571	0
ENSMUSG00000065572	0
ENSMUSG00000065573	0
ENSMUSG00000065574	0
ENSMUSG00000065575	0
ENSMUSG00000065577	0
ENSMUSG00000065578	0
ENSMUSG00000065579	0
ENSMUSG00000065580	0
ENSMUSG00000065581	0
ENSMUSG00000065582	0
ENSMUSG00000065583	0
ENSMUSG00000065585	0
ENSMUSG00000065586	0
ENSMUSG00000065587	0
ENSMUSG00000065589	0
ENSMUSG00000065590	0
ENSMUSG00000065591	0
ENSMUSG00000065592	0
ENSMUSG00000065593	0
ENSMUSG00000065594	0
ENSMUSG00000065596	0
ENSMUSG00000065597	0
ENSMUSG00000065599	0
ENSMUSG00000065600	0
ENSMUSG00000065601	0
ENSMUSG00000065602	0
ENSMUSG00000065603	0
ENSMUSG00000065604	0
ENSMUSG00000065606	0
ENSMUSG00000065607	0
ENSMUSG00000065608	0
ENSMUSG00000065609	0
ENSMUSG00000065610	0
ENSMUSG00000065611	0
ENSMUSG00000065612	0
ENSMUSG00000065613	0
ENSMUSG00000065616	0
ENSMUSG00000065617	0
ENSMUSG00000065619	0
ENSMUSG00000065620	0
ENSMUSG00000065622	0
ENSMUSG00000065623	0
ENSMUSG00000065625	0
ENSMUSG00000065627	0
ENSMUSG00000065628	2
ENSMUSG00000065629	0
ENSMUSG00000065630	0
ENSMUSG00000065634	0
ENSMUSG00000065635	0
ENSMUSG00000065636	0
ENSMUSG00000065637	0
ENSMUSG00000065640	0
ENSMUSG00000065642	0
ENSMUSG00000065643	0
ENSMUSG00000065644	0
ENSMUSG00000065645	0
ENSMUSG00000065647	0
ENSMUSG00000065648	0
ENSMUSG00000065649	1
ENSMUSG00000065651	0
ENSMUSG00000065653	0
ENSMUSG00000065656	0
ENSMUSG00000065657	0
ENSMUSG00000065658	0
ENSMUSG00000065659	0
ENSMUSG00000065660	0
ENSMUSG00000065661	0
ENSMUSG00000065662	0
ENSMUSG00000065663	0
ENSMUSG00000065664	0
ENSMUSG00000065665	0
ENSMUSG00000065667	0
ENSMUSG00000065669	0
ENSMUSG00000065673	0
ENSMUSG00000065674	0
ENSMUSG00000065675	0
ENSMUSG00000065676	0
ENSMUSG00000065678	0
ENSMUSG00000065680	0
ENSMUSG00000065683	0
ENSMUSG00000065684	0
ENSMUSG00000065685	0
ENSMUSG00000065686	1
ENSMUSG00000065687	0
ENSMUSG00000065689	0
ENSMUSG00000065691	0
ENSMUSG00000065692	0
ENSMUSG00000065694	0
ENSMUSG00000065698	2
ENSMUSG00000065700	0
ENSMUSG00000065701	0
ENSMUSG00000065702	0
ENSMUSG00000065705	0
ENSMUSG00000065706	0
ENSMUSG00000065708	0
ENSMUSG00000065709	0
ENSMUSG00000065714	0
ENSMUSG00000065715	0
ENSMUSG00000065716	0
ENSMUSG00000065718	0
ENSMUSG00000065719	0
ENSMUSG00000065721	0
ENSMUSG00000065722	0
ENSMUSG00000065725	0
ENSMUSG00000065726	0
ENSMUSG00000065727	0
ENSMUSG00000065728	0
ENSMUSG00000065729	0
ENSMUSG00000065732	0
ENSMUSG00000065733	0
ENSMUSG00000065734	0
ENSMUSG00000065735	0
ENSMUSG00000065737	0
ENSMUSG00000065738	7
ENSMUSG00000065739	0
ENSMUSG00000065742	0
ENSMUSG00000065743	0
ENSMUSG00000065745	0
ENSMUSG00000065746	0
ENSMUSG00000065747	0
ENSMUSG00000065749	0
ENSMUSG00000065750	0
ENSMUSG00000065751	0
ENSMUSG00000065752	0
ENSMUSG00000065757	0
ENSMUSG00000065758	0
ENSMUSG00000065760	0
ENSMUSG00000065763	0
ENSMUSG00000065764	0
ENSMUSG00000065765	0
ENSMUSG00000065767	0
ENSMUSG00000065768	0
ENSMUSG00000065769	0
ENSMUSG00000065770	0
ENSMUSG00000065771	0
ENSMUSG00000065773	0
ENSMUSG00000065778	0
ENSMUSG00000065782	0
ENSMUSG00000065787	0
ENSMUSG00000065788	0
ENSMUSG00000065789	0
ENSMUSG00000065791	0
ENSMUSG00000065792	0
ENSMUSG00000065794	0
ENSMUSG00000065795	0
ENSMUSG00000065797	0
ENSMUSG00000065798	0
ENSMUSG00000065799	0
ENSMUSG00000065800	0
ENSMUSG00000065802	0
ENSMUSG00000065803	0
ENSMUSG00000065804	0
ENSMUSG00000065806	0
ENSMUSG00000065807	0
ENSMUSG00000065808	0
ENSMUSG00000065811	0
ENSMUSG00000065812	0
ENSMUSG00000065813	0
ENSMUSG00000065815	0
ENSMUSG00000065817	0
ENSMUSG00000065818	1
ENSMUSG00000065819	0
ENSMUSG00000065820	0
ENSMUSG00000065822	0
ENSMUSG00000065823	0
ENSMUSG00000065824	0
ENSMUSG00000065825	0
ENSMUSG00000065828	0
ENSMUSG00000065836	0
ENSMUSG00000065837	0
ENSMUSG00000065840	0
ENSMUSG00000065843	0
ENSMUSG00000065845	0
ENSMUSG00000065847	0
ENSMUSG00000065851	0
ENSMUSG00000065852	0
ENSMUSG00000065853	0
ENSMUSG00000065858	0
ENSMUSG00000065859	0
ENSMUSG00000065862	27
ENSMUSG00000065864	0
ENSMUSG00000065865	0
ENSMUSG00000065866	0
ENSMUSG00000065869	0
ENSMUSG00000065870	0
ENSMUSG00000065872	0
ENSMUSG00000065873	0
ENSMUSG00000065874	0
ENSMUSG00000065875	0
ENSMUSG00000065876	0
ENSMUSG00000065878	11
ENSMUSG00000065881	0
ENSMUSG00000065882	0
ENSMUSG00000065883	0
ENSMUSG00000065884	0
ENSMUSG00000065887	0
ENSMUSG00000065889	0
ENSMUSG00000065892	0
ENSMUSG00000065893	0
ENSMUSG00000065894	0
ENSMUSG00000065898	0
ENSMUSG00000065899	5
ENSMUSG00000065903	0
ENSMUSG00000065904	0
ENSMUSG00000065905	0
ENSMUSG00000065906	0
ENSMUSG00000065907	0
ENSMUSG00000065911	0
ENSMUSG00000065913	0
ENSMUSG00000065915	0
ENSMUSG00000065916	0
ENSMUSG00000065919	0
ENSMUSG00000065922	43
ENSMUSG00000065924	0
ENSMUSG00000065926	0
ENSMUSG00000065934	0
ENSMUSG00000065935	0
ENSMUSG00000065936	0
ENSMUSG00000065937	0
ENSMUSG00000065939	0
ENSMUSG00000065940	0
ENSMUSG00000065943	0
ENSMUSG00000065944	0
ENSMUSG00000065945	0
ENSMUSG00000065947	1
ENSMUSG00000065952	58
ENSMUSG00000065954	1052
ENSMUSG00000065956	0
ENSMUSG00000065968	0
ENSMUSG00000065979	1482
ENSMUSG00000065987	11
ENSMUSG00000065990	1983
ENSMUSG00000065999	0
ENSMUSG00000066000	234
ENSMUSG00000066007	0
ENSMUSG00000066009	0
ENSMUSG00000066026	4653
ENSMUSG00000066027	0
ENSMUSG00000066030	0
ENSMUSG00000066031	0
ENSMUSG00000066036	4801
ENSMUSG00000066037	185
ENSMUSG00000066042	65
ENSMUSG00000066043	1068
ENSMUSG00000066057	8
ENSMUSG00000066058	4
ENSMUSG00000066060	0
ENSMUSG00000066061	0
ENSMUSG00000066068	0
ENSMUSG00000066071	3024
ENSMUSG00000066072	2612
ENSMUSG00000066090	0
ENSMUSG00000066097	0
ENSMUSG00000066100	0
ENSMUSG00000066101	0
ENSMUSG00000066107	0
ENSMUSG00000066108	0
ENSMUSG00000066113	37
ENSMUSG00000066116	168
ENSMUSG00000066122	0
ENSMUSG00000066129	0
ENSMUSG00000066137	0
ENSMUSG00000066141	0
ENSMUSG00000066148	407
ENSMUSG00000066149	127
ENSMUSG00000066150	5200
ENSMUSG00000066151	972
ENSMUSG00000066152	321
ENSMUSG00000066153	2982
ENSMUSG00000066154	178656
ENSMUSG00000066158	1
ENSMUSG00000066170	0
ENSMUSG00000066175	46
ENSMUSG00000066176	0
ENSMUSG00000066178	3
ENSMUSG00000066180	0
ENSMUSG00000066189	0
ENSMUSG00000066191	25
ENSMUSG00000066196	12
ENSMUSG00000066197	0
ENSMUSG00000066224	0
ENSMUSG00000066232	1430
ENSMUSG00000066233	178
ENSMUSG00000066235	163
ENSMUSG00000066239	0
ENSMUSG00000066240	0
ENSMUSG00000066241	0
ENSMUSG00000066242	0
ENSMUSG00000066245	0
ENSMUSG00000066257	0
ENSMUSG00000066258	250
ENSMUSG00000066262	0
ENSMUSG00000066263	0
ENSMUSG00000066268	0
ENSMUSG00000066269	0
ENSMUSG00000066270	0
ENSMUSG00000066272	0
ENSMUSG00000066273	0
ENSMUSG00000066278	460
ENSMUSG00000066279	0
ENSMUSG00000066306	1820
ENSMUSG00000066315	0
ENSMUSG00000066319	988
ENSMUSG00000066324	1151
ENSMUSG00000066357	504
ENSMUSG00000066359	0
ENSMUSG00000066361	11
ENSMUSG00000066362	0
ENSMUSG00000066363	103
ENSMUSG00000066364	0
ENSMUSG00000066366	27540
ENSMUSG00000066368	0
ENSMUSG00000066372	0
ENSMUSG00000066378	0
ENSMUSG00000066382	0
ENSMUSG00000066383	0
ENSMUSG00000066389	0
ENSMUSG00000066392	0
ENSMUSG00000066406	1398
ENSMUSG00000066407	103
ENSMUSG00000066415	607
ENSMUSG00000066438	1
ENSMUSG00000066440	981
ENSMUSG00000066441	2816
ENSMUSG00000066442	17
ENSMUSG00000066443	0
ENSMUSG00000066456	39
ENSMUSG00000066457	0
ENSMUSG00000066463	0
ENSMUSG00000066475	0
ENSMUSG00000066477	108
ENSMUSG00000066478	0
ENSMUSG00000066487	0
ENSMUSG00000066489	0
ENSMUSG00000066491	1707
ENSMUSG00000066500	0
ENSMUSG00000066510	0
ENSMUSG00000066512	3
ENSMUSG00000066513	181
ENSMUSG00000066515	0
ENSMUSG00000066516	0
ENSMUSG00000066537	1
ENSMUSG00000066538	0
ENSMUSG00000066543	0
ENSMUSG00000066551	81
ENSMUSG00000066553	43
ENSMUSG00000066554	43
ENSMUSG00000066568	629
ENSMUSG00000066571	518
ENSMUSG00000066583	0
ENSMUSG00000066584	0
ENSMUSG00000066586	0
ENSMUSG00000066592	3
ENSMUSG00000066595	118
ENSMUSG00000066607	0
ENSMUSG00000066613	197
ENSMUSG00000066620	0
ENSMUSG00000066621	696
ENSMUSG00000066626	0
ENSMUSG00000066629	0
ENSMUSG00000066632	0
ENSMUSG00000066637	413
ENSMUSG00000066640	277
ENSMUSG00000066643	87
ENSMUSG00000066647	15
ENSMUSG00000066652	0
ENSMUSG00000066671	0
ENSMUSG00000066672	0
ENSMUSG00000066677	21
ENSMUSG00000066680	0
ENSMUSG00000066682	65
ENSMUSG00000066684	87
ENSMUSG00000066687	117
ENSMUSG00000066688	0
ENSMUSG00000066693	0
ENSMUSG00000066697	0
ENSMUSG00000066704	0
ENSMUSG00000066705	16
ENSMUSG00000066714	0
ENSMUSG00000066720	0
ENSMUSG00000066721	1
ENSMUSG00000066723	0
ENSMUSG00000066724	0
ENSMUSG00000066735	966
ENSMUSG00000066747	0
ENSMUSG00000066748	0
ENSMUSG00000066749	0
ENSMUSG00000066750	0
ENSMUSG00000066752	0
ENSMUSG00000066755	0
ENSMUSG00000066756	0
ENSMUSG00000066760	0
ENSMUSG00000066767	0
ENSMUSG00000066771	0
ENSMUSG00000066772	0
ENSMUSG00000066797	0
ENSMUSG00000066798	235
ENSMUSG00000066800	161
ENSMUSG00000066803	0
ENSMUSG00000066804	0
ENSMUSG00000066807	14
ENSMUSG00000066809	0
ENSMUSG00000066810	0
ENSMUSG00000066820	0
ENSMUSG00000066828	0
ENSMUSG00000066829	253
ENSMUSG00000066838	234
ENSMUSG00000066839	1153
ENSMUSG00000066842	104
ENSMUSG00000066850	0
ENSMUSG00000066861	28
ENSMUSG00000066867	0
ENSMUSG00000066877	25
ENSMUSG00000066878	3
ENSMUSG00000066880	43
ENSMUSG00000066892	340
ENSMUSG00000066894	80
ENSMUSG00000066896	0
ENSMUSG00000066897	0
ENSMUSG00000066899	0
ENSMUSG00000066900	2001
ENSMUSG00000066902	0
ENSMUSG00000066905	0
ENSMUSG00000066912	0
ENSMUSG00000066914	0
ENSMUSG00000066936	0
ENSMUSG00000066938	0
ENSMUSG00000066952	3
ENSMUSG00000066958	0
ENSMUSG00000066964	0
ENSMUSG00000066975	3
ENSMUSG00000066979	827
ENSMUSG00000066983	0
ENSMUSG00000066990	0
ENSMUSG00000067001	1
ENSMUSG00000067006	0
ENSMUSG00000067010	0
ENSMUSG00000067017	6
ENSMUSG00000067028	0
ENSMUSG00000067038	0
ENSMUSG00000067047	0
ENSMUSG00000067049	4
ENSMUSG00000067058	0
ENSMUSG00000067063	0
ENSMUSG00000067064	0
ENSMUSG00000067071	2348
ENSMUSG00000067081	0
ENSMUSG00000067085	0
ENSMUSG00000067101	0
ENSMUSG00000067103	0
ENSMUSG00000067106	2
ENSMUSG00000067121	2
ENSMUSG00000067122	0
ENSMUSG00000067144	662
ENSMUSG00000067147	0
ENSMUSG00000067148	461
ENSMUSG00000067149	436
ENSMUSG00000067150	302
ENSMUSG00000067156	0
ENSMUSG00000067158	48
ENSMUSG00000067161	1
ENSMUSG00000067173	0
ENSMUSG00000067186	0
ENSMUSG00000067189	5
ENSMUSG00000067194	907
ENSMUSG00000067199	108
ENSMUSG00000067201	0
ENSMUSG00000067203	162
ENSMUSG00000067206	0
ENSMUSG00000067212	2953
ENSMUSG00000067215	0
ENSMUSG00000067219	191
ENSMUSG00000067220	0
ENSMUSG00000067224	0
ENSMUSG00000067225	5223
ENSMUSG00000067229	0
ENSMUSG00000067231	0
ENSMUSG00000067235	83114
ENSMUSG00000067242	0
ENSMUSG00000067261	0
ENSMUSG00000067262	0
ENSMUSG00000067274	1038
ENSMUSG00000067276	28
ENSMUSG00000067279	1860
ENSMUSG00000067285	0
ENSMUSG00000067288	9
ENSMUSG00000067292	0
ENSMUSG00000067297	1
ENSMUSG00000067299	0
ENSMUSG00000067321	0
ENSMUSG00000067331	0
ENSMUSG00000067336	733
ENSMUSG00000067338	0
ENSMUSG00000067341	3
ENSMUSG00000067344	0
ENSMUSG00000067351	0
ENSMUSG00000067352	0
ENSMUSG00000067356	0
ENSMUSG00000067360	0
ENSMUSG00000067365	498
ENSMUSG00000067367	168
ENSMUSG00000067369	681
ENSMUSG00000067370	14
ENSMUSG00000067377	17
ENSMUSG00000067389	0
ENSMUSG00000067399	0
ENSMUSG00000067424	60
ENSMUSG00000067430	82
ENSMUSG00000067438	0
ENSMUSG00000067441	0
ENSMUSG00000067455	1
ENSMUSG00000067482	0
ENSMUSG00000067513	0
ENSMUSG00000067519	0
ENSMUSG00000067522	0
ENSMUSG00000067524	0
ENSMUSG00000067525	0
ENSMUSG00000067526	0
ENSMUSG00000067528	0
ENSMUSG00000067529	0
ENSMUSG00000067541	0
ENSMUSG00000067543	0
ENSMUSG00000067545	0
ENSMUSG00000067547	175
ENSMUSG00000067555	0
ENSMUSG00000067561	0
ENSMUSG00000067562	0
ENSMUSG00000067567	82
ENSMUSG00000067571	0
ENSMUSG00000067575	0
ENSMUSG00000067577	0
ENSMUSG00000067578	0
ENSMUSG00000067586	26
ENSMUSG00000067591	2
ENSMUSG00000067594	0
ENSMUSG00000067596	0
ENSMUSG00000067597	0
ENSMUSG00000067599	1
ENSMUSG00000067604	0
ENSMUSG00000067608	15
ENSMUSG00000067610	1
ENSMUSG00000067613	1
ENSMUSG00000067614	0
ENSMUSG00000067615	0
ENSMUSG00000067616	0
ENSMUSG00000067627	0
ENSMUSG00000067629	92
ENSMUSG00000067642	0
ENSMUSG00000067649	0
ENSMUSG00000067653	15
ENSMUSG00000067656	110
ENSMUSG00000067679	0
ENSMUSG00000067684	0
ENSMUSG00000067698	0
ENSMUSG00000067700	0
ENSMUSG00000067702	0
ENSMUSG00000067704	0
ENSMUSG00000067713	1010
ENSMUSG00000067714	0
ENSMUSG00000067716	0
ENSMUSG00000067719	0
ENSMUSG00000067722	1028
ENSMUSG00000067724	0
ENSMUSG00000067736	1
ENSMUSG00000067745	0
ENSMUSG00000067750	0
ENSMUSG00000067764	0
ENSMUSG00000067767	0
ENSMUSG00000067768	0
ENSMUSG00000067771	0
ENSMUSG00000067773	0
ENSMUSG00000067780	2
ENSMUSG00000067786	2
ENSMUSG00000067787	634
ENSMUSG00000067795	0
ENSMUSG00000067813	597
ENSMUSG00000067818	121
ENSMUSG00000067825	799
ENSMUSG00000067835	0
ENSMUSG00000067847	822
ENSMUSG00000067848	0
ENSMUSG00000067851	1219
ENSMUSG00000067855	0
ENSMUSG00000067860	0
ENSMUSG00000067869	47
ENSMUSG00000067870	5
ENSMUSG00000067872	0
ENSMUSG00000067873	921
ENSMUSG00000067878	8
ENSMUSG00000067879	5
ENSMUSG00000067882	7
ENSMUSG00000067889	1905
ENSMUSG00000067909	0
ENSMUSG00000067916	6
ENSMUSG00000067919	0
ENSMUSG00000067924	18
ENSMUSG00000067925	36
ENSMUSG00000067928	186
ENSMUSG00000067929	11
ENSMUSG00000067931	316
ENSMUSG00000067941	0
ENSMUSG00000067942	357
ENSMUSG00000067949	0
ENSMUSG00000067951	0
ENSMUSG00000067971	0
ENSMUSG00000067973	0
ENSMUSG00000067995	247
ENSMUSG00000067996	0
ENSMUSG00000067998	0
ENSMUSG00000068008	0
ENSMUSG00000068009	0
ENSMUSG00000068011	343
ENSMUSG00000068014	0
ENSMUSG00000068015	315
ENSMUSG00000068036	1849
ENSMUSG00000068037	7
ENSMUSG00000068039	2431
ENSMUSG00000068040	1042
ENSMUSG00000068048	0
ENSMUSG00000068062	2
ENSMUSG00000068067	0
ENSMUSG00000068068	0
ENSMUSG00000068071	0
ENSMUSG00000068073	0
ENSMUSG00000068074	0
ENSMUSG00000068075	0
ENSMUSG00000068078	0
ENSMUSG00000068079	1
ENSMUSG00000068082	0
ENSMUSG00000068083	1051
ENSMUSG00000068085	5
ENSMUSG00000068086	12112
ENSMUSG00000068099	0
ENSMUSG00000068101	61
ENSMUSG00000068105	8
ENSMUSG00000068113	0
ENSMUSG00000068114	406
ENSMUSG00000068115	42
ENSMUSG00000068117	0
ENSMUSG00000068120	0
ENSMUSG00000068122	0
ENSMUSG00000068129	3
ENSMUSG00000068130	1
ENSMUSG00000068134	235
ENSMUSG00000068141	84
ENSMUSG00000068149	0
ENSMUSG00000068151	0
ENSMUSG00000068154	0
ENSMUSG00000068165	0
ENSMUSG00000068167	0
ENSMUSG00000068173	0
ENSMUSG00000068180	0
ENSMUSG00000068181	0
ENSMUSG00000068182	0
ENSMUSG00000068184	252
ENSMUSG00000068196	6
ENSMUSG00000068200	0
ENSMUSG00000068205	41
ENSMUSG00000068206	530
ENSMUSG00000068218	0
ENSMUSG00000068219	0
ENSMUSG00000068220	1370
ENSMUSG00000068226	2
ENSMUSG00000068227	60
ENSMUSG00000068231	0
ENSMUSG00000068232	0
ENSMUSG00000068234	0
ENSMUSG00000068240	4
ENSMUSG00000068243	0
ENSMUSG00000068245	76
ENSMUSG00000068246	652
ENSMUSG00000068250	139
ENSMUSG00000068252	0
ENSMUSG00000068259	0
ENSMUSG00000068262	0
ENSMUSG00000068263	24
ENSMUSG00000068264	601
ENSMUSG00000068267	1860
ENSMUSG00000068270	40
ENSMUSG00000068284	1035
ENSMUSG00000068289	0
ENSMUSG00000068290	4038
ENSMUSG00000068299	243
ENSMUSG00000068302	0
ENSMUSG00000068303	1
ENSMUSG00000068314	0
ENSMUSG00000068323	2
ENSMUSG00000068324	0
ENSMUSG00000068327	0
ENSMUSG00000068328	3600
ENSMUSG00000068329	477
ENSMUSG00000068335	74
ENSMUSG00000068341	0
ENSMUSG00000068348	0
ENSMUSG00000068349	0
ENSMUSG00000068373	0
ENSMUSG00000068391	495
ENSMUSG00000068392	14
ENSMUSG00000068394	240
ENSMUSG00000068396	0
ENSMUSG00000068397	0
ENSMUSG00000068399	0
ENSMUSG00000068407	0
ENSMUSG00000068417	8
ENSMUSG00000068426	0
ENSMUSG00000068428	0
ENSMUSG00000068431	0
ENSMUSG00000068437	0
ENSMUSG00000068452	0
ENSMUSG00000068457	577
ENSMUSG00000068463	33
ENSMUSG00000068466	0
ENSMUSG00000068479	162
ENSMUSG00000068480	0
ENSMUSG00000068487	76
ENSMUSG00000068506	0
ENSMUSG00000068522	46
ENSMUSG00000068523	70
ENSMUSG00000068535	0
ENSMUSG00000068536	0
ENSMUSG00000068537	0
ENSMUSG00000068547	0
ENSMUSG00000068551	871
ENSMUSG00000068566	813
ENSMUSG00000068574	0
ENSMUSG00000068579	0
ENSMUSG00000068580	578
ENSMUSG00000068587	2397
ENSMUSG00000068600	0
ENSMUSG00000068601	0
ENSMUSG00000068604	0
ENSMUSG00000068606	14
ENSMUSG00000068614	13
ENSMUSG00000068615	0
ENSMUSG00000068617	0
ENSMUSG00000068629	1
ENSMUSG00000068631	21
ENSMUSG00000068647	0
ENSMUSG00000068663	429
ENSMUSG00000068674	0
ENSMUSG00000068680	0
ENSMUSG00000068686	86
ENSMUSG00000068689	0
ENSMUSG00000068696	1
ENSMUSG00000068697	1
ENSMUSG00000068699	5
ENSMUSG00000068706	1041
ENSMUSG00000068732	644
ENSMUSG00000068735	369
ENSMUSG00000068739	1521
ENSMUSG00000068740	10
ENSMUSG00000068742	1204
ENSMUSG00000068744	20
ENSMUSG00000068745	0
ENSMUSG00000068747	505
ENSMUSG00000068748	0
ENSMUSG00000068749	35
ENSMUSG00000068758	105
ENSMUSG00000068762	4346
ENSMUSG00000068776	0
ENSMUSG00000068794	0
ENSMUSG00000068798	852
ENSMUSG00000068806	0
ENSMUSG00000068808	0
ENSMUSG00000068809	0
ENSMUSG00000068810	0
ENSMUSG00000068814	0
ENSMUSG00000068815	0
ENSMUSG00000068816	0
ENSMUSG00000068817	0
ENSMUSG00000068818	0
ENSMUSG00000068819	0
ENSMUSG00000068823	3288
ENSMUSG00000068824	0
ENSMUSG00000068854	61
ENSMUSG00000068855	0
ENSMUSG00000068856	11
ENSMUSG00000068859	0
ENSMUSG00000068860	0
ENSMUSG00000068874	3561
ENSMUSG00000068876	724
ENSMUSG00000068877	1570
ENSMUSG00000068879	0
ENSMUSG00000068882	1396
ENSMUSG00000068885	0
ENSMUSG00000068887	0
ENSMUSG00000068888	0
ENSMUSG00000068889	0
ENSMUSG00000068890	0
ENSMUSG00000068893	0
ENSMUSG00000068917	1086
ENSMUSG00000068921	1225
ENSMUSG00000068922	252
ENSMUSG00000068923	39
ENSMUSG00000068940	0
ENSMUSG00000068947	0
ENSMUSG00000068948	0
ENSMUSG00000068950	0
ENSMUSG00000068957	0
ENSMUSG00000068959	35
ENSMUSG00000068962	2
ENSMUSG00000068964	0
ENSMUSG00000068966	132
ENSMUSG00000068969	0
ENSMUSG00000068999	0
ENSMUSG00000069008	0
ENSMUSG00000069011	11
ENSMUSG00000069014	0
ENSMUSG00000069020	348
ENSMUSG00000069036	0
ENSMUSG00000069038	0
ENSMUSG00000069041	0
ENSMUSG00000069044	0
ENSMUSG00000069045	1598
ENSMUSG00000069049	2118
ENSMUSG00000069053	0
ENSMUSG00000069072	0
ENSMUSG00000069074	0
ENSMUSG00000069080	0
ENSMUSG00000069083	0
ENSMUSG00000069085	0
ENSMUSG00000069089	291
ENSMUSG00000069094	190
ENSMUSG00000069114	128
ENSMUSG00000069117	0
ENSMUSG00000069118	0
ENSMUSG00000069125	1
ENSMUSG00000069132	0
ENSMUSG00000069135	751
ENSMUSG00000069136	0
ENSMUSG00000069170	86
ENSMUSG00000069171	28
ENSMUSG00000069184	103
ENSMUSG00000069188	1
ENSMUSG00000069189	0
ENSMUSG00000069196	0
ENSMUSG00000069206	490
ENSMUSG00000069208	356
ENSMUSG00000069223	0
ENSMUSG00000069227	0
ENSMUSG00000069236	0
ENSMUSG00000069237	2080
ENSMUSG00000069248	0
ENSMUSG00000069255	350
ENSMUSG00000069258	0
ENSMUSG00000069259	0
ENSMUSG00000069265	0
ENSMUSG00000069266	0
ENSMUSG00000069267	0
ENSMUSG00000069268	0
ENSMUSG00000069270	6
ENSMUSG00000069272	1
ENSMUSG00000069273	0
ENSMUSG00000069274	0
ENSMUSG00000069280	0
ENSMUSG00000069289	0
ENSMUSG00000069292	0
ENSMUSG00000069294	0
ENSMUSG00000069295	0
ENSMUSG00000069296	0
ENSMUSG00000069297	0
ENSMUSG00000069299	0
ENSMUSG00000069300	0
ENSMUSG00000069301	0
ENSMUSG00000069302	0
ENSMUSG00000069303	0
ENSMUSG00000069305	0
ENSMUSG00000069306	0
ENSMUSG00000069307	0
ENSMUSG00000069308	0
ENSMUSG00000069309	0
ENSMUSG00000069310	1
ENSMUSG00000069315	0
ENSMUSG00000069324	78
ENSMUSG00000069355	0
ENSMUSG00000069372	0
ENSMUSG00000069376	0
ENSMUSG00000069378	1
ENSMUSG00000069379	0
ENSMUSG00000069385	0
ENSMUSG00000069390	0
ENSMUSG00000069421	0
ENSMUSG00000069430	0
ENSMUSG00000069439	0
ENSMUSG00000069441	0
ENSMUSG00000069456	2192
ENSMUSG00000069475	0
ENSMUSG00000069476	0
ENSMUSG00000069495	385
ENSMUSG00000069515	10
ENSMUSG00000069516	3541
ENSMUSG00000069518	0
ENSMUSG00000069520	4541
ENSMUSG00000069539	833
ENSMUSG00000069540	10
ENSMUSG00000069554	0
ENSMUSG00000069565	1144
ENSMUSG00000069581	1
ENSMUSG00000069582	0
ENSMUSG00000069583	0
ENSMUSG00000069584	0
ENSMUSG00000069588	0
ENSMUSG00000069601	400
ENSMUSG00000069607	0
ENSMUSG00000069609	0
ENSMUSG00000069620	0
ENSMUSG00000069622	0
ENSMUSG00000069631	162
ENSMUSG00000069633	1614
ENSMUSG00000069662	779
ENSMUSG00000069668	2
ENSMUSG00000069670	1
ENSMUSG00000069678	156
ENSMUSG00000069682	2
ENSMUSG00000069706	0
ENSMUSG00000069707	0
ENSMUSG00000069708	0
ENSMUSG00000069712	0
ENSMUSG00000069713	8
ENSMUSG00000069717	0
ENSMUSG00000069718	0
ENSMUSG00000069720	0
ENSMUSG00000069721	0
ENSMUSG00000069722	0
ENSMUSG00000069727	28
ENSMUSG00000069729	492
ENSMUSG00000069733	36
ENSMUSG00000069743	87
ENSMUSG00000069744	218
ENSMUSG00000069755	64
ENSMUSG00000069763	19
ENSMUSG00000069769	320
ENSMUSG00000069785	0
ENSMUSG00000069792	992
ENSMUSG00000069793	60
ENSMUSG00000069796	0
ENSMUSG00000069804	0
ENSMUSG00000069805	20802
ENSMUSG00000069806	31
ENSMUSG00000069808	95
ENSMUSG00000069814	5
ENSMUSG00000069816	0
ENSMUSG00000069818	0
ENSMUSG00000069823	0
ENSMUSG00000069824	0
ENSMUSG00000069825	0
ENSMUSG00000069830	1
ENSMUSG00000069833	706
ENSMUSG00000069835	289
ENSMUSG00000069844	232
ENSMUSG00000069855	2
ENSMUSG00000069862	0
ENSMUSG00000069867	0
ENSMUSG00000069873	0
ENSMUSG00000069874	1100
ENSMUSG00000069890	0
ENSMUSG00000069892	9
ENSMUSG00000069893	3
ENSMUSG00000069895	278
ENSMUSG00000069899	68
ENSMUSG00000069910	4
ENSMUSG00000069911	1
ENSMUSG00000069913	33
ENSMUSG00000069917	585
ENSMUSG00000069919	999
ENSMUSG00000069920	25
ENSMUSG00000069922	38798
ENSMUSG00000069925	0
ENSMUSG00000069939	0
ENSMUSG00000069962	0
ENSMUSG00000069971	0
ENSMUSG00000069972	187
ENSMUSG00000069986	0
ENSMUSG00000069996	0
ENSMUSG00000069998	0
ENSMUSG00000070000	18
ENSMUSG00000070002	1954
ENSMUSG00000070003	115
ENSMUSG00000070023	0
ENSMUSG00000070025	0
ENSMUSG00000070031	5
ENSMUSG00000070034	30
ENSMUSG00000070044	812
ENSMUSG00000070047	819
ENSMUSG00000070056	378
ENSMUSG00000070063	5
ENSMUSG00000070065	0
ENSMUSG00000070071	0
ENSMUSG00000070072	0
ENSMUSG00000070073	0
ENSMUSG00000070074	0
ENSMUSG00000070075	0
ENSMUSG00000070076	0
ENSMUSG00000070077	0
ENSMUSG00000070078	0
ENSMUSG00000070080	0
ENSMUSG00000070081	0
ENSMUSG00000070084	0
ENSMUSG00000070099	0
ENSMUSG00000070100	0
ENSMUSG00000070101	0
ENSMUSG00000070102	0
ENSMUSG00000070103	0
ENSMUSG00000070104	0
ENSMUSG00000070105	0
ENSMUSG00000070106	0
ENSMUSG00000070107	0
ENSMUSG00000070108	0
ENSMUSG00000070109	0
ENSMUSG00000070110	0
ENSMUSG00000070111	1
ENSMUSG00000070126	0
ENSMUSG00000070127	0
ENSMUSG00000070128	0
ENSMUSG00000070129	0
ENSMUSG00000070130	0
ENSMUSG00000070133	0
ENSMUSG00000070136	0
ENSMUSG00000070138	0
ENSMUSG00000070139	0
ENSMUSG00000070140	0
ENSMUSG00000070141	0
ENSMUSG00000070144	0
ENSMUSG00000070150	0
ENSMUSG00000070166	0
ENSMUSG00000070167	0
ENSMUSG00000070170	0
ENSMUSG00000070173	0
ENSMUSG00000070175	0
ENSMUSG00000070178	0
ENSMUSG00000070182	0
ENSMUSG00000070192	0
ENSMUSG00000070203	0
ENSMUSG00000070209	0
ENSMUSG00000070214	0
ENSMUSG00000070219	0
ENSMUSG00000070225	0
ENSMUSG00000070227	0
ENSMUSG00000070235	0
ENSMUSG00000070236	0
ENSMUSG00000070240	0
ENSMUSG00000070249	0
ENSMUSG00000070258	0
ENSMUSG00000070263	0
ENSMUSG00000070271	0
ENSMUSG00000070280	1
ENSMUSG00000070282	37
ENSMUSG00000070283	468
ENSMUSG00000070284	547
ENSMUSG00000070287	10
ENSMUSG00000070291	1
ENSMUSG00000070298	0
ENSMUSG00000070304	6
ENSMUSG00000070305	320
ENSMUSG00000070306	0
ENSMUSG00000070311	0
ENSMUSG00000070313	0
ENSMUSG00000070315	531
ENSMUSG00000070319	1723
ENSMUSG00000070323	31
ENSMUSG00000070324	0
ENSMUSG00000070327	3035
ENSMUSG00000070330	0
ENSMUSG00000070331	0
ENSMUSG00000070332	33
ENSMUSG00000070334	0
ENSMUSG00000070335	0
ENSMUSG00000070336	4
ENSMUSG00000070337	0
ENSMUSG00000070342	0
ENSMUSG00000070343	0
ENSMUSG00000070345	10
ENSMUSG00000070348	1305
ENSMUSG00000070354	17
ENSMUSG00000070360	0
ENSMUSG00000070366	0
ENSMUSG00000070368	39
ENSMUSG00000070369	2
ENSMUSG00000070371	205
ENSMUSG00000070372	3
ENSMUSG00000070374	0
ENSMUSG00000070375	0
ENSMUSG00000070377	0
ENSMUSG00000070378	0
ENSMUSG00000070379	0
ENSMUSG00000070380	0
ENSMUSG00000070382	0
ENSMUSG00000070383	0
ENSMUSG00000070385	0
ENSMUSG00000070388	0
ENSMUSG00000070390	102
ENSMUSG00000070392	0
ENSMUSG00000070394	2250
ENSMUSG00000070407	2345
ENSMUSG00000070417	0
ENSMUSG00000070419	0
ENSMUSG00000070420	99
ENSMUSG00000070421	0
ENSMUSG00000070423	0
ENSMUSG00000070424	0
ENSMUSG00000070425	0
ENSMUSG00000070426	588
ENSMUSG00000070427	834
ENSMUSG00000070436	371
ENSMUSG00000070438	0
ENSMUSG00000070443	0
ENSMUSG00000070448	0
ENSMUSG00000070458	0
ENSMUSG00000070459	0
ENSMUSG00000070460	0
ENSMUSG00000070461	84
ENSMUSG00000070462	138
ENSMUSG00000070464	0
ENSMUSG00000070465	0
ENSMUSG00000070469	15
ENSMUSG00000070471	3
ENSMUSG00000070473	1968
ENSMUSG00000070476	30
ENSMUSG00000070489	0
ENSMUSG00000070490	0
ENSMUSG00000070493	6270
ENSMUSG00000070495	13
ENSMUSG00000070498	0
ENSMUSG00000070501	0
ENSMUSG00000070504	0
ENSMUSG00000070509	8
ENSMUSG00000070511	0
ENSMUSG00000070520	596
ENSMUSG00000070522	7
ENSMUSG00000070524	0
ENSMUSG00000070526	4
ENSMUSG00000070527	11
ENSMUSG00000070529	0
ENSMUSG00000070530	2
ENSMUSG00000070531	0
ENSMUSG00000070532	28
ENSMUSG00000070533	0
ENSMUSG00000070544	840
ENSMUSG00000070546	0
ENSMUSG00000070547	0
ENSMUSG00000070550	0
ENSMUSG00000070551	0
ENSMUSG00000070552	0
ENSMUSG00000070563	0
ENSMUSG00000070564	0
ENSMUSG00000070565	201
ENSMUSG00000070568	2
ENSMUSG00000070570	0
ENSMUSG00000070572	0
ENSMUSG00000070574	4
ENSMUSG00000070576	449
ENSMUSG00000070577	0
ENSMUSG00000070583	13
ENSMUSG00000070594	5694
ENSMUSG00000070601	0
ENSMUSG00000070604	91
ENSMUSG00000070605	106
ENSMUSG00000070606	0
ENSMUSG00000070609	0
ENSMUSG00000070610	15
ENSMUSG00000070616	0
ENSMUSG00000070617	0
ENSMUSG00000070618	0
ENSMUSG00000070619	0
ENSMUSG00000070621	0
ENSMUSG00000070637	0
ENSMUSG00000070639	29
ENSMUSG00000070641	0
ENSMUSG00000070643	217
ENSMUSG00000070644	7435
ENSMUSG00000070645	0
ENSMUSG00000070661	267
ENSMUSG00000070667	0
ENSMUSG00000070677	0
ENSMUSG00000070683	0
ENSMUSG00000070686	0
ENSMUSG00000070687	0
ENSMUSG00000070690	3282
ENSMUSG00000070691	10
ENSMUSG00000070692	0
ENSMUSG00000070695	0
ENSMUSG00000070697	855
ENSMUSG00000070699	403
ENSMUSG00000070702	0
ENSMUSG00000070704	13503
ENSMUSG00000070705	94
ENSMUSG00000070708	0
ENSMUSG00000070709	35
ENSMUSG00000070713	0
ENSMUSG00000070717	1
ENSMUSG00000070719	0
ENSMUSG00000070720	39
ENSMUSG00000070729	537
ENSMUSG00000070730	1527
ENSMUSG00000070732	0
ENSMUSG00000070733	323
ENSMUSG00000070737	204
ENSMUSG00000070738	611
ENSMUSG00000070777	0
ENSMUSG00000070778	0
ENSMUSG00000070780	2059
ENSMUSG00000070794	0
ENSMUSG00000070796	0
ENSMUSG00000070797	0
ENSMUSG00000070798	0
ENSMUSG00000070799	0
ENSMUSG00000070802	2
ENSMUSG00000070803	6
ENSMUSG00000070806	3
ENSMUSG00000070808	322
ENSMUSG00000070810	0
ENSMUSG00000070811	0
ENSMUSG00000070814	75
ENSMUSG00000070815	0
ENSMUSG00000070816	0
ENSMUSG00000070817	0
ENSMUSG00000070820	0
ENSMUSG00000070821	0
ENSMUSG00000070822	7
ENSMUSG00000070823	3
ENSMUSG00000070828	0
ENSMUSG00000070834	0
ENSMUSG00000070837	0
ENSMUSG00000070841	0
ENSMUSG00000070844	0
ENSMUSG00000070847	0
ENSMUSG00000070852	0
ENSMUSG00000070853	0
ENSMUSG00000070855	0
ENSMUSG00000070856	0
ENSMUSG00000070857	0
ENSMUSG00000070858	5
ENSMUSG00000070866	0
ENSMUSG00000070867	11
ENSMUSG00000070868	0
ENSMUSG00000070870	0
ENSMUSG00000070871	48
ENSMUSG00000070873	99
ENSMUSG00000070875	0
ENSMUSG00000070877	0
ENSMUSG00000070880	3
ENSMUSG00000070883	10
ENSMUSG00000070890	0
ENSMUSG00000070891	35
ENSMUSG00000070896	0
ENSMUSG00000070900	0
ENSMUSG00000070902	0
ENSMUSG00000070904	0
ENSMUSG00000070908	0
ENSMUSG00000070923	1425
ENSMUSG00000070933	0
ENSMUSG00000070934	1006
ENSMUSG00000070939	1284
ENSMUSG00000070942	16
ENSMUSG00000070943	0
ENSMUSG00000070953	258
ENSMUSG00000070960	269
ENSMUSG00000070972	799
ENSMUSG00000070977	0
ENSMUSG00000070979	0
ENSMUSG00000070980	0
ENSMUSG00000070983	0
ENSMUSG00000070985	269
ENSMUSG00000070990	0
ENSMUSG00000070995	0
ENSMUSG00000070997	31
ENSMUSG00000070999	0
ENSMUSG00000071000	0
ENSMUSG00000071001	6
ENSMUSG00000071005	0
ENSMUSG00000071014	1133
ENSMUSG00000071015	0
ENSMUSG00000071019	0
ENSMUSG00000071033	0
ENSMUSG00000071035	9
ENSMUSG00000071036	6
ENSMUSG00000071037	6
ENSMUSG00000071040	0
ENSMUSG00000071041	426
ENSMUSG00000071042	282
ENSMUSG00000071047	3
ENSMUSG00000071052	0
ENSMUSG00000071054	2304
ENSMUSG00000071064	15
ENSMUSG00000071065	0
ENSMUSG00000071068	14
ENSMUSG00000071072	1163
ENSMUSG00000071073	5
ENSMUSG00000071074	1565
ENSMUSG00000071076	1615
ENSMUSG00000071078	330
ENSMUSG00000071089	0
ENSMUSG00000071102	0
ENSMUSG00000071103	42
ENSMUSG00000071104	0
ENSMUSG00000071112	9
ENSMUSG00000071113	0
ENSMUSG00000071138	0
ENSMUSG00000071141	12
ENSMUSG00000071147	0
ENSMUSG00000071149	0
ENSMUSG00000071150	0
ENSMUSG00000071151	83
ENSMUSG00000071158	0
ENSMUSG00000071165	0
ENSMUSG00000071169	0
ENSMUSG00000071172	516
ENSMUSG00000071176	140
ENSMUSG00000071177	60257
ENSMUSG00000071178	115899
ENSMUSG00000071179	0
ENSMUSG00000071180	651
ENSMUSG00000071181	11
ENSMUSG00000071185	0
ENSMUSG00000071192	37
ENSMUSG00000071195	0
ENSMUSG00000071202	0
ENSMUSG00000071203	347
ENSMUSG00000071204	639
ENSMUSG00000071207	0
ENSMUSG00000071226	799
ENSMUSG00000071229	1
ENSMUSG00000071230	0
ENSMUSG00000071234	0
ENSMUSG00000071235	0
ENSMUSG00000071237	0
ENSMUSG00000071252	33
ENSMUSG00000071253	1531
ENSMUSG00000071256	223
ENSMUSG00000071262	0
ENSMUSG00000071265	0
ENSMUSG00000071266	275
ENSMUSG00000071267	413
ENSMUSG00000071273	0
ENSMUSG00000071275	0
ENSMUSG00000071276	0
ENSMUSG00000071280	0
ENSMUSG00000071281	118
ENSMUSG00000071291	166
ENSMUSG00000071294	0
ENSMUSG00000071302	147
ENSMUSG00000071303	0
ENSMUSG00000071311	0
ENSMUSG00000071317	0
ENSMUSG00000071322	0
ENSMUSG00000071324	5
ENSMUSG00000071332	4
ENSMUSG00000071335	213
ENSMUSG00000071337	638
ENSMUSG00000071340	0
ENSMUSG00000071341	0
ENSMUSG00000071342	0
ENSMUSG00000071343	1
ENSMUSG00000071347	24
ENSMUSG00000071350	351
ENSMUSG00000071356	0
ENSMUSG00000071359	303
ENSMUSG00000071361	0
ENSMUSG00000071362	0
ENSMUSG00000071369	1021
ENSMUSG00000071379	265
ENSMUSG00000071392	1
ENSMUSG00000071398	0
ENSMUSG00000071414	0
ENSMUSG00000071415	712
ENSMUSG00000071419	39
ENSMUSG00000071424	0
ENSMUSG00000071428	0
ENSMUSG00000071434	0
ENSMUSG00000071451	255
ENSMUSG00000071452	0
ENSMUSG00000071454	694
ENSMUSG00000071456	33
ENSMUSG00000071470	0
ENSMUSG00000071471	0
ENSMUSG00000071475	0
ENSMUSG00000071477	615
ENSMUSG00000071478	0
ENSMUSG00000071481	0
ENSMUSG00000071489	0
ENSMUSG00000071490	0
ENSMUSG00000071491	0
ENSMUSG00000071493	0
ENSMUSG00000071494	0
ENSMUSG00000071497	0
ENSMUSG00000071506	10
ENSMUSG00000071510	0
ENSMUSG00000071516	0
ENSMUSG00000071517	0
ENSMUSG00000071519	0
ENSMUSG00000071521	0
ENSMUSG00000071522	0
ENSMUSG00000071528	57
ENSMUSG00000071531	0
ENSMUSG00000071532	0
ENSMUSG00000071533	437
ENSMUSG00000071537	0
ENSMUSG00000071540	0
ENSMUSG00000071547	153
ENSMUSG00000071550	1
ENSMUSG00000071551	1396
ENSMUSG00000071552	0
ENSMUSG00000071553	0
ENSMUSG00000071561	0
ENSMUSG00000071562	0
ENSMUSG00000071568	2
ENSMUSG00000071573	3
ENSMUSG00000071586	0
ENSMUSG00000071591	0
ENSMUSG00000071604	34
ENSMUSG00000071613	0
ENSMUSG00000071629	0
ENSMUSG00000071632	590
ENSMUSG00000071633	2681
ENSMUSG00000071636	0
ENSMUSG00000071637	184
ENSMUSG00000071640	7
ENSMUSG00000071644	172
ENSMUSG00000071645	614
ENSMUSG00000071646	1177
ENSMUSG00000071647	763
ENSMUSG00000071648	67
ENSMUSG00000071649	973
ENSMUSG00000071650	6040
ENSMUSG00000071652	156
ENSMUSG00000071653	0
ENSMUSG00000071654	859
ENSMUSG00000071655	2957
ENSMUSG00000071656	4
ENSMUSG00000071657	1247
ENSMUSG00000071658	0
ENSMUSG00000071659	2148
ENSMUSG00000071660	329
ENSMUSG00000071661	10
ENSMUSG00000071662	403
ENSMUSG00000071665	0
ENSMUSG00000071669	20
ENSMUSG00000071671	0
ENSMUSG00000071679	0
ENSMUSG00000071680	0
ENSMUSG00000071686	0
ENSMUSG00000071691	8
ENSMUSG00000071708	39
ENSMUSG00000071711	2759
ENSMUSG00000071713	168
ENSMUSG00000071714	66
ENSMUSG00000071715	103
ENSMUSG00000071716	1
ENSMUSG00000071719	71
ENSMUSG00000071721	0
ENSMUSG00000071722	5
ENSMUSG00000071723	18
ENSMUSG00000071724	14
ENSMUSG00000071726	0
ENSMUSG00000071738	0
ENSMUSG00000071745	0
ENSMUSG00000071748	6
ENSMUSG00000071749	0
ENSMUSG00000071750	0
ENSMUSG00000071753	0
ENSMUSG00000071757	420
ENSMUSG00000071763	0
ENSMUSG00000071764	0
ENSMUSG00000071766	0
ENSMUSG00000071767	0
ENSMUSG00000071769	0
ENSMUSG00000071770	0
ENSMUSG00000071771	0
ENSMUSG00000071772	0
ENSMUSG00000071773	0
ENSMUSG00000071788	0
ENSMUSG00000071793	0
ENSMUSG00000071796	3
ENSMUSG00000071815	0
ENSMUSG00000071816	0
ENSMUSG00000071818	0
ENSMUSG00000071847	0
ENSMUSG00000071855	7
ENSMUSG00000071856	847
ENSMUSG00000071858	0
ENSMUSG00000071860	0
ENSMUSG00000071862	0
ENSMUSG00000071866	19
ENSMUSG00000071867	51
ENSMUSG00000071890	0
ENSMUSG00000071893	1
ENSMUSG00000071909	0
ENSMUSG00000071937	0
ENSMUSG00000071952	0
ENSMUSG00000071984	12
ENSMUSG00000072049	0
ENSMUSG00000072066	5
ENSMUSG00000072068	0
ENSMUSG00000072082	636
ENSMUSG00000072100	0
ENSMUSG00000072109	4
ENSMUSG00000072115	9159
ENSMUSG00000072145	0
ENSMUSG00000072188	0
ENSMUSG00000072214	25
ENSMUSG00000072235	36
ENSMUSG00000072244	25
ENSMUSG00000072249	0
ENSMUSG00000072255	0
ENSMUSG00000072258	125
ENSMUSG00000072259	0
ENSMUSG00000072294	21
ENSMUSG00000072295	0
ENSMUSG00000072324	0
ENSMUSG00000072381	0
ENSMUSG00000072387	1
ENSMUSG00000072407	205
ENSMUSG00000072419	0
ENSMUSG00000072421	0
ENSMUSG00000072423	0
ENSMUSG00000072437	3
ENSMUSG00000072460	0
ENSMUSG00000072473	0
ENSMUSG00000072476	0
ENSMUSG00000072477	0
ENSMUSG00000072479	0
ENSMUSG00000072487	0
ENSMUSG00000072492	4
ENSMUSG00000072494	43
ENSMUSG00000072501	1203
ENSMUSG00000072511	0
ENSMUSG00000072541	0
ENSMUSG00000072553	1
ENSMUSG00000072568	98
ENSMUSG00000072571	0
ENSMUSG00000072572	64
ENSMUSG00000072573	1
ENSMUSG00000072574	0
ENSMUSG00000072575	0
ENSMUSG00000072576	0
ENSMUSG00000072582	529
ENSMUSG00000072584	0
ENSMUSG00000072589	0
ENSMUSG00000072591	0
ENSMUSG00000072592	0
ENSMUSG00000072594	8
ENSMUSG00000072595	0
ENSMUSG00000072596	24
ENSMUSG00000072598	0
ENSMUSG00000072599	0
ENSMUSG00000072600	0
ENSMUSG00000072601	0
ENSMUSG00000072605	0
ENSMUSG00000072612	4
ENSMUSG00000072616	0
ENSMUSG00000072618	2
ENSMUSG00000072620	187
ENSMUSG00000072621	0
ENSMUSG00000072623	82
ENSMUSG00000072624	0
ENSMUSG00000072625	468
ENSMUSG00000072640	176
ENSMUSG00000072647	46
ENSMUSG00000072653	12
ENSMUSG00000072660	3
ENSMUSG00000072662	4
ENSMUSG00000072663	4
ENSMUSG00000072664	232
ENSMUSG00000072672	0
ENSMUSG00000072673	0
ENSMUSG00000072674	0
ENSMUSG00000072675	0
ENSMUSG00000072676	0
ENSMUSG00000072677	0
ENSMUSG00000072679	0
ENSMUSG00000072680	0
ENSMUSG00000072683	6
ENSMUSG00000072686	0
ENSMUSG00000072688	0
ENSMUSG00000072692	201
ENSMUSG00000072693	0
ENSMUSG00000072694	33
ENSMUSG00000072704	2164
ENSMUSG00000072707	0
ENSMUSG00000072708	0
ENSMUSG00000072709	0
ENSMUSG00000072714	0
ENSMUSG00000072717	0
ENSMUSG00000072718	2
ENSMUSG00000072720	6
ENSMUSG00000072721	0
ENSMUSG00000072722	0
ENSMUSG00000072723	0
ENSMUSG00000072726	0
ENSMUSG00000072731	0
ENSMUSG00000072738	0
ENSMUSG00000072739	0
ENSMUSG00000072753	0
ENSMUSG00000072754	0
ENSMUSG00000072761	1
ENSMUSG00000072762	21
ENSMUSG00000072763	50
ENSMUSG00000072768	0
ENSMUSG00000072769	1
ENSMUSG00000072770	178
ENSMUSG00000072772	166
ENSMUSG00000072774	93
ENSMUSG00000072778	0
ENSMUSG00000072780	0
ENSMUSG00000072789	0
ENSMUSG00000072791	0
ENSMUSG00000072809	8
ENSMUSG00000072812	6
ENSMUSG00000072813	0
ENSMUSG00000072814	0
ENSMUSG00000072821	0
ENSMUSG00000072822	0
ENSMUSG00000072825	1089
ENSMUSG00000072834	0
ENSMUSG00000072837	0
ENSMUSG00000072844	0
ENSMUSG00000072845	0
ENSMUSG00000072847	159
ENSMUSG00000072849	167513
ENSMUSG00000072852	0
ENSMUSG00000072872	2
ENSMUSG00000072874	0
ENSMUSG00000072875	2
ENSMUSG00000072878	0
ENSMUSG00000072884	16
ENSMUSG00000072888	0
ENSMUSG00000072889	683
ENSMUSG00000072893	131
ENSMUSG00000072898	0
ENSMUSG00000072900	0
ENSMUSG00000072902	0
ENSMUSG00000072905	0
ENSMUSG00000072915	53
ENSMUSG00000072919	17
ENSMUSG00000072923	0
ENSMUSG00000072929	0
ENSMUSG00000072930	0
ENSMUSG00000072931	0
ENSMUSG00000072934	0
ENSMUSG00000072940	3
ENSMUSG00000072941	956
ENSMUSG00000072944	26
ENSMUSG00000072945	13
ENSMUSG00000072946	1494
ENSMUSG00000072949	201
ENSMUSG00000072950	0
ENSMUSG00000072952	0
ENSMUSG00000072955	4
ENSMUSG00000072962	0
ENSMUSG00000072963	43
ENSMUSG00000072964	78
ENSMUSG00000072966	15
ENSMUSG00000072968	0
ENSMUSG00000072969	67
ENSMUSG00000072972	11
ENSMUSG00000072974	4
ENSMUSG00000072978	0
ENSMUSG00000072980	4
ENSMUSG00000072982	0
ENSMUSG00000072983	0
ENSMUSG00000072995	0
ENSMUSG00000072999	550
ENSMUSG00000073000	14
ENSMUSG00000073001	0
ENSMUSG00000073002	439
ENSMUSG00000073006	0
ENSMUSG00000073007	0
ENSMUSG00000073008	10
ENSMUSG00000073010	0
ENSMUSG00000073012	0
ENSMUSG00000073016	2
ENSMUSG00000073018	1
ENSMUSG00000073027	0
ENSMUSG00000073028	0
ENSMUSG00000073043	0
ENSMUSG00000073045	0
ENSMUSG00000073051	0
ENSMUSG00000073052	0
ENSMUSG00000073060	0
ENSMUSG00000073062	52
ENSMUSG00000073063	0
ENSMUSG00000073067	0
ENSMUSG00000073069	0
ENSMUSG00000073073	2
ENSMUSG00000073077	4
ENSMUSG00000073079	2
ENSMUSG00000073085	0
ENSMUSG00000073094	1
ENSMUSG00000073096	132
ENSMUSG00000073102	19
ENSMUSG00000073103	0
ENSMUSG00000073110	0
ENSMUSG00000073111	0
ENSMUSG00000073116	0
ENSMUSG00000073117	0
ENSMUSG00000073119	0
ENSMUSG00000073125	0
ENSMUSG00000073130	3
ENSMUSG00000073131	513
ENSMUSG00000073139	456
ENSMUSG00000073141	0
ENSMUSG00000073144	4
ENSMUSG00000073145	0
ENSMUSG00000073147	179
ENSMUSG00000073152	0
ENSMUSG00000073154	0
ENSMUSG00000073155	3224
ENSMUSG00000073158	0
ENSMUSG00000073164	0
ENSMUSG00000073173	0
ENSMUSG00000073174	0
ENSMUSG00000073176	10
ENSMUSG00000073177	0
ENSMUSG00000073179	4
ENSMUSG00000073184	0
ENSMUSG00000073197	0
ENSMUSG00000073198	5
ENSMUSG00000073207	11
ENSMUSG00000073208	0
ENSMUSG00000073209	0
ENSMUSG00000073226	1
ENSMUSG00000073233	10
ENSMUSG00000073234	0
ENSMUSG00000073236	37
ENSMUSG00000073242	0
ENSMUSG00000073243	0
ENSMUSG00000073245	0
ENSMUSG00000073247	0
ENSMUSG00000073255	0
ENSMUSG00000073257	0
ENSMUSG00000073267	0
ENSMUSG00000073274	0
ENSMUSG00000073290	0
ENSMUSG00000073291	0
ENSMUSG00000073293	3
ENSMUSG00000073294	0
ENSMUSG00000073295	13
ENSMUSG00000073367	0
ENSMUSG00000073371	0
ENSMUSG00000073374	29
ENSMUSG00000073375	0
ENSMUSG00000073377	0
ENSMUSG00000073380	0
ENSMUSG00000073386	0
ENSMUSG00000073394	0
ENSMUSG00000073396	0
ENSMUSG00000073399	0
ENSMUSG00000073400	2
ENSMUSG00000073402	1
ENSMUSG00000073403	3
ENSMUSG00000073405	2
ENSMUSG00000073406	17
ENSMUSG00000073407	0
ENSMUSG00000073408	0
ENSMUSG00000073409	1475
ENSMUSG00000073411	13293
ENSMUSG00000073412	57
ENSMUSG00000073413	0
ENSMUSG00000073414	9
ENSMUSG00000073415	53
ENSMUSG00000073418	27026
ENSMUSG00000073420	0
ENSMUSG00000073421	1574
ENSMUSG00000073422	22
ENSMUSG00000073423	127
ENSMUSG00000073424	3509
ENSMUSG00000073427	48
ENSMUSG00000073430	0
ENSMUSG00000073433	0
ENSMUSG00000073434	287
ENSMUSG00000073435	660
ENSMUSG00000073436	648
ENSMUSG00000073437	12
ENSMUSG00000073448	4
ENSMUSG00000073457	0
ENSMUSG00000073458	0
ENSMUSG00000073460	142
ENSMUSG00000073468	85
ENSMUSG00000073471	19
ENSMUSG00000073478	78
ENSMUSG00000073481	11783
ENSMUSG00000073482	0
ENSMUSG00000073485	4
ENSMUSG00000073486	0
ENSMUSG00000073489	194
ENSMUSG00000073490	325
ENSMUSG00000073491	48
ENSMUSG00000073492	1
ENSMUSG00000073494	0
ENSMUSG00000073497	0
ENSMUSG00000073510	0
ENSMUSG00000073514	0
ENSMUSG00000073528	0
ENSMUSG00000073529	4
ENSMUSG00000073530	0
ENSMUSG00000073532	0
ENSMUSG00000073535	12
ENSMUSG00000073538	1
ENSMUSG00000073542	167
ENSMUSG00000073551	0
ENSMUSG00000073554	0
ENSMUSG00000073555	830
ENSMUSG00000073557	326
ENSMUSG00000073559	0
ENSMUSG00000073563	770
ENSMUSG00000073565	458
ENSMUSG00000073568	0
ENSMUSG00000073569	0
ENSMUSG00000073572	0
ENSMUSG00000073573	0
ENSMUSG00000073574	0
ENSMUSG00000073590	5
ENSMUSG00000073591	6
ENSMUSG00000073594	0
ENSMUSG00000073598	1
ENSMUSG00000073599	117
ENSMUSG00000073600	286
ENSMUSG00000073601	0
ENSMUSG00000073602	0
ENSMUSG00000073607	2
ENSMUSG00000073608	0
ENSMUSG00000073609	773
ENSMUSG00000073610	0
ENSMUSG00000073616	949
ENSMUSG00000073627	1
ENSMUSG00000073628	0
ENSMUSG00000073631	0
ENSMUSG00000073633	125
ENSMUSG00000073639	2504
ENSMUSG00000073640	0
ENSMUSG00000073643	857
ENSMUSG00000073647	13
ENSMUSG00000073650	5
ENSMUSG00000073652	4
ENSMUSG00000073656	0
ENSMUSG00000073658	0
ENSMUSG00000073664	487
ENSMUSG00000073676	142
ENSMUSG00000073678	437
ENSMUSG00000073679	0
ENSMUSG00000073680	72
ENSMUSG00000073682	0
ENSMUSG00000073684	469
ENSMUSG00000073686	0
ENSMUSG00000073699	0
ENSMUSG00000073700	769
ENSMUSG00000073702	144
ENSMUSG00000073705	9
ENSMUSG00000073716	0
ENSMUSG00000073721	0
ENSMUSG00000073722	0
ENSMUSG00000073723	0
ENSMUSG00000073724	0
ENSMUSG00000073725	1459
ENSMUSG00000073728	3
ENSMUSG00000073730	0
ENSMUSG00000073731	0
ENSMUSG00000073733	1
ENSMUSG00000073735	0
ENSMUSG00000073737	0
ENSMUSG00000073739	2
ENSMUSG00000073747	0
ENSMUSG00000073752	0
ENSMUSG00000073753	0
ENSMUSG00000073755	191
ENSMUSG00000073758	54
ENSMUSG00000073759	0
ENSMUSG00000073761	0
ENSMUSG00000073764	0
ENSMUSG00000073765	0
ENSMUSG00000073768	0
ENSMUSG00000073769	0
ENSMUSG00000073771	21
ENSMUSG00000073774	0
ENSMUSG00000073775	414
ENSMUSG00000073778	0
ENSMUSG00000073779	0
ENSMUSG00000073781	0
ENSMUSG00000073785	0
ENSMUSG00000073786	0
ENSMUSG00000073787	4
ENSMUSG00000073789	0
ENSMUSG00000073791	4
ENSMUSG00000073792	246
ENSMUSG00000073794	0
ENSMUSG00000073795	0
ENSMUSG00000073797	0
ENSMUSG00000073802	14
ENSMUSG00000073803	0
ENSMUSG00000073804	0
ENSMUSG00000073805	0
ENSMUSG00000073807	0
ENSMUSG00000073809	0
ENSMUSG00000073811	0
ENSMUSG00000073821	0
ENSMUSG00000073830	747
ENSMUSG00000073834	16095
ENSMUSG00000073835	39
ENSMUSG00000073838	15
ENSMUSG00000073840	0
ENSMUSG00000073842	4137
ENSMUSG00000073843	0
ENSMUSG00000073844	0
ENSMUSG00000073846	0
ENSMUSG00000073856	12
ENSMUSG00000073860	0
ENSMUSG00000073862	0
ENSMUSG00000073867	46
ENSMUSG00000073876	0
ENSMUSG00000073877	0
ENSMUSG00000073878	0
ENSMUSG00000073879	0
ENSMUSG00000073888	40
ENSMUSG00000073889	233
ENSMUSG00000073893	0
ENSMUSG00000073894	0
ENSMUSG00000073896	0
ENSMUSG00000073897	0
ENSMUSG00000073898	0
ENSMUSG00000073899	0
ENSMUSG00000073900	0
ENSMUSG00000073901	24
ENSMUSG00000073902	42
ENSMUSG00000073906	0
ENSMUSG00000073907	0
ENSMUSG00000073908	0
ENSMUSG00000073909	0
ENSMUSG00000073910	1082
ENSMUSG00000073913	0
ENSMUSG00000073914	0
ENSMUSG00000073915	0
ENSMUSG00000073916	0
ENSMUSG00000073917	0
ENSMUSG00000073920	0
ENSMUSG00000073922	0
ENSMUSG00000073923	0
ENSMUSG00000073924	0
ENSMUSG00000073925	0
ENSMUSG00000073926	0
ENSMUSG00000073927	0
ENSMUSG00000073928	0
ENSMUSG00000073929	0
ENSMUSG00000073931	0
ENSMUSG00000073932	0
ENSMUSG00000073937	0
ENSMUSG00000073938	0
ENSMUSG00000073940	898
ENSMUSG00000073943	0
ENSMUSG00000073944	0
ENSMUSG00000073945	0
ENSMUSG00000073946	0
ENSMUSG00000073947	0
ENSMUSG00000073948	0
ENSMUSG00000073949	0
ENSMUSG00000073950	0
ENSMUSG00000073951	0
ENSMUSG00000073952	0
ENSMUSG00000073953	0
ENSMUSG00000073954	0
ENSMUSG00000073955	0
ENSMUSG00000073956	0
ENSMUSG00000073959	0
ENSMUSG00000073960	0
ENSMUSG00000073961	0
ENSMUSG00000073962	0
ENSMUSG00000073963	0
ENSMUSG00000073964	0
ENSMUSG00000073965	0
ENSMUSG00000073966	0
ENSMUSG00000073967	0
ENSMUSG00000073968	136
ENSMUSG00000073969	0
ENSMUSG00000073970	0
ENSMUSG00000073971	0
ENSMUSG00000073972	0
ENSMUSG00000073973	0
ENSMUSG00000073974	0
ENSMUSG00000073975	0
ENSMUSG00000073976	0
ENSMUSG00000073977	0
ENSMUSG00000073978	0
ENSMUSG00000073979	0
ENSMUSG00000073980	0
ENSMUSG00000073982	465
ENSMUSG00000073985	1
ENSMUSG00000073987	483
ENSMUSG00000073988	10021
ENSMUSG00000073991	0
ENSMUSG00000073995	0
ENSMUSG00000073997	0
ENSMUSG00000073998	0
ENSMUSG00000074001	0
ENSMUSG00000074003	0
ENSMUSG00000074004	1
ENSMUSG00000074006	7
ENSMUSG00000074011	0
ENSMUSG00000074024	37
ENSMUSG00000074026	20
ENSMUSG00000074028	0
ENSMUSG00000074029	0
ENSMUSG00000074030	219
ENSMUSG00000074034	0
ENSMUSG00000074037	0
ENSMUSG00000074039	0
ENSMUSG00000074052	0
ENSMUSG00000074059	0
ENSMUSG00000074060	2
ENSMUSG00000074061	0
ENSMUSG00000074062	0
ENSMUSG00000074063	4146
ENSMUSG00000074064	2498
ENSMUSG00000074065	0
ENSMUSG00000074067	0
ENSMUSG00000074071	724
ENSMUSG00000074072	0
ENSMUSG00000074088	300
ENSMUSG00000074092	0
ENSMUSG00000074093	343
ENSMUSG00000074102	303
ENSMUSG00000074108	0
ENSMUSG00000074109	0
ENSMUSG00000074111	0
ENSMUSG00000074113	0
ENSMUSG00000074115	1278
ENSMUSG00000074121	1
ENSMUSG00000074123	0
ENSMUSG00000074127	0
ENSMUSG00000074128	0
ENSMUSG00000074129	414
ENSMUSG00000074136	4
ENSMUSG00000074139	0
ENSMUSG00000074141	24
ENSMUSG00000074146	0
ENSMUSG00000074149	0
ENSMUSG00000074151	1365
ENSMUSG00000074155	0
ENSMUSG00000074156	0
ENSMUSG00000074158	12
ENSMUSG00000074164	0
ENSMUSG00000074165	196
ENSMUSG00000074166	168
ENSMUSG00000074170	215
ENSMUSG00000074171	37
ENSMUSG00000074178	0
ENSMUSG00000074179	0
ENSMUSG00000074182	126
ENSMUSG00000074183	20
ENSMUSG00000074184	0
ENSMUSG00000074194	28
ENSMUSG00000074195	0
ENSMUSG00000074196	0
ENSMUSG00000074199	0
ENSMUSG00000074203	8
ENSMUSG00000074206	3
ENSMUSG00000074207	57789
ENSMUSG00000074210	9
ENSMUSG00000074211	404
ENSMUSG00000074212	475
ENSMUSG00000074213	55
ENSMUSG00000074215	10
ENSMUSG00000074217	2
ENSMUSG00000074218	56
ENSMUSG00000074219	214
ENSMUSG00000074220	3
ENSMUSG00000074221	333
ENSMUSG00000074224	0
ENSMUSG00000074227	2653
ENSMUSG00000074228	0
ENSMUSG00000074232	0
ENSMUSG00000074235	6
ENSMUSG00000074236	21
ENSMUSG00000074237	0
ENSMUSG00000074238	820
ENSMUSG00000074240	485
ENSMUSG00000074243	9
ENSMUSG00000074247	468
ENSMUSG00000074248	0
ENSMUSG00000074250	0
ENSMUSG00000074252	1
ENSMUSG00000074254	146
ENSMUSG00000074256	0
ENSMUSG00000074259	1
ENSMUSG00000074261	3
ENSMUSG00000074264	5746
ENSMUSG00000074268	0
ENSMUSG00000074269	121
ENSMUSG00000074272	1215
ENSMUSG00000074274	0
ENSMUSG00000074277	228
ENSMUSG00000074280	21
ENSMUSG00000074281	0
ENSMUSG00000074282	44
ENSMUSG00000074283	14
ENSMUSG00000074284	216
ENSMUSG00000074289	0
ENSMUSG00000074291	0
ENSMUSG00000074292	0
ENSMUSG00000074300	0
ENSMUSG00000074302	0
ENSMUSG00000074305	407
ENSMUSG00000074311	0
ENSMUSG00000074322	0
ENSMUSG00000074336	25572
ENSMUSG00000074340	52
ENSMUSG00000074342	28
ENSMUSG00000074343	0
ENSMUSG00000074344	0
ENSMUSG00000074345	31
ENSMUSG00000074346	0
ENSMUSG00000074354	0
ENSMUSG00000074355	17
ENSMUSG00000074357	2
ENSMUSG00000074358	163
ENSMUSG00000074359	0
ENSMUSG00000074361	46
ENSMUSG00000074364	88
ENSMUSG00000074365	0
ENSMUSG00000074366	0
ENSMUSG00000074369	0
ENSMUSG00000074373	0
ENSMUSG00000074375	0
ENSMUSG00000074377	0
ENSMUSG00000074378	0
ENSMUSG00000074384	14
ENSMUSG00000074385	0
ENSMUSG00000074388	1
ENSMUSG00000074397	0
ENSMUSG00000074398	5
ENSMUSG00000074401	0
ENSMUSG00000074402	0
ENSMUSG00000074403	0
ENSMUSG00000074404	0
ENSMUSG00000074405	275
ENSMUSG00000074406	191
ENSMUSG00000074412	0
ENSMUSG00000074415	43
ENSMUSG00000074417	0
ENSMUSG00000074418	0
ENSMUSG00000074419	1
ENSMUSG00000074420	0
ENSMUSG00000074424	0
ENSMUSG00000074433	0
ENSMUSG00000074434	0
ENSMUSG00000074435	0
ENSMUSG00000074436	0
ENSMUSG00000074437	0
ENSMUSG00000074439	0
ENSMUSG00000074440	0
ENSMUSG00000074441	0
ENSMUSG00000074442	0
ENSMUSG00000074443	0
ENSMUSG00000074444	0
ENSMUSG00000074445	0
ENSMUSG00000074446	0
ENSMUSG00000074447	0
ENSMUSG00000074448	0
ENSMUSG00000074449	0
ENSMUSG00000074452	1
ENSMUSG00000074454	0
ENSMUSG00000074457	588
ENSMUSG00000074461	12
ENSMUSG00000074465	0
ENSMUSG00000074466	182
ENSMUSG00000074467	0
ENSMUSG00000074469	4
ENSMUSG00000074472	34
ENSMUSG00000074473	0
ENSMUSG00000074476	351
ENSMUSG00000074479	226
ENSMUSG00000074480	2
ENSMUSG00000074482	26
ENSMUSG00000074483	0
ENSMUSG00000074485	0
ENSMUSG00000074486	0
ENSMUSG00000074489	29
ENSMUSG00000074491	2046
ENSMUSG00000074497	3
ENSMUSG00000074500	6
ENSMUSG00000074501	0
ENSMUSG00000074502	0
ENSMUSG00000074505	0
ENSMUSG00000074506	0
ENSMUSG00000074507	0
ENSMUSG00000074508	0
ENSMUSG00000074513	244
ENSMUSG00000074516	0
ENSMUSG00000074517	0
ENSMUSG00000074519	10
ENSMUSG00000074521	1
ENSMUSG00000074527	0
ENSMUSG00000074529	0
ENSMUSG00000074547	0
ENSMUSG00000074553	2
ENSMUSG00000074555	0
ENSMUSG00000074564	0
ENSMUSG00000074569	0
ENSMUSG00000074570	3
ENSMUSG00000074575	0
ENSMUSG00000074576	157
ENSMUSG00000074577	141
ENSMUSG00000074578	326
ENSMUSG00000074579	5
ENSMUSG00000074580	7
ENSMUSG00000074582	1255
ENSMUSG00000074589	0
ENSMUSG00000074591	19
ENSMUSG00000074593	0
ENSMUSG00000074594	0
ENSMUSG00000074595	0
ENSMUSG00000074596	0
ENSMUSG00000074603	0
ENSMUSG00000074604	3
ENSMUSG00000074607	23
ENSMUSG00000074619	1
ENSMUSG00000074620	0
ENSMUSG00000074622	2267
ENSMUSG00000074623	44
ENSMUSG00000074625	0
ENSMUSG00000074627	0
ENSMUSG00000074628	0
ENSMUSG00000074629	4
ENSMUSG00000074634	324
ENSMUSG00000074635	22
ENSMUSG00000074637	0
ENSMUSG00000074639	5655
ENSMUSG00000074643	0
ENSMUSG00000074646	29
ENSMUSG00000074647	0
ENSMUSG00000074649	445
ENSMUSG00000074650	0
ENSMUSG00000074651	0
ENSMUSG00000074652	2
ENSMUSG00000074653	0
ENSMUSG00000074655	0
ENSMUSG00000074656	887
ENSMUSG00000074657	147
ENSMUSG00000074664	0
ENSMUSG00000074665	0
ENSMUSG00000074671	10
ENSMUSG00000074673	1
ENSMUSG00000074676	17
ENSMUSG00000074677	10
ENSMUSG00000074678	2
ENSMUSG00000074679	0
ENSMUSG00000074680	0
ENSMUSG00000074681	0
ENSMUSG00000074682	15
ENSMUSG00000074695	0
ENSMUSG00000074698	2233
ENSMUSG00000074704	0
ENSMUSG00000074715	7
ENSMUSG00000074720	0
ENSMUSG00000074731	0
ENSMUSG00000074733	324
ENSMUSG00000074734	0
ENSMUSG00000074735	0
ENSMUSG00000074736	0
ENSMUSG00000074737	0
ENSMUSG00000074738	21
ENSMUSG00000074739	0
ENSMUSG00000074743	69
ENSMUSG00000074746	624
ENSMUSG00000074748	2276
ENSMUSG00000074749	309
ENSMUSG00000074753	0
ENSMUSG00000074754	364
ENSMUSG00000074758	0
ENSMUSG00000074763	0
ENSMUSG00000074764	0
ENSMUSG00000074766	0
ENSMUSG00000074768	193
ENSMUSG00000074771	0
ENSMUSG00000074776	0
ENSMUSG00000074780	1
ENSMUSG00000074781	203
ENSMUSG00000074782	28
ENSMUSG00000074783	0
ENSMUSG00000074785	374
ENSMUSG00000074793	85
ENSMUSG00000074794	6614
ENSMUSG00000074796	15
ENSMUSG00000074797	247
ENSMUSG00000074800	0
ENSMUSG00000074802	162
ENSMUSG00000074804	0
ENSMUSG00000074805	0
ENSMUSG00000074807	117
ENSMUSG00000074811	101
ENSMUSG00000074812	0
ENSMUSG00000074813	15
ENSMUSG00000074817	22
ENSMUSG00000074818	9
ENSMUSG00000074824	19
ENSMUSG00000074825	106
ENSMUSG00000074826	14
ENSMUSG00000074829	457
ENSMUSG00000074830	0
ENSMUSG00000074832	0
ENSMUSG00000074837	0
ENSMUSG00000074841	0
ENSMUSG00000074846	0
ENSMUSG00000074847	0
ENSMUSG00000074849	0
ENSMUSG00000074852	2
ENSMUSG00000074862	39
ENSMUSG00000074863	13
ENSMUSG00000074865	2
ENSMUSG00000074867	4
ENSMUSG00000074868	0
ENSMUSG00000074870	0
ENSMUSG00000074871	0
ENSMUSG00000074872	0
ENSMUSG00000074873	93
ENSMUSG00000074874	0
ENSMUSG00000074876	26
ENSMUSG00000074877	0
ENSMUSG00000074881	0
ENSMUSG00000074882	1762
ENSMUSG00000074884	678
ENSMUSG00000074885	0
ENSMUSG00000074886	440
ENSMUSG00000074887	1
ENSMUSG00000074890	245
ENSMUSG00000074892	4
ENSMUSG00000074895	0
ENSMUSG00000074896	413
ENSMUSG00000074899	0
ENSMUSG00000074903	1
ENSMUSG00000074909	433
ENSMUSG00000074912	5
ENSMUSG00000074913	0
ENSMUSG00000074916	61
ENSMUSG00000074918	361
ENSMUSG00000074919	0
ENSMUSG00000074922	123
ENSMUSG00000074923	18
ENSMUSG00000074925	13
ENSMUSG00000074928	0
ENSMUSG00000074930	0
ENSMUSG00000074934	0
ENSMUSG00000074939	0
ENSMUSG00000074945	0
ENSMUSG00000074946	0
ENSMUSG00000074947	0
ENSMUSG00000074952	0
ENSMUSG00000074955	0
ENSMUSG00000074965	0
ENSMUSG00000074966	0
ENSMUSG00000074968	0
ENSMUSG00000074970	0
ENSMUSG00000074971	8
ENSMUSG00000074973	0
ENSMUSG00000074978	0
ENSMUSG00000074981	0
ENSMUSG00000074987	0
ENSMUSG00000074991	0
ENSMUSG00000074994	380
ENSMUSG00000074995	0
ENSMUSG00000074996	0
ENSMUSG00000074997	1
ENSMUSG00000074999	0
ENSMUSG00000075000	196
ENSMUSG00000075002	0
ENSMUSG00000075006	0
ENSMUSG00000075010	3995
ENSMUSG00000075012	1
ENSMUSG00000075014	0
ENSMUSG00000075015	0
ENSMUSG00000075020	3
ENSMUSG00000075023	0
ENSMUSG00000075024	0
ENSMUSG00000075025	26
ENSMUSG00000075027	0
ENSMUSG00000075028	31
ENSMUSG00000075029	0
ENSMUSG00000075031	1
ENSMUSG00000075033	30
ENSMUSG00000075036	0
ENSMUSG00000075040	352
ENSMUSG00000075042	0
ENSMUSG00000075044	25
ENSMUSG00000075045	0
ENSMUSG00000075046	0
ENSMUSG00000075053	64
ENSMUSG00000075054	178
ENSMUSG00000075061	0
ENSMUSG00000075062	0
ENSMUSG00000075063	0
ENSMUSG00000075064	0
ENSMUSG00000075065	0
ENSMUSG00000075066	0
ENSMUSG00000075067	0
ENSMUSG00000075068	0
ENSMUSG00000075069	0
ENSMUSG00000075070	0
ENSMUSG00000075072	0
ENSMUSG00000075073	0
ENSMUSG00000075074	0
ENSMUSG00000075075	0
ENSMUSG00000075078	0
ENSMUSG00000075079	0
ENSMUSG00000075081	0
ENSMUSG00000075084	0
ENSMUSG00000075085	0
ENSMUSG00000075086	0
ENSMUSG00000075088	0
ENSMUSG00000075090	0
ENSMUSG00000075091	0
ENSMUSG00000075092	0
ENSMUSG00000075093	0
ENSMUSG00000075094	0
ENSMUSG00000075095	0
ENSMUSG00000075097	0
ENSMUSG00000075099	0
ENSMUSG00000075100	0
ENSMUSG00000075101	0
ENSMUSG00000075102	0
ENSMUSG00000075104	0
ENSMUSG00000075105	0
ENSMUSG00000075107	0
ENSMUSG00000075110	0
ENSMUSG00000075111	0
ENSMUSG00000075112	0
ENSMUSG00000075113	0
ENSMUSG00000075114	0
ENSMUSG00000075115	0
ENSMUSG00000075117	0
ENSMUSG00000075119	0
ENSMUSG00000075120	0
ENSMUSG00000075121	0
ENSMUSG00000075122	7
ENSMUSG00000075125	0
ENSMUSG00000075126	0
ENSMUSG00000075127	0
ENSMUSG00000075128	0
ENSMUSG00000075132	0
ENSMUSG00000075133	0
ENSMUSG00000075136	0
ENSMUSG00000075137	0
ENSMUSG00000075139	0
ENSMUSG00000075140	0
ENSMUSG00000075141	0
ENSMUSG00000075142	0
ENSMUSG00000075143	0
ENSMUSG00000075144	0
ENSMUSG00000075145	0
ENSMUSG00000075146	0
ENSMUSG00000075148	0
ENSMUSG00000075149	0
ENSMUSG00000075150	0
ENSMUSG00000075151	0
ENSMUSG00000075153	0
ENSMUSG00000075155	0
ENSMUSG00000075156	0
ENSMUSG00000075158	0
ENSMUSG00000075159	0
ENSMUSG00000075160	0
ENSMUSG00000075161	0
ENSMUSG00000075162	2
ENSMUSG00000075163	0
ENSMUSG00000075164	0
ENSMUSG00000075165	0
ENSMUSG00000075166	0
ENSMUSG00000075167	0
ENSMUSG00000075168	0
ENSMUSG00000075169	0
ENSMUSG00000075170	0
ENSMUSG00000075171	0
ENSMUSG00000075172	0
ENSMUSG00000075174	0
ENSMUSG00000075175	0
ENSMUSG00000075176	0
ENSMUSG00000075179	0
ENSMUSG00000075181	0
ENSMUSG00000075184	1
ENSMUSG00000075185	0
ENSMUSG00000075186	0
ENSMUSG00000075187	0
ENSMUSG00000075188	0
ENSMUSG00000075189	0
ENSMUSG00000075190	0
ENSMUSG00000075192	0
ENSMUSG00000075193	0
ENSMUSG00000075194	0
ENSMUSG00000075195	0
ENSMUSG00000075196	0
ENSMUSG00000075197	0
ENSMUSG00000075198	0
ENSMUSG00000075199	0
ENSMUSG00000075200	0
ENSMUSG00000075201	0
ENSMUSG00000075202	0
ENSMUSG00000075203	0
ENSMUSG00000075204	0
ENSMUSG00000075205	0
ENSMUSG00000075206	0
ENSMUSG00000075208	0
ENSMUSG00000075209	0
ENSMUSG00000075210	0
ENSMUSG00000075211	0
ENSMUSG00000075212	0
ENSMUSG00000075214	0
ENSMUSG00000075215	0
ENSMUSG00000075217	0
ENSMUSG00000075218	0
ENSMUSG00000075219	0
ENSMUSG00000075220	0
ENSMUSG00000075221	0
ENSMUSG00000075222	0
ENSMUSG00000075223	0
ENSMUSG00000075224	0
ENSMUSG00000075225	93
ENSMUSG00000075227	588
ENSMUSG00000075228	0
ENSMUSG00000075229	611
ENSMUSG00000075232	107
ENSMUSG00000075245	0
ENSMUSG00000075249	0
ENSMUSG00000075254	398
ENSMUSG00000075256	15
ENSMUSG00000075265	0
ENSMUSG00000075266	44
ENSMUSG00000075267	0
ENSMUSG00000075268	2
ENSMUSG00000075269	0
ENSMUSG00000075270	0
ENSMUSG00000075271	21
ENSMUSG00000075272	2
ENSMUSG00000075273	134
ENSMUSG00000075276	0
ENSMUSG00000075277	0
ENSMUSG00000075279	143
ENSMUSG00000075284	197
ENSMUSG00000075286	0
ENSMUSG00000075288	6
ENSMUSG00000075289	70
ENSMUSG00000075296	1
ENSMUSG00000075297	0
ENSMUSG00000075302	0
ENSMUSG00000075304	60
ENSMUSG00000075307	1
ENSMUSG00000075312	20
ENSMUSG00000075314	0
ENSMUSG00000075316	0
ENSMUSG00000075318	0
ENSMUSG00000075324	260
ENSMUSG00000075325	0
ENSMUSG00000075327	108
ENSMUSG00000075330	0
ENSMUSG00000075334	0
ENSMUSG00000075335	0
ENSMUSG00000075359	0
ENSMUSG00000075370	0
ENSMUSG00000075376	600
ENSMUSG00000075377	0
ENSMUSG00000075378	0
ENSMUSG00000075379	0
ENSMUSG00000075380	0
ENSMUSG00000075382	0
ENSMUSG00000075383	0
ENSMUSG00000075384	0
ENSMUSG00000075387	0
ENSMUSG00000075389	25
ENSMUSG00000075390	0
ENSMUSG00000075391	159
ENSMUSG00000075394	1
ENSMUSG00000075395	0
ENSMUSG00000075402	0
ENSMUSG00000075405	0
ENSMUSG00000075408	0
ENSMUSG00000075410	11
ENSMUSG00000075415	865
ENSMUSG00000075416	0
ENSMUSG00000075419	363
ENSMUSG00000075420	44
ENSMUSG00000075425	0
ENSMUSG00000075427	0
ENSMUSG00000075431	0
ENSMUSG00000075437	1
ENSMUSG00000075463	27
ENSMUSG00000075465	0
ENSMUSG00000075467	495
ENSMUSG00000075469	0
ENSMUSG00000075470	95
ENSMUSG00000075478	0
ENSMUSG00000075480	0
ENSMUSG00000075485	0
ENSMUSG00000075486	925
ENSMUSG00000075502	1
ENSMUSG00000075510	0
ENSMUSG00000075511	24
ENSMUSG00000075512	0
ENSMUSG00000075514	54
ENSMUSG00000075517	1585
ENSMUSG00000075520	0
ENSMUSG00000075524	0
ENSMUSG00000075525	0
ENSMUSG00000075528	0
ENSMUSG00000075534	0
ENSMUSG00000075538	0
ENSMUSG00000075543	259
ENSMUSG00000075549	0
ENSMUSG00000075551	0
ENSMUSG00000075552	0
ENSMUSG00000075553	0
ENSMUSG00000075555	0
ENSMUSG00000075558	0
ENSMUSG00000075566	0
ENSMUSG00000075567	0
ENSMUSG00000075569	10
ENSMUSG00000075570	0
ENSMUSG00000075571	0
ENSMUSG00000075572	0
ENSMUSG00000075573	0
ENSMUSG00000075574	0
ENSMUSG00000075576	3
ENSMUSG00000075581	0
ENSMUSG00000075585	32
ENSMUSG00000075586	0
ENSMUSG00000075587	0
ENSMUSG00000075588	17
ENSMUSG00000075589	1
ENSMUSG00000075590	3674
ENSMUSG00000075591	0
ENSMUSG00000075592	51
ENSMUSG00000075593	0
ENSMUSG00000075595	867
ENSMUSG00000075596	4
ENSMUSG00000075598	0
ENSMUSG00000075599	0
ENSMUSG00000075600	25
ENSMUSG00000075602	323
ENSMUSG00000075604	0
ENSMUSG00000075605	0
ENSMUSG00000075609	9
ENSMUSG00000075610	0
ENSMUSG00000075611	0
ENSMUSG00000075700	1486
ENSMUSG00000075701	1998
ENSMUSG00000075702	81
ENSMUSG00000075703	1427
ENSMUSG00000075704	1180
ENSMUSG00000075705	10708
ENSMUSG00000075706	651
ENSMUSG00000075707	1
ENSMUSG00000075719	0
ENSMUSG00000075726	0
ENSMUSG00000075760	0
ENSMUSG00000075770	0
ENSMUSG00000075826	0
ENSMUSG00000075829	0
ENSMUSG00000075832	0
ENSMUSG00000075833	0
ENSMUSG00000075837	0
ENSMUSG00000075864	0
ENSMUSG00000075874	0
ENSMUSG00000075893	0
ENSMUSG00000075903	0
ENSMUSG00000075906	0
ENSMUSG00000075908	0
ENSMUSG00000075918	0
ENSMUSG00000075934	0
ENSMUSG00000075952	0
ENSMUSG00000075958	0
ENSMUSG00000075968	0
ENSMUSG00000075973	0
ENSMUSG00000075983	0
ENSMUSG00000076005	0
ENSMUSG00000076006	0
ENSMUSG00000076009	0
ENSMUSG00000076010	0
ENSMUSG00000076011	0
ENSMUSG00000076012	0
ENSMUSG00000076014	0
ENSMUSG00000076028	0
ENSMUSG00000076030	0
ENSMUSG00000076031	0
ENSMUSG00000076033	0
ENSMUSG00000076036	0
ENSMUSG00000076037	0
ENSMUSG00000076038	0
ENSMUSG00000076039	1
ENSMUSG00000076041	0
ENSMUSG00000076042	0
ENSMUSG00000076049	0
ENSMUSG00000076050	0
ENSMUSG00000076051	0
ENSMUSG00000076052	0
ENSMUSG00000076060	0
ENSMUSG00000076062	0
ENSMUSG00000076063	0
ENSMUSG00000076064	0
ENSMUSG00000076065	0
ENSMUSG00000076066	0
ENSMUSG00000076067	0
ENSMUSG00000076068	0
ENSMUSG00000076117	0
ENSMUSG00000076118	0
ENSMUSG00000076119	0
ENSMUSG00000076120	0
ENSMUSG00000076121	0
ENSMUSG00000076122	0
ENSMUSG00000076123	0
ENSMUSG00000076126	0
ENSMUSG00000076127	0
ENSMUSG00000076128	0
ENSMUSG00000076129	0
ENSMUSG00000076135	0
ENSMUSG00000076136	0
ENSMUSG00000076137	1
ENSMUSG00000076138	0
ENSMUSG00000076140	0
ENSMUSG00000076141	0
ENSMUSG00000076142	0
ENSMUSG00000076143	0
ENSMUSG00000076144	0
ENSMUSG00000076145	0
ENSMUSG00000076146	0
ENSMUSG00000076147	0
ENSMUSG00000076163	0
ENSMUSG00000076180	0
ENSMUSG00000076190	0
ENSMUSG00000076199	0
ENSMUSG00000076212	0
ENSMUSG00000076214	0
ENSMUSG00000076216	0
ENSMUSG00000076217	0
ENSMUSG00000076218	0
ENSMUSG00000076219	0
ENSMUSG00000076222	0
ENSMUSG00000076227	0
ENSMUSG00000076228	0
ENSMUSG00000076229	0
ENSMUSG00000076230	0
ENSMUSG00000076231	0
ENSMUSG00000076232	0
ENSMUSG00000076233	0
ENSMUSG00000076234	0
ENSMUSG00000076236	0
ENSMUSG00000076237	0
ENSMUSG00000076238	0
ENSMUSG00000076240	0
ENSMUSG00000076241	0
ENSMUSG00000076246	0
ENSMUSG00000076251	0
ENSMUSG00000076252	0
ENSMUSG00000076253	0
ENSMUSG00000076255	0
ENSMUSG00000076256	0
ENSMUSG00000076258	0
ENSMUSG00000076269	0
ENSMUSG00000076270	0
ENSMUSG00000076271	1
ENSMUSG00000076272	0
ENSMUSG00000076274	0
ENSMUSG00000076275	0
ENSMUSG00000076281	0
ENSMUSG00000076282	0
ENSMUSG00000076284	0
ENSMUSG00000076286	0
ENSMUSG00000076287	0
ENSMUSG00000076288	0
ENSMUSG00000076294	0
ENSMUSG00000076300	0
ENSMUSG00000076303	0
ENSMUSG00000076304	0
ENSMUSG00000076305	0
ENSMUSG00000076309	0
ENSMUSG00000076312	0
ENSMUSG00000076313	0
ENSMUSG00000076315	0
ENSMUSG00000076316	0
ENSMUSG00000076318	0
ENSMUSG00000076320	0
ENSMUSG00000076323	0
ENSMUSG00000076327	0
ENSMUSG00000076332	0
ENSMUSG00000076333	0
ENSMUSG00000076335	0
ENSMUSG00000076337	0
ENSMUSG00000076338	0
ENSMUSG00000076343	0
ENSMUSG00000076355	0
ENSMUSG00000076357	0
ENSMUSG00000076360	0
ENSMUSG00000076361	0
ENSMUSG00000076364	0
ENSMUSG00000076366	0
ENSMUSG00000076370	0
ENSMUSG00000076371	0
ENSMUSG00000076372	0
ENSMUSG00000076376	0
ENSMUSG00000076377	0
ENSMUSG00000076379	0
ENSMUSG00000076382	0
ENSMUSG00000076385	0
ENSMUSG00000076387	0
ENSMUSG00000076389	0
ENSMUSG00000076392	0
ENSMUSG00000076394	0
ENSMUSG00000076395	0
ENSMUSG00000076396	0
ENSMUSG00000076398	0
ENSMUSG00000076399	0
ENSMUSG00000076407	0
ENSMUSG00000076424	0
ENSMUSG00000076430	0
ENSMUSG00000076431	64
ENSMUSG00000076432	560
ENSMUSG00000076433	1
ENSMUSG00000076434	0
ENSMUSG00000076435	1200
ENSMUSG00000076436	0
ENSMUSG00000076437	166
ENSMUSG00000076438	0
ENSMUSG00000076439	0
ENSMUSG00000076441	8136
ENSMUSG00000076444	0
ENSMUSG00000076445	0
ENSMUSG00000076448	0
ENSMUSG00000076450	0
ENSMUSG00000076451	0
ENSMUSG00000076453	0
ENSMUSG00000076454	0
ENSMUSG00000076455	0
ENSMUSG00000076456	0
ENSMUSG00000076457	0
ENSMUSG00000076458	0
ENSMUSG00000076459	0
ENSMUSG00000076460	0
ENSMUSG00000076461	1
ENSMUSG00000076462	0
ENSMUSG00000076463	1
ENSMUSG00000076465	0
ENSMUSG00000076467	0
ENSMUSG00000076469	9
ENSMUSG00000076470	2
ENSMUSG00000076471	0
ENSMUSG00000076472	0
ENSMUSG00000076473	0
ENSMUSG00000076474	1
ENSMUSG00000076475	0
ENSMUSG00000076476	0
ENSMUSG00000076477	0
ENSMUSG00000076478	0
ENSMUSG00000076479	0
ENSMUSG00000076480	0
ENSMUSG00000076481	0
ENSMUSG00000076483	0
ENSMUSG00000076484	0
ENSMUSG00000076485	0
ENSMUSG00000076486	0
ENSMUSG00000076487	0
ENSMUSG00000076488	0
ENSMUSG00000076489	0
ENSMUSG00000076490	8
ENSMUSG00000076492	0
ENSMUSG00000076493	0
ENSMUSG00000076494	0
ENSMUSG00000076495	0
ENSMUSG00000076496	0
ENSMUSG00000076497	0
ENSMUSG00000076498	17
ENSMUSG00000076499	0
ENSMUSG00000076500	0
ENSMUSG00000076501	0
ENSMUSG00000076505	0
ENSMUSG00000076508	0
ENSMUSG00000076512	0
ENSMUSG00000076514	0
ENSMUSG00000076518	0
ENSMUSG00000076522	3
ENSMUSG00000076523	2
ENSMUSG00000076525	0
ENSMUSG00000076526	3
ENSMUSG00000076530	0
ENSMUSG00000076531	0
ENSMUSG00000076532	1
ENSMUSG00000076533	0
ENSMUSG00000076534	2
ENSMUSG00000076535	0
ENSMUSG00000076536	0
ENSMUSG00000076538	0
ENSMUSG00000076539	0
ENSMUSG00000076540	1
ENSMUSG00000076541	0
ENSMUSG00000076543	0
ENSMUSG00000076545	5
ENSMUSG00000076547	0
ENSMUSG00000076548	0
ENSMUSG00000076549	1
ENSMUSG00000076550	7
ENSMUSG00000076552	0
ENSMUSG00000076555	0
ENSMUSG00000076556	0
ENSMUSG00000076557	0
ENSMUSG00000076562	0
ENSMUSG00000076563	1
ENSMUSG00000076564	0
ENSMUSG00000076569	15
ENSMUSG00000076570	0
ENSMUSG00000076571	0
ENSMUSG00000076572	0
ENSMUSG00000076573	0
ENSMUSG00000076575	0
ENSMUSG00000076576	2
ENSMUSG00000076577	6
ENSMUSG00000076578	0
ENSMUSG00000076580	5
ENSMUSG00000076581	0
ENSMUSG00000076583	4
ENSMUSG00000076586	1
ENSMUSG00000076587	1
ENSMUSG00000076589	0
ENSMUSG00000076591	0
ENSMUSG00000076594	0
ENSMUSG00000076596	9
ENSMUSG00000076598	1
ENSMUSG00000076604	8
ENSMUSG00000076605	18
ENSMUSG00000076606	0
ENSMUSG00000076607	0
ENSMUSG00000076608	0
ENSMUSG00000076609	2965
ENSMUSG00000076612	102
ENSMUSG00000076613	188
ENSMUSG00000076614	27
ENSMUSG00000076615	21
ENSMUSG00000076617	2399
ENSMUSG00000076618	0
ENSMUSG00000076619	0
ENSMUSG00000076620	0
ENSMUSG00000076621	2
ENSMUSG00000076630	0
ENSMUSG00000076632	0
ENSMUSG00000076633	0
ENSMUSG00000076646	0
ENSMUSG00000076652	0
ENSMUSG00000076653	0
ENSMUSG00000076655	0
ENSMUSG00000076661	0
ENSMUSG00000076665	0
ENSMUSG00000076666	0
ENSMUSG00000076668	0
ENSMUSG00000076670	0
ENSMUSG00000076671	0
ENSMUSG00000076672	4
ENSMUSG00000076674	0
ENSMUSG00000076676	0
ENSMUSG00000076677	1
ENSMUSG00000076680	0
ENSMUSG00000076688	0
ENSMUSG00000076695	1
ENSMUSG00000076709	0
ENSMUSG00000076710	0
ENSMUSG00000076731	0
ENSMUSG00000076733	0
ENSMUSG00000076744	0
ENSMUSG00000076745	0
ENSMUSG00000076746	0
ENSMUSG00000076747	0
ENSMUSG00000076749	4
ENSMUSG00000076750	0
ENSMUSG00000076752	10
ENSMUSG00000076754	1
ENSMUSG00000076755	0
ENSMUSG00000076757	5
ENSMUSG00000076758	0
ENSMUSG00000076759	0
ENSMUSG00000076760	0
ENSMUSG00000076761	0
ENSMUSG00000076762	0
ENSMUSG00000076764	0
ENSMUSG00000076770	0
ENSMUSG00000076778	0
ENSMUSG00000076795	0
ENSMUSG00000076796	0
ENSMUSG00000076800	0
ENSMUSG00000076802	0
ENSMUSG00000076821	0
ENSMUSG00000076822	0
ENSMUSG00000076823	0
ENSMUSG00000076824	0
ENSMUSG00000076826	0
ENSMUSG00000076831	0
ENSMUSG00000076839	0
ENSMUSG00000076840	0
ENSMUSG00000076846	0
ENSMUSG00000076848	0
ENSMUSG00000076855	0
ENSMUSG00000076858	0
ENSMUSG00000076861	0
ENSMUSG00000076862	0
ENSMUSG00000076863	1
ENSMUSG00000076864	0
ENSMUSG00000076865	0
ENSMUSG00000076866	0
ENSMUSG00000076867	0
ENSMUSG00000076870	0
ENSMUSG00000076871	0
ENSMUSG00000076873	0
ENSMUSG00000076874	0
ENSMUSG00000076875	0
ENSMUSG00000076876	0
ENSMUSG00000076877	0
ENSMUSG00000076878	0
ENSMUSG00000076879	0
ENSMUSG00000076880	0
ENSMUSG00000076881	0
ENSMUSG00000076882	0
ENSMUSG00000076883	0
ENSMUSG00000076884	0
ENSMUSG00000076885	0
ENSMUSG00000076886	0
ENSMUSG00000076887	0
ENSMUSG00000076888	0
ENSMUSG00000076889	0
ENSMUSG00000076890	0
ENSMUSG00000076891	0
ENSMUSG00000076892	0
ENSMUSG00000076893	0
ENSMUSG00000076894	0
ENSMUSG00000076895	0
ENSMUSG00000076896	0
ENSMUSG00000076897	0
ENSMUSG00000076898	0
ENSMUSG00000076899	0
ENSMUSG00000076900	0
ENSMUSG00000076901	0
ENSMUSG00000076902	0
ENSMUSG00000076903	0
ENSMUSG00000076904	0
ENSMUSG00000076905	0
ENSMUSG00000076906	0
ENSMUSG00000076907	0
ENSMUSG00000076908	0
ENSMUSG00000076909	0
ENSMUSG00000076910	0
ENSMUSG00000076911	0
ENSMUSG00000076912	0
ENSMUSG00000076913	0
ENSMUSG00000076914	0
ENSMUSG00000076915	0
ENSMUSG00000076916	0
ENSMUSG00000076917	0
ENSMUSG00000076918	0
ENSMUSG00000076919	0
ENSMUSG00000076920	0
ENSMUSG00000076921	0
ENSMUSG00000076922	0
ENSMUSG00000076923	0
ENSMUSG00000076924	0
ENSMUSG00000076925	0
ENSMUSG00000076926	0
ENSMUSG00000076927	0
ENSMUSG00000076928	3
ENSMUSG00000076934	20
ENSMUSG00000076937	39
ENSMUSG00000076939	2
ENSMUSG00000076940	7
ENSMUSG00000076941	0
ENSMUSG00000076944	0
ENSMUSG00000076946	0
ENSMUSG00000076948	0
ENSMUSG00000076949	0
ENSMUSG00000076950	0
ENSMUSG00000076951	0
ENSMUSG00000076952	0
ENSMUSG00000076956	0
ENSMUSG00000076958	0
ENSMUSG00000076959	0
ENSMUSG00000076961	0
ENSMUSG00000076964	0
ENSMUSG00000076966	0
ENSMUSG00000076972	0
ENSMUSG00000076976	0
ENSMUSG00000076977	0
ENSMUSG00000076983	0
ENSMUSG00000076987	0
ENSMUSG00000076994	0
ENSMUSG00000076999	0
ENSMUSG00000077001	0
ENSMUSG00000077004	0
ENSMUSG00000077010	0
ENSMUSG00000077015	0
ENSMUSG00000077019	0
ENSMUSG00000077021	0
ENSMUSG00000077022	0
ENSMUSG00000077025	0
ENSMUSG00000077038	0
ENSMUSG00000077039	0
ENSMUSG00000077040	0
ENSMUSG00000077042	0
ENSMUSG00000077049	0
ENSMUSG00000077050	0
ENSMUSG00000077055	0
ENSMUSG00000077058	0
ENSMUSG00000077059	0
ENSMUSG00000077065	0
ENSMUSG00000077081	0
ENSMUSG00000077082	0
ENSMUSG00000077085	0
ENSMUSG00000077086	0
ENSMUSG00000077090	0
ENSMUSG00000077092	0
ENSMUSG00000077095	0
ENSMUSG00000077096	0
ENSMUSG00000077104	0
ENSMUSG00000077107	0
ENSMUSG00000077110	0
ENSMUSG00000077111	0
ENSMUSG00000077113	0
ENSMUSG00000077119	0
ENSMUSG00000077125	0
ENSMUSG00000077127	0
ENSMUSG00000077131	0
ENSMUSG00000077138	0
ENSMUSG00000077142	0
ENSMUSG00000077143	0
ENSMUSG00000077144	0
ENSMUSG00000077146	0
ENSMUSG00000077148	7
ENSMUSG00000077149	0
ENSMUSG00000077150	0
ENSMUSG00000077152	0
ENSMUSG00000077153	0
ENSMUSG00000077155	0
ENSMUSG00000077156	0
ENSMUSG00000077158	0
ENSMUSG00000077160	0
ENSMUSG00000077161	0
ENSMUSG00000077163	0
ENSMUSG00000077166	0
ENSMUSG00000077167	12
ENSMUSG00000077169	0
ENSMUSG00000077171	0
ENSMUSG00000077172	0
ENSMUSG00000077174	0
ENSMUSG00000077175	0
ENSMUSG00000077176	0
ENSMUSG00000077177	0
ENSMUSG00000077178	0
ENSMUSG00000077180	0
ENSMUSG00000077181	0
ENSMUSG00000077184	0
ENSMUSG00000077185	2
ENSMUSG00000077188	0
ENSMUSG00000077190	0
ENSMUSG00000077191	0
ENSMUSG00000077192	3
ENSMUSG00000077194	0
ENSMUSG00000077196	0
ENSMUSG00000077197	0
ENSMUSG00000077199	0
ENSMUSG00000077200	0
ENSMUSG00000077201	0
ENSMUSG00000077202	0
ENSMUSG00000077204	0
ENSMUSG00000077205	0
ENSMUSG00000077207	0
ENSMUSG00000077208	0
ENSMUSG00000077209	0
ENSMUSG00000077212	1
ENSMUSG00000077214	0
ENSMUSG00000077215	0
ENSMUSG00000077217	0
ENSMUSG00000077218	0
ENSMUSG00000077220	1
ENSMUSG00000077221	0
ENSMUSG00000077222	2
ENSMUSG00000077223	0
ENSMUSG00000077224	0
ENSMUSG00000077227	0
ENSMUSG00000077228	0
ENSMUSG00000077230	0
ENSMUSG00000077231	0
ENSMUSG00000077235	0
ENSMUSG00000077236	0
ENSMUSG00000077237	0
ENSMUSG00000077239	0
ENSMUSG00000077240	0
ENSMUSG00000077241	0
ENSMUSG00000077243	0
ENSMUSG00000077244	0
ENSMUSG00000077246	0
ENSMUSG00000077248	0
ENSMUSG00000077250	0
ENSMUSG00000077251	0
ENSMUSG00000077252	0
ENSMUSG00000077253	0
ENSMUSG00000077254	0
ENSMUSG00000077255	0
ENSMUSG00000077256	0
ENSMUSG00000077257	0
ENSMUSG00000077258	0
ENSMUSG00000077259	0
ENSMUSG00000077260	0
ENSMUSG00000077261	0
ENSMUSG00000077262	0
ENSMUSG00000077263	0
ENSMUSG00000077264	0
ENSMUSG00000077265	0
ENSMUSG00000077268	0
ENSMUSG00000077269	0
ENSMUSG00000077270	0
ENSMUSG00000077271	0
ENSMUSG00000077272	0
ENSMUSG00000077273	0
ENSMUSG00000077274	0
ENSMUSG00000077275	0
ENSMUSG00000077276	0
ENSMUSG00000077277	0
ENSMUSG00000077278	0
ENSMUSG00000077279	0
ENSMUSG00000077280	0
ENSMUSG00000077281	0
ENSMUSG00000077282	0
ENSMUSG00000077283	0
ENSMUSG00000077285	0
ENSMUSG00000077287	0
ENSMUSG00000077288	0
ENSMUSG00000077289	0
ENSMUSG00000077290	0
ENSMUSG00000077291	0
ENSMUSG00000077292	0
ENSMUSG00000077293	0
ENSMUSG00000077294	0
ENSMUSG00000077295	0
ENSMUSG00000077298	0
ENSMUSG00000077299	0
ENSMUSG00000077302	0
ENSMUSG00000077303	0
ENSMUSG00000077304	0
ENSMUSG00000077305	0
ENSMUSG00000077306	0
ENSMUSG00000077309	0
ENSMUSG00000077312	0
ENSMUSG00000077314	0
ENSMUSG00000077315	0
ENSMUSG00000077316	0
ENSMUSG00000077317	0
ENSMUSG00000077318	0
ENSMUSG00000077320	0
ENSMUSG00000077323	0
ENSMUSG00000077325	0
ENSMUSG00000077327	0
ENSMUSG00000077328	0
ENSMUSG00000077332	0
ENSMUSG00000077333	0
ENSMUSG00000077334	0
ENSMUSG00000077336	0
ENSMUSG00000077337	0
ENSMUSG00000077338	0
ENSMUSG00000077339	0
ENSMUSG00000077342	0
ENSMUSG00000077344	0
ENSMUSG00000077345	0
ENSMUSG00000077347	0
ENSMUSG00000077348	0
ENSMUSG00000077349	0
ENSMUSG00000077350	0
ENSMUSG00000077351	0
ENSMUSG00000077354	0
ENSMUSG00000077356	0
ENSMUSG00000077357	0
ENSMUSG00000077358	0
ENSMUSG00000077359	0
ENSMUSG00000077360	1
ENSMUSG00000077361	0
ENSMUSG00000077366	0
ENSMUSG00000077367	0
ENSMUSG00000077368	0
ENSMUSG00000077369	0
ENSMUSG00000077376	0
ENSMUSG00000077377	0
ENSMUSG00000077378	0
ENSMUSG00000077379	0
ENSMUSG00000077380	0
ENSMUSG00000077381	0
ENSMUSG00000077382	0
ENSMUSG00000077383	0
ENSMUSG00000077384	0
ENSMUSG00000077385	0
ENSMUSG00000077387	0
ENSMUSG00000077391	1
ENSMUSG00000077392	0
ENSMUSG00000077393	0
ENSMUSG00000077394	0
ENSMUSG00000077396	0
ENSMUSG00000077397	0
ENSMUSG00000077398	0
ENSMUSG00000077399	0
ENSMUSG00000077400	0
ENSMUSG00000077401	0
ENSMUSG00000077402	0
ENSMUSG00000077403	0
ENSMUSG00000077404	0
ENSMUSG00000077406	0
ENSMUSG00000077407	0
ENSMUSG00000077408	0
ENSMUSG00000077409	0
ENSMUSG00000077410	0
ENSMUSG00000077411	0
ENSMUSG00000077413	0
ENSMUSG00000077415	0
ENSMUSG00000077416	0
ENSMUSG00000077417	0
ENSMUSG00000077418	0
ENSMUSG00000077419	0
ENSMUSG00000077420	0
ENSMUSG00000077421	0
ENSMUSG00000077422	0
ENSMUSG00000077424	0
ENSMUSG00000077425	0
ENSMUSG00000077426	3
ENSMUSG00000077427	0
ENSMUSG00000077428	0
ENSMUSG00000077430	0
ENSMUSG00000077431	0
ENSMUSG00000077433	0
ENSMUSG00000077435	0
ENSMUSG00000077437	0
ENSMUSG00000077438	0
ENSMUSG00000077439	0
ENSMUSG00000077440	0
ENSMUSG00000077441	0
ENSMUSG00000077442	0
ENSMUSG00000077443	0
ENSMUSG00000077445	0
ENSMUSG00000077447	0
ENSMUSG00000077448	0
ENSMUSG00000077449	1
ENSMUSG00000077450	527
ENSMUSG00000077451	0
ENSMUSG00000077453	0
ENSMUSG00000077454	0
ENSMUSG00000077455	0
ENSMUSG00000077456	0
ENSMUSG00000077457	0
ENSMUSG00000077459	0
ENSMUSG00000077460	0
ENSMUSG00000077461	0
ENSMUSG00000077462	0
ENSMUSG00000077463	0
ENSMUSG00000077464	0
ENSMUSG00000077465	0
ENSMUSG00000077467	0
ENSMUSG00000077468	0
ENSMUSG00000077469	0
ENSMUSG00000077470	0
ENSMUSG00000077471	0
ENSMUSG00000077472	0
ENSMUSG00000077473	0
ENSMUSG00000077474	0
ENSMUSG00000077476	0
ENSMUSG00000077477	0
ENSMUSG00000077480	0
ENSMUSG00000077481	0
ENSMUSG00000077483	0
ENSMUSG00000077484	0
ENSMUSG00000077485	0
ENSMUSG00000077487	0
ENSMUSG00000077488	0
ENSMUSG00000077492	0
ENSMUSG00000077493	0
ENSMUSG00000077494	0
ENSMUSG00000077495	0
ENSMUSG00000077497	0
ENSMUSG00000077499	0
ENSMUSG00000077501	0
ENSMUSG00000077502	0
ENSMUSG00000077503	0
ENSMUSG00000077504	0
ENSMUSG00000077505	0
ENSMUSG00000077506	0
ENSMUSG00000077507	0
ENSMUSG00000077511	0
ENSMUSG00000077514	0
ENSMUSG00000077515	0
ENSMUSG00000077516	0
ENSMUSG00000077517	0
ENSMUSG00000077518	0
ENSMUSG00000077519	0
ENSMUSG00000077521	0
ENSMUSG00000077522	0
ENSMUSG00000077524	0
ENSMUSG00000077526	0
ENSMUSG00000077527	0
ENSMUSG00000077528	0
ENSMUSG00000077535	0
ENSMUSG00000077537	0
ENSMUSG00000077538	0
ENSMUSG00000077539	0
ENSMUSG00000077541	0
ENSMUSG00000077542	0
ENSMUSG00000077543	0
ENSMUSG00000077545	0
ENSMUSG00000077546	0
ENSMUSG00000077547	0
ENSMUSG00000077549	0
ENSMUSG00000077552	0
ENSMUSG00000077553	0
ENSMUSG00000077554	0
ENSMUSG00000077555	0
ENSMUSG00000077557	0
ENSMUSG00000077558	0
ENSMUSG00000077559	0
ENSMUSG00000077561	0
ENSMUSG00000077562	0
ENSMUSG00000077563	11
ENSMUSG00000077564	0
ENSMUSG00000077565	0
ENSMUSG00000077567	0
ENSMUSG00000077569	0
ENSMUSG00000077571	0
ENSMUSG00000077572	0
ENSMUSG00000077574	0
ENSMUSG00000077575	2
ENSMUSG00000077576	0
ENSMUSG00000077577	0
ENSMUSG00000077578	0
ENSMUSG00000077579	0
ENSMUSG00000077581	0
ENSMUSG00000077582	0
ENSMUSG00000077585	0
ENSMUSG00000077586	0
ENSMUSG00000077587	0
ENSMUSG00000077588	0
ENSMUSG00000077590	0
ENSMUSG00000077591	0
ENSMUSG00000077592	0
ENSMUSG00000077593	0
ENSMUSG00000077594	0
ENSMUSG00000077595	0
ENSMUSG00000077597	0
ENSMUSG00000077598	0
ENSMUSG00000077599	0
ENSMUSG00000077601	0
ENSMUSG00000077602	0
ENSMUSG00000077603	0
ENSMUSG00000077604	0
ENSMUSG00000077607	0
ENSMUSG00000077608	0
ENSMUSG00000077609	0
ENSMUSG00000077611	1
ENSMUSG00000077612	0
ENSMUSG00000077613	0
ENSMUSG00000077614	0
ENSMUSG00000077615	0
ENSMUSG00000077616	0
ENSMUSG00000077617	0
ENSMUSG00000077618	0
ENSMUSG00000077619	0
ENSMUSG00000077620	0
ENSMUSG00000077621	0
ENSMUSG00000077622	0
ENSMUSG00000077624	0
ENSMUSG00000077625	0
ENSMUSG00000077627	0
ENSMUSG00000077628	0
ENSMUSG00000077629	0
ENSMUSG00000077630	0
ENSMUSG00000077633	0
ENSMUSG00000077635	0
ENSMUSG00000077637	0
ENSMUSG00000077639	0
ENSMUSG00000077640	0
ENSMUSG00000077641	0
ENSMUSG00000077642	0
ENSMUSG00000077643	0
ENSMUSG00000077644	0
ENSMUSG00000077645	0
ENSMUSG00000077647	0
ENSMUSG00000077648	0
ENSMUSG00000077649	0
ENSMUSG00000077650	0
ENSMUSG00000077652	0
ENSMUSG00000077653	0
ENSMUSG00000077655	0
ENSMUSG00000077659	0
ENSMUSG00000077660	0
ENSMUSG00000077661	0
ENSMUSG00000077663	0
ENSMUSG00000077664	0
ENSMUSG00000077666	0
ENSMUSG00000077667	0
ENSMUSG00000077668	0
ENSMUSG00000077669	0
ENSMUSG00000077671	0
ENSMUSG00000077672	0
ENSMUSG00000077673	0
ENSMUSG00000077674	0
ENSMUSG00000077675	0
ENSMUSG00000077677	0
ENSMUSG00000077678	0
ENSMUSG00000077680	0
ENSMUSG00000077681	0
ENSMUSG00000077682	0
ENSMUSG00000077683	0
ENSMUSG00000077685	0
ENSMUSG00000077687	0
ENSMUSG00000077689	0
ENSMUSG00000077691	0
ENSMUSG00000077693	0
ENSMUSG00000077696	0
ENSMUSG00000077697	0
ENSMUSG00000077698	3
ENSMUSG00000077700	0
ENSMUSG00000077701	0
ENSMUSG00000077702	0
ENSMUSG00000077703	0
ENSMUSG00000077704	1
ENSMUSG00000077705	0
ENSMUSG00000077706	0
ENSMUSG00000077707	0
ENSMUSG00000077708	0
ENSMUSG00000077709	8
ENSMUSG00000077710	0
ENSMUSG00000077711	2
ENSMUSG00000077713	0
ENSMUSG00000077714	0
ENSMUSG00000077716	0
ENSMUSG00000077717	0
ENSMUSG00000077718	0
ENSMUSG00000077719	0
ENSMUSG00000077726	0
ENSMUSG00000077728	0
ENSMUSG00000077730	0
ENSMUSG00000077733	1
ENSMUSG00000077734	4
ENSMUSG00000077735	0
ENSMUSG00000077736	0
ENSMUSG00000077737	5
ENSMUSG00000077738	0
ENSMUSG00000077741	0
ENSMUSG00000077743	0
ENSMUSG00000077744	0
ENSMUSG00000077745	0
ENSMUSG00000077749	0
ENSMUSG00000077750	0
ENSMUSG00000077752	0
ENSMUSG00000077755	0
ENSMUSG00000077756	0
ENSMUSG00000077757	0
ENSMUSG00000077758	0
ENSMUSG00000077759	0
ENSMUSG00000077761	0
ENSMUSG00000077767	0
ENSMUSG00000077768	0
ENSMUSG00000077769	0
ENSMUSG00000077771	0
ENSMUSG00000077772	0
ENSMUSG00000077776	0
ENSMUSG00000077777	0
ENSMUSG00000077780	0
ENSMUSG00000077782	0
ENSMUSG00000077783	0
ENSMUSG00000077784	0
ENSMUSG00000077785	0
ENSMUSG00000077786	0
ENSMUSG00000077787	0
ENSMUSG00000077789	0
ENSMUSG00000077791	0
ENSMUSG00000077792	0
ENSMUSG00000077793	0
ENSMUSG00000077794	0
ENSMUSG00000077795	0
ENSMUSG00000077796	0
ENSMUSG00000077797	0
ENSMUSG00000077799	0
ENSMUSG00000077802	0
ENSMUSG00000077804	0
ENSMUSG00000077815	0
ENSMUSG00000077821	0
ENSMUSG00000077829	0
ENSMUSG00000077830	0
ENSMUSG00000077832	0
ENSMUSG00000077834	0
ENSMUSG00000077836	0
ENSMUSG00000077844	0
ENSMUSG00000077846	0
ENSMUSG00000077847	0
ENSMUSG00000077851	0
ENSMUSG00000077857	0
ENSMUSG00000077858	0
ENSMUSG00000077869	0
ENSMUSG00000077872	0
ENSMUSG00000077879	0
ENSMUSG00000077881	0
ENSMUSG00000077884	0
ENSMUSG00000077886	0
ENSMUSG00000077890	0
ENSMUSG00000077892	0
ENSMUSG00000077896	0
ENSMUSG00000077897	0
ENSMUSG00000077902	0
ENSMUSG00000077903	0
ENSMUSG00000077921	0
ENSMUSG00000077925	0
ENSMUSG00000077928	0
ENSMUSG00000077931	0
ENSMUSG00000077938	0
ENSMUSG00000077939	0
ENSMUSG00000077941	0
ENSMUSG00000077948	0
ENSMUSG00000077954	0
ENSMUSG00000077962	0
ENSMUSG00000077965	0
ENSMUSG00000077971	0
ENSMUSG00000077972	0
ENSMUSG00000077980	0
ENSMUSG00000077981	0
ENSMUSG00000077990	0
ENSMUSG00000077991	0
ENSMUSG00000077996	0
ENSMUSG00000077998	0
ENSMUSG00000078002	0
ENSMUSG00000078006	0
ENSMUSG00000078008	0
ENSMUSG00000078017	0
ENSMUSG00000078024	0
ENSMUSG00000078025	0
ENSMUSG00000078026	0
ENSMUSG00000078027	0
ENSMUSG00000078031	0
ENSMUSG00000078032	0
ENSMUSG00000078034	0
ENSMUSG00000078035	0
ENSMUSG00000078038	0
ENSMUSG00000078041	0
ENSMUSG00000078042	0
ENSMUSG00000078057	0
ENSMUSG00000078060	0
ENSMUSG00000078061	0
ENSMUSG00000078080	0
ENSMUSG00000078087	0
ENSMUSG00000078091	1
ENSMUSG00000078097	0
ENSMUSG00000078116	0
ENSMUSG00000078117	0
ENSMUSG00000078118	0
ENSMUSG00000078122	46
ENSMUSG00000078123	0
ENSMUSG00000078125	0
ENSMUSG00000078126	0
ENSMUSG00000078127	0
ENSMUSG00000078128	0
ENSMUSG00000078129	0
ENSMUSG00000078130	0
ENSMUSG00000078131	0
ENSMUSG00000078132	0
ENSMUSG00000078134	8
ENSMUSG00000078137	0
ENSMUSG00000078139	2
ENSMUSG00000078141	2
ENSMUSG00000078143	0
ENSMUSG00000078144	5
ENSMUSG00000078151	2
ENSMUSG00000078153	996
ENSMUSG00000078154	2
ENSMUSG00000078157	0
ENSMUSG00000078160	0
ENSMUSG00000078161	9
ENSMUSG00000078162	0
ENSMUSG00000078173	0
ENSMUSG00000078177	1
ENSMUSG00000078179	0
ENSMUSG00000078180	0
ENSMUSG00000078182	0
ENSMUSG00000078183	0
ENSMUSG00000078184	25
ENSMUSG00000078185	56
ENSMUSG00000078190	18
ENSMUSG00000078192	0
ENSMUSG00000078193	50
ENSMUSG00000078197	0
ENSMUSG00000078198	0
ENSMUSG00000078201	241
ENSMUSG00000078202	65
ENSMUSG00000078206	0
ENSMUSG00000078208	0
ENSMUSG00000078210	0
ENSMUSG00000078212	0
ENSMUSG00000078213	0
ENSMUSG00000078214	0
ENSMUSG00000078218	0
ENSMUSG00000078234	702
ENSMUSG00000078235	0
ENSMUSG00000078238	2
ENSMUSG00000078240	0
ENSMUSG00000078247	8
ENSMUSG00000078249	21
ENSMUSG00000078251	0
ENSMUSG00000078252	0
ENSMUSG00000078253	0
ENSMUSG00000078254	0
ENSMUSG00000078255	0
ENSMUSG00000078256	0
ENSMUSG00000078257	0
ENSMUSG00000078258	0
ENSMUSG00000078259	0
ENSMUSG00000078260	0
ENSMUSG00000078261	0
ENSMUSG00000078262	0
ENSMUSG00000078263	0
ENSMUSG00000078269	0
ENSMUSG00000078270	0
ENSMUSG00000078276	0
ENSMUSG00000078280	0
ENSMUSG00000078289	0
ENSMUSG00000078291	0
ENSMUSG00000078300	0
ENSMUSG00000078302	0
ENSMUSG00000078307	0
ENSMUSG00000078308	0
ENSMUSG00000078314	0
ENSMUSG00000078315	0
ENSMUSG00000078317	288
ENSMUSG00000078320	0
ENSMUSG00000078324	0
ENSMUSG00000078346	0
ENSMUSG00000078348	835
ENSMUSG00000078349	29
ENSMUSG00000078350	317
ENSMUSG00000078354	0
ENSMUSG00000078355	0
ENSMUSG00000078365	0
ENSMUSG00000078370	0
ENSMUSG00000078377	0
ENSMUSG00000078380	0
ENSMUSG00000078420	0
ENSMUSG00000078427	140
ENSMUSG00000078429	979
ENSMUSG00000078430	0
ENSMUSG00000078435	140
ENSMUSG00000078439	52
ENSMUSG00000078440	399
ENSMUSG00000078442	0
ENSMUSG00000078444	0
ENSMUSG00000078451	8
ENSMUSG00000078452	573
ENSMUSG00000078453	189
ENSMUSG00000078480	141
ENSMUSG00000078481	0
ENSMUSG00000078485	583
ENSMUSG00000078486	1
ENSMUSG00000078487	0
ENSMUSG00000078488	0
ENSMUSG00000078489	0
ENSMUSG00000078490	19
ENSMUSG00000078491	0
ENSMUSG00000078492	0
ENSMUSG00000078494	0
ENSMUSG00000078495	16
ENSMUSG00000078496	21
ENSMUSG00000078497	0
ENSMUSG00000078498	0
ENSMUSG00000078500	0
ENSMUSG00000078502	0
ENSMUSG00000078503	3
ENSMUSG00000078504	0
ENSMUSG00000078505	0
ENSMUSG00000078506	0
ENSMUSG00000078507	0
ENSMUSG00000078508	0
ENSMUSG00000078509	0
ENSMUSG00000078510	0
ENSMUSG00000078511	0
ENSMUSG00000078512	0
ENSMUSG00000078513	0
ENSMUSG00000078515	4630
ENSMUSG00000078517	1459
ENSMUSG00000078518	0
ENSMUSG00000078519	0
ENSMUSG00000078520	0
ENSMUSG00000078521	2
ENSMUSG00000078528	0
ENSMUSG00000078531	0
ENSMUSG00000078532	12
ENSMUSG00000078537	0
ENSMUSG00000078546	32
ENSMUSG00000078552	27
ENSMUSG00000078554	5
ENSMUSG00000078566	249
ENSMUSG00000078570	503
ENSMUSG00000078572	478
ENSMUSG00000078575	0
ENSMUSG00000078576	0
ENSMUSG00000078577	0
ENSMUSG00000078578	3322
ENSMUSG00000078580	145
ENSMUSG00000078584	1274
ENSMUSG00000078586	0
ENSMUSG00000078588	8
ENSMUSG00000078590	0
ENSMUSG00000078591	1
ENSMUSG00000078592	0
ENSMUSG00000078593	0
ENSMUSG00000078597	1009
ENSMUSG00000078598	0
ENSMUSG00000078599	0
ENSMUSG00000078600	0
ENSMUSG00000078601	0
ENSMUSG00000078604	0
ENSMUSG00000078605	0
ENSMUSG00000078606	5
ENSMUSG00000078607	190
ENSMUSG00000078611	0
ENSMUSG00000078612	320
ENSMUSG00000078616	4
ENSMUSG00000078618	0
ENSMUSG00000078619	1623
ENSMUSG00000078620	0
ENSMUSG00000078621	0
ENSMUSG00000078622	1825
ENSMUSG00000078624	0
ENSMUSG00000078625	0
ENSMUSG00000078626	0
ENSMUSG00000078627	0
ENSMUSG00000078630	0
ENSMUSG00000078632	0
ENSMUSG00000078635	1
ENSMUSG00000078636	0
ENSMUSG00000078639	0
ENSMUSG00000078640	0
ENSMUSG00000078648	0
ENSMUSG00000078650	33591
ENSMUSG00000078651	42
ENSMUSG00000078652	1343
ENSMUSG00000078653	1
ENSMUSG00000078655	0
ENSMUSG00000078656	2314
ENSMUSG00000078657	0
ENSMUSG00000078664	0
ENSMUSG00000078668	0
ENSMUSG00000078670	184
ENSMUSG00000078671	1092
ENSMUSG00000078672	22266
ENSMUSG00000078673	2
ENSMUSG00000078674	89
ENSMUSG00000078675	733
ENSMUSG00000078676	724
ENSMUSG00000078677	0
ENSMUSG00000078680	1
ENSMUSG00000078681	693
ENSMUSG00000078683	45
ENSMUSG00000078684	102
ENSMUSG00000078685	2
ENSMUSG00000078686	59
ENSMUSG00000078687	2
ENSMUSG00000078688	0
ENSMUSG00000078689	107
ENSMUSG00000078691	0
ENSMUSG00000078695	169
ENSMUSG00000078698	0
ENSMUSG00000078700	10
ENSMUSG00000078706	0
ENSMUSG00000078713	170
ENSMUSG00000078716	62
ENSMUSG00000078719	18
ENSMUSG00000078721	0
ENSMUSG00000078722	0
ENSMUSG00000078735	0
ENSMUSG00000078737	0
ENSMUSG00000078742	0
ENSMUSG00000078746	0
ENSMUSG00000078747	0
ENSMUSG00000078752	0
ENSMUSG00000078753	0
ENSMUSG00000078754	0
ENSMUSG00000078757	0
ENSMUSG00000078759	0
ENSMUSG00000078762	15
ENSMUSG00000078763	40
ENSMUSG00000078765	0
ENSMUSG00000078768	40
ENSMUSG00000078771	65
ENSMUSG00000078772	0
ENSMUSG00000078773	10
ENSMUSG00000078776	0
ENSMUSG00000078779	41
ENSMUSG00000078780	43
ENSMUSG00000078783	0
ENSMUSG00000078784	178
ENSMUSG00000078786	371
ENSMUSG00000078787	0
ENSMUSG00000078789	139
ENSMUSG00000078793	0
ENSMUSG00000078794	20
ENSMUSG00000078795	0
ENSMUSG00000078796	0
ENSMUSG00000078798	0
ENSMUSG00000078799	0
ENSMUSG00000078800	0
ENSMUSG00000078808	0
ENSMUSG00000078810	0
ENSMUSG00000078812	1851
ENSMUSG00000078813	321
ENSMUSG00000078815	0
ENSMUSG00000078816	23
ENSMUSG00000078817	840
ENSMUSG00000078838	0
ENSMUSG00000078840	0
ENSMUSG00000078847	0
ENSMUSG00000078850	0
ENSMUSG00000078851	59
ENSMUSG00000078853	1070
ENSMUSG00000078861	54
ENSMUSG00000078862	0
ENSMUSG00000078864	0
ENSMUSG00000078865	0
ENSMUSG00000078866	86
ENSMUSG00000078867	0
ENSMUSG00000078868	0
ENSMUSG00000078869	0
ENSMUSG00000078870	1
ENSMUSG00000078872	0
ENSMUSG00000078875	0
ENSMUSG00000078876	0
ENSMUSG00000078877	7
ENSMUSG00000078878	1
ENSMUSG00000078879	0
ENSMUSG00000078880	0
ENSMUSG00000078881	0
ENSMUSG00000078886	0
ENSMUSG00000078887	0
ENSMUSG00000078889	0
ENSMUSG00000078891	0
ENSMUSG00000078894	0
ENSMUSG00000078895	0
ENSMUSG00000078896	0
ENSMUSG00000078897	0
ENSMUSG00000078898	0
ENSMUSG00000078899	0
ENSMUSG00000078901	0
ENSMUSG00000078902	3
ENSMUSG00000078903	0
ENSMUSG00000078905	0
ENSMUSG00000078906	0
ENSMUSG00000078907	0
ENSMUSG00000078908	215
ENSMUSG00000078912	0
ENSMUSG00000078915	12
ENSMUSG00000078917	0
ENSMUSG00000078919	119
ENSMUSG00000078920	641
ENSMUSG00000078921	10
ENSMUSG00000078922	15
ENSMUSG00000078923	1
ENSMUSG00000078924	0
ENSMUSG00000078925	0
ENSMUSG00000078926	0
ENSMUSG00000078931	0
ENSMUSG00000078932	0
ENSMUSG00000078934	0
ENSMUSG00000078935	0
ENSMUSG00000078937	211
ENSMUSG00000078938	0
ENSMUSG00000078940	0
ENSMUSG00000078941	254
ENSMUSG00000078942	182
ENSMUSG00000078945	149
ENSMUSG00000078949	0
ENSMUSG00000078952	0
ENSMUSG00000078953	0
ENSMUSG00000078954	2
ENSMUSG00000078955	0
ENSMUSG00000078956	22
ENSMUSG00000078957	0
ENSMUSG00000078958	0
ENSMUSG00000078962	0
ENSMUSG00000078963	69
ENSMUSG00000078964	1844
ENSMUSG00000078965	0
ENSMUSG00000078967	0
ENSMUSG00000078970	272
ENSMUSG00000078972	0
ENSMUSG00000078974	5
ENSMUSG00000078982	0
ENSMUSG00000078984	0
ENSMUSG00000078994	25
ENSMUSG00000078995	26
ENSMUSG00000078998	0
ENSMUSG00000079000	0
ENSMUSG00000079001	0
ENSMUSG00000079003	364
ENSMUSG00000079005	0
ENSMUSG00000079006	0
ENSMUSG00000079007	0
ENSMUSG00000079008	0
ENSMUSG00000079009	0
ENSMUSG00000079010	0
ENSMUSG00000079011	0
ENSMUSG00000079012	6005
ENSMUSG00000079013	1
ENSMUSG00000079014	8
ENSMUSG00000079015	106603
ENSMUSG00000079016	0
ENSMUSG00000079017	272
ENSMUSG00000079018	11
ENSMUSG00000079019	3
ENSMUSG00000079020	189
ENSMUSG00000079022	0
ENSMUSG00000079024	0
ENSMUSG00000079025	0
ENSMUSG00000079029	0
ENSMUSG00000079031	0
ENSMUSG00000079033	0
ENSMUSG00000079034	0
ENSMUSG00000079036	313
ENSMUSG00000079037	794
ENSMUSG00000079038	5
ENSMUSG00000079039	0
ENSMUSG00000079042	0
ENSMUSG00000079043	265
ENSMUSG00000079045	301
ENSMUSG00000079048	0
ENSMUSG00000079049	5
ENSMUSG00000079051	14
ENSMUSG00000079053	0
ENSMUSG00000079055	28
ENSMUSG00000079056	30
ENSMUSG00000079057	7989
ENSMUSG00000079058	0
ENSMUSG00000079061	0
ENSMUSG00000079064	0
ENSMUSG00000079065	164
ENSMUSG00000079067	0
ENSMUSG00000079069	0
ENSMUSG00000079070	0
ENSMUSG00000079071	1
ENSMUSG00000079076	1
ENSMUSG00000079083	164
ENSMUSG00000079084	287
ENSMUSG00000079091	0
ENSMUSG00000079092	0
ENSMUSG00000079093	0
ENSMUSG00000079101	0
ENSMUSG00000079103	8
ENSMUSG00000079104	305
ENSMUSG00000079105	30
ENSMUSG00000079108	41
ENSMUSG00000079109	68
ENSMUSG00000079110	54
ENSMUSG00000079111	3450
ENSMUSG00000079112	0
ENSMUSG00000079113	0
ENSMUSG00000079114	0
ENSMUSG00000079116	0
ENSMUSG00000079120	0
ENSMUSG00000079137	0
ENSMUSG00000079138	0
ENSMUSG00000079139	236
ENSMUSG00000079140	8
ENSMUSG00000079143	0
ENSMUSG00000079144	160
ENSMUSG00000079146	0
ENSMUSG00000079156	0
ENSMUSG00000079157	0
ENSMUSG00000079162	0
ENSMUSG00000079163	0
ENSMUSG00000079164	217
ENSMUSG00000079165	3
ENSMUSG00000079168	0
ENSMUSG00000079169	0
ENSMUSG00000079170	0
ENSMUSG00000079171	0
ENSMUSG00000079173	1
ENSMUSG00000079174	0
ENSMUSG00000079175	0
ENSMUSG00000079177	7
ENSMUSG00000079179	408
ENSMUSG00000079180	0
ENSMUSG00000079183	0
ENSMUSG00000079184	308
ENSMUSG00000079186	1
ENSMUSG00000079190	0
ENSMUSG00000079192	0
ENSMUSG00000079197	396
ENSMUSG00000079215	410
ENSMUSG00000079222	0
ENSMUSG00000079223	0
ENSMUSG00000079224	0
ENSMUSG00000079225	21
ENSMUSG00000079227	147
ENSMUSG00000079230	0
ENSMUSG00000079235	0
ENSMUSG00000079242	29
ENSMUSG00000079243	7
ENSMUSG00000079244	0
ENSMUSG00000079247	0
ENSMUSG00000079258	0
ENSMUSG00000079259	0
ENSMUSG00000079260	16
ENSMUSG00000079261	0
ENSMUSG00000079262	1
ENSMUSG00000079263	16
ENSMUSG00000079264	0
ENSMUSG00000079265	0
ENSMUSG00000079266	0
ENSMUSG00000079267	0
ENSMUSG00000079269	0
ENSMUSG00000079271	0
ENSMUSG00000079272	0
ENSMUSG00000079273	0
ENSMUSG00000079276	0
ENSMUSG00000079277	0
ENSMUSG00000079278	0
ENSMUSG00000079283	79
ENSMUSG00000079286	0
ENSMUSG00000079293	184
ENSMUSG00000079295	0
ENSMUSG00000079297	7
ENSMUSG00000079298	7
ENSMUSG00000079299	0
ENSMUSG00000079304	0
ENSMUSG00000079311	3
ENSMUSG00000079316	609
ENSMUSG00000079317	22
ENSMUSG00000079323	1
ENSMUSG00000079324	0
ENSMUSG00000079330	0
ENSMUSG00000079333	0
ENSMUSG00000079334	2203
ENSMUSG00000079339	11
ENSMUSG00000079342	0
ENSMUSG00000079343	3
ENSMUSG00000079344	0
ENSMUSG00000079346	0
ENSMUSG00000079349	0
ENSMUSG00000079350	0
ENSMUSG00000079353	0
ENSMUSG00000079355	38
ENSMUSG00000079356	0
ENSMUSG00000079357	0
ENSMUSG00000079359	0
ENSMUSG00000079362	0
ENSMUSG00000079363	303
ENSMUSG00000079364	0
ENSMUSG00000079371	0
ENSMUSG00000079374	0
ENSMUSG00000079378	0
ENSMUSG00000079379	0
ENSMUSG00000079380	0
ENSMUSG00000079382	0
ENSMUSG00000079383	0
ENSMUSG00000079386	0
ENSMUSG00000079387	0
ENSMUSG00000079388	0
ENSMUSG00000079389	0
ENSMUSG00000079391	0
ENSMUSG00000079392	0
ENSMUSG00000079395	0
ENSMUSG00000079396	0
ENSMUSG00000079402	0
ENSMUSG00000079407	0
ENSMUSG00000079409	0
ENSMUSG00000079410	0
ENSMUSG00000079414	0
ENSMUSG00000079415	56
ENSMUSG00000079416	0
ENSMUSG00000079418	7
ENSMUSG00000079419	61
ENSMUSG00000079421	0
ENSMUSG00000079423	0
ENSMUSG00000079424	0
ENSMUSG00000079426	891
ENSMUSG00000079427	9
ENSMUSG00000079428	0
ENSMUSG00000079429	60
ENSMUSG00000079432	0
ENSMUSG00000079433	0
ENSMUSG00000079434	40
ENSMUSG00000079435	10
ENSMUSG00000079436	0
ENSMUSG00000079438	0
ENSMUSG00000079439	0
ENSMUSG00000079440	0
ENSMUSG00000079442	59
ENSMUSG00000079444	14
ENSMUSG00000079445	0
ENSMUSG00000079450	1
ENSMUSG00000079451	0
ENSMUSG00000079455	0
ENSMUSG00000079457	10
ENSMUSG00000079460	0
ENSMUSG00000079462	0
ENSMUSG00000079465	17
ENSMUSG00000079466	0
ENSMUSG00000079467	6
ENSMUSG00000079469	307
ENSMUSG00000079470	207
ENSMUSG00000079471	0
ENSMUSG00000079476	0
ENSMUSG00000079477	2784
ENSMUSG00000079478	319
ENSMUSG00000079479	0
ENSMUSG00000079480	0
ENSMUSG00000079481	37
ENSMUSG00000079484	102
ENSMUSG00000079487	1161
ENSMUSG00000079491	106
ENSMUSG00000079492	0
ENSMUSG00000079494	124
ENSMUSG00000079495	8
ENSMUSG00000079497	6
ENSMUSG00000079499	24
ENSMUSG00000079501	0
ENSMUSG00000079502	4
ENSMUSG00000079505	43
ENSMUSG00000079507	276
ENSMUSG00000079508	4
ENSMUSG00000079509	582
ENSMUSG00000079511	94
ENSMUSG00000079513	0
ENSMUSG00000079516	0
ENSMUSG00000079519	0
ENSMUSG00000079521	0
ENSMUSG00000079522	0
ENSMUSG00000079523	5
ENSMUSG00000079524	0
ENSMUSG00000079525	0
ENSMUSG00000079528	0
ENSMUSG00000079531	0
ENSMUSG00000079532	0
ENSMUSG00000079534	0
ENSMUSG00000079536	0
ENSMUSG00000079539	1
ENSMUSG00000079542	0
ENSMUSG00000079543	0
ENSMUSG00000079544	0
ENSMUSG00000079546	0
ENSMUSG00000079547	139
ENSMUSG00000079550	301
ENSMUSG00000079553	8
ENSMUSG00000079554	5
ENSMUSG00000079555	201
ENSMUSG00000079557	1551
ENSMUSG00000079559	0
ENSMUSG00000079560	36
ENSMUSG00000079562	925
ENSMUSG00000079563	2871
ENSMUSG00000079564	0
ENSMUSG00000079566	0
ENSMUSG00000079575	1
ENSMUSG00000079577	0
ENSMUSG00000079578	0
ENSMUSG00000079579	0
ENSMUSG00000079580	0
ENSMUSG00000079583	0
ENSMUSG00000079584	0
ENSMUSG00000079588	0
ENSMUSG00000079592	0
ENSMUSG00000079593	0
ENSMUSG00000079594	0
ENSMUSG00000079595	0
ENSMUSG00000079597	0
ENSMUSG00000079598	1
ENSMUSG00000079600	0
ENSMUSG00000079602	2
ENSMUSG00000079603	0
ENSMUSG00000079604	0
ENSMUSG00000079605	0
ENSMUSG00000079606	0
ENSMUSG00000079608	4
ENSMUSG00000079610	74
ENSMUSG00000079614	1045
ENSMUSG00000079619	0
ENSMUSG00000079620	0
ENSMUSG00000079625	1
ENSMUSG00000079626	0
ENSMUSG00000079627	0
ENSMUSG00000079628	0
ENSMUSG00000079629	0
ENSMUSG00000079630	0
ENSMUSG00000079633	0
ENSMUSG00000079635	0
ENSMUSG00000079636	0
ENSMUSG00000079637	0
ENSMUSG00000079638	0
ENSMUSG00000079639	0
ENSMUSG00000079641	20
ENSMUSG00000079642	0
ENSMUSG00000079644	0
ENSMUSG00000079645	17
ENSMUSG00000079649	0
ENSMUSG00000079652	5
ENSMUSG00000079654	2
ENSMUSG00000079655	0
ENSMUSG00000079657	5
ENSMUSG00000079658	1026
ENSMUSG00000079659	2220
ENSMUSG00000079666	0
ENSMUSG00000079669	9
ENSMUSG00000079671	12
ENSMUSG00000079677	0
ENSMUSG00000079679	0
ENSMUSG00000079681	0
ENSMUSG00000079685	19
ENSMUSG00000079693	0
ENSMUSG00000079694	0
ENSMUSG00000079697	0
ENSMUSG00000079698	0
ENSMUSG00000079699	0
ENSMUSG00000079700	0
ENSMUSG00000079701	0
ENSMUSG00000079702	0
ENSMUSG00000079703	0
ENSMUSG00000079704	0
ENSMUSG00000079705	0
ENSMUSG00000079707	0
ENSMUSG00000079710	0
ENSMUSG00000079711	0
ENSMUSG00000079722	1
ENSMUSG00000079737	32
ENSMUSG00000079740	0
ENSMUSG00000079741	0
ENSMUSG00000079764	0
ENSMUSG00000079773	0
ENSMUSG00000079774	0
ENSMUSG00000079794	0
ENSMUSG00000079800	0
ENSMUSG00000079806	0
ENSMUSG00000079808	2
ENSMUSG00000079834	193
ENSMUSG00000079842	0
ENSMUSG00000079845	0
ENSMUSG00000079852	0
ENSMUSG00000079853	0
ENSMUSG00000079871	0
ENSMUSG00000079875	0
ENSMUSG00000079884	87
ENSMUSG00000079889	0
ENSMUSG00000079890	0
ENSMUSG00000079892	0
ENSMUSG00000079893	0
ENSMUSG00000079906	0
ENSMUSG00000079915	1
ENSMUSG00000079941	128
ENSMUSG00000079942	2
ENSMUSG00000079962	0
ENSMUSG00000079963	0
ENSMUSG00000079965	0
ENSMUSG00000079966	0
ENSMUSG00000079988	0
ENSMUSG00000079993	0
ENSMUSG00000079998	0
ENSMUSG00000080002	0
ENSMUSG00000080006	0
ENSMUSG00000080021	2
ENSMUSG00000080046	0
ENSMUSG00000080050	0
ENSMUSG00000080051	0
ENSMUSG00000080054	0
ENSMUSG00000080057	0
ENSMUSG00000080058	2
ENSMUSG00000080059	24
ENSMUSG00000080065	0
ENSMUSG00000080069	0
ENSMUSG00000080071	0
ENSMUSG00000080072	0
ENSMUSG00000080073	0
ENSMUSG00000080076	0
ENSMUSG00000080078	0
ENSMUSG00000080115	0
ENSMUSG00000080142	0
ENSMUSG00000080152	0
ENSMUSG00000080155	0
ENSMUSG00000080158	0
ENSMUSG00000080175	0
ENSMUSG00000080180	0
ENSMUSG00000080186	0
ENSMUSG00000080193	0
ENSMUSG00000080198	5
ENSMUSG00000080205	0
ENSMUSG00000080222	0
ENSMUSG00000080223	0
ENSMUSG00000080227	0
ENSMUSG00000080237	0
ENSMUSG00000080241	0
ENSMUSG00000080242	12
ENSMUSG00000080250	0
ENSMUSG00000080254	0
ENSMUSG00000080266	0
ENSMUSG00000080268	569
ENSMUSG00000080283	0
ENSMUSG00000080298	0
ENSMUSG00000080299	0
ENSMUSG00000080300	0
ENSMUSG00000080303	0
ENSMUSG00000080316	38
ENSMUSG00000080317	0
ENSMUSG00000080321	0
ENSMUSG00000080330	0
ENSMUSG00000080331	0
ENSMUSG00000080334	0
ENSMUSG00000080336	0
ENSMUSG00000080342	0
ENSMUSG00000080345	0
ENSMUSG00000080346	0
ENSMUSG00000080347	0
ENSMUSG00000080348	0
ENSMUSG00000080349	0
ENSMUSG00000080350	0
ENSMUSG00000080352	0
ENSMUSG00000080356	0
ENSMUSG00000080358	0
ENSMUSG00000080359	0
ENSMUSG00000080360	0
ENSMUSG00000080363	0
ENSMUSG00000080364	1
ENSMUSG00000080365	0
ENSMUSG00000080366	0
ENSMUSG00000080367	0
ENSMUSG00000080368	0
ENSMUSG00000080370	0
ENSMUSG00000080374	0
ENSMUSG00000080378	0
ENSMUSG00000080380	0
ENSMUSG00000080383	0
ENSMUSG00000080384	0
ENSMUSG00000080391	0
ENSMUSG00000080394	0
ENSMUSG00000080396	0
ENSMUSG00000080401	0
ENSMUSG00000080402	0
ENSMUSG00000080405	0
ENSMUSG00000080406	0
ENSMUSG00000080408	0
ENSMUSG00000080409	0
ENSMUSG00000080410	0
ENSMUSG00000080411	0
ENSMUSG00000080412	0
ENSMUSG00000080413	0
ENSMUSG00000080415	0
ENSMUSG00000080419	0
ENSMUSG00000080424	0
ENSMUSG00000080425	0
ENSMUSG00000080427	0
ENSMUSG00000080428	0
ENSMUSG00000080430	0
ENSMUSG00000080432	0
ENSMUSG00000080434	0
ENSMUSG00000080437	0
ENSMUSG00000080440	0
ENSMUSG00000080441	0
ENSMUSG00000080443	0
ENSMUSG00000080451	0
ENSMUSG00000080452	0
ENSMUSG00000080454	0
ENSMUSG00000080455	0
ENSMUSG00000080459	0
ENSMUSG00000080461	0
ENSMUSG00000080463	0
ENSMUSG00000080465	2
ENSMUSG00000080468	0
ENSMUSG00000080469	0
ENSMUSG00000080473	0
ENSMUSG00000080474	0
ENSMUSG00000080476	0
ENSMUSG00000080478	0
ENSMUSG00000080480	0
ENSMUSG00000080485	0
ENSMUSG00000080486	3
ENSMUSG00000080487	0
ENSMUSG00000080495	0
ENSMUSG00000080498	0
ENSMUSG00000080499	0
ENSMUSG00000080500	0
ENSMUSG00000080504	0
ENSMUSG00000080506	0
ENSMUSG00000080507	0
ENSMUSG00000080508	0
ENSMUSG00000080511	0
ENSMUSG00000080515	0
ENSMUSG00000080516	0
ENSMUSG00000080517	0
ENSMUSG00000080518	0
ENSMUSG00000080519	0
ENSMUSG00000080522	0
ENSMUSG00000080524	0
ENSMUSG00000080526	0
ENSMUSG00000080527	0
ENSMUSG00000080529	0
ENSMUSG00000080530	0
ENSMUSG00000080533	0
ENSMUSG00000080536	0
ENSMUSG00000080538	0
ENSMUSG00000080539	0
ENSMUSG00000080540	0
ENSMUSG00000080542	0
ENSMUSG00000080543	0
ENSMUSG00000080544	0
ENSMUSG00000080545	0
ENSMUSG00000080549	0
ENSMUSG00000080555	0
ENSMUSG00000080556	0
ENSMUSG00000080558	0
ENSMUSG00000080561	0
ENSMUSG00000080562	0
ENSMUSG00000080566	0
ENSMUSG00000080573	0
ENSMUSG00000080574	0
ENSMUSG00000080575	0
ENSMUSG00000080577	0
ENSMUSG00000080580	0
ENSMUSG00000080582	0
ENSMUSG00000080586	0
ENSMUSG00000080590	0
ENSMUSG00000080592	0
ENSMUSG00000080594	0
ENSMUSG00000080595	0
ENSMUSG00000080596	0
ENSMUSG00000080597	0
ENSMUSG00000080600	0
ENSMUSG00000080601	0
ENSMUSG00000080607	0
ENSMUSG00000080609	0
ENSMUSG00000080610	0
ENSMUSG00000080613	0
ENSMUSG00000080615	0
ENSMUSG00000080616	0
ENSMUSG00000080622	0
ENSMUSG00000080624	0
ENSMUSG00000080625	0
ENSMUSG00000080626	0
ENSMUSG00000080627	0
ENSMUSG00000080631	0
ENSMUSG00000080635	0
ENSMUSG00000080636	0
ENSMUSG00000080645	0
ENSMUSG00000080649	0
ENSMUSG00000080653	0
ENSMUSG00000080655	0
ENSMUSG00000080657	0
ENSMUSG00000080659	0
ENSMUSG00000080662	0
ENSMUSG00000080663	0
ENSMUSG00000080665	0
ENSMUSG00000080666	0
ENSMUSG00000080668	0
ENSMUSG00000080669	0
ENSMUSG00000080671	0
ENSMUSG00000080673	0
ENSMUSG00000080676	0
ENSMUSG00000080678	0
ENSMUSG00000080680	0
ENSMUSG00000080681	0
ENSMUSG00000080683	0
ENSMUSG00000080684	0
ENSMUSG00000080686	0
ENSMUSG00000080687	0
ENSMUSG00000080689	0
ENSMUSG00000080694	0
ENSMUSG00000080695	0
ENSMUSG00000080696	0
ENSMUSG00000080697	0
ENSMUSG00000080698	0
ENSMUSG00000080700	0
ENSMUSG00000080701	0
ENSMUSG00000080703	0
ENSMUSG00000080704	5
ENSMUSG00000080705	0
ENSMUSG00000080706	0
ENSMUSG00000080707	0
ENSMUSG00000080708	7
ENSMUSG00000080709	0
ENSMUSG00000080710	2
ENSMUSG00000080711	0
ENSMUSG00000080712	0
ENSMUSG00000080713	0
ENSMUSG00000080714	0
ENSMUSG00000080715	58
ENSMUSG00000080716	9
ENSMUSG00000080717	9
ENSMUSG00000080718	0
ENSMUSG00000080719	0
ENSMUSG00000080720	0
ENSMUSG00000080722	0
ENSMUSG00000080723	0
ENSMUSG00000080725	0
ENSMUSG00000080726	0
ENSMUSG00000080727	6
ENSMUSG00000080728	0
ENSMUSG00000080729	0
ENSMUSG00000080730	0
ENSMUSG00000080731	0
ENSMUSG00000080732	0
ENSMUSG00000080733	0
ENSMUSG00000080734	0
ENSMUSG00000080735	0
ENSMUSG00000080736	0
ENSMUSG00000080737	0
ENSMUSG00000080738	11
ENSMUSG00000080741	0
ENSMUSG00000080742	0
ENSMUSG00000080743	0
ENSMUSG00000080744	0
ENSMUSG00000080746	0
ENSMUSG00000080747	0
ENSMUSG00000080748	0
ENSMUSG00000080749	0
ENSMUSG00000080750	0
ENSMUSG00000080751	0
ENSMUSG00000080752	0
ENSMUSG00000080753	0
ENSMUSG00000080754	0
ENSMUSG00000080755	0
ENSMUSG00000080756	0
ENSMUSG00000080757	0
ENSMUSG00000080758	0
ENSMUSG00000080759	1
ENSMUSG00000080760	0
ENSMUSG00000080762	0
ENSMUSG00000080763	0
ENSMUSG00000080764	0
ENSMUSG00000080765	0
ENSMUSG00000080766	0
ENSMUSG00000080767	0
ENSMUSG00000080768	0
ENSMUSG00000080770	0
ENSMUSG00000080771	0
ENSMUSG00000080772	302
ENSMUSG00000080773	1
ENSMUSG00000080774	0
ENSMUSG00000080775	35
ENSMUSG00000080776	2
ENSMUSG00000080777	0
ENSMUSG00000080778	9
ENSMUSG00000080779	2
ENSMUSG00000080780	0
ENSMUSG00000080781	0
ENSMUSG00000080782	0
ENSMUSG00000080783	0
ENSMUSG00000080785	0
ENSMUSG00000080788	0
ENSMUSG00000080789	0
ENSMUSG00000080790	0
ENSMUSG00000080791	0
ENSMUSG00000080792	0
ENSMUSG00000080793	0
ENSMUSG00000080794	0
ENSMUSG00000080795	1
ENSMUSG00000080796	0
ENSMUSG00000080797	2
ENSMUSG00000080798	0
ENSMUSG00000080799	0
ENSMUSG00000080800	0
ENSMUSG00000080801	0
ENSMUSG00000080802	0
ENSMUSG00000080803	0
ENSMUSG00000080805	0
ENSMUSG00000080806	3
ENSMUSG00000080807	0
ENSMUSG00000080808	1
ENSMUSG00000080809	0
ENSMUSG00000080810	1
ENSMUSG00000080811	0
ENSMUSG00000080812	0
ENSMUSG00000080813	2
ENSMUSG00000080814	1
ENSMUSG00000080815	0
ENSMUSG00000080816	0
ENSMUSG00000080817	0
ENSMUSG00000080818	2
ENSMUSG00000080819	0
ENSMUSG00000080820	0
ENSMUSG00000080822	0
ENSMUSG00000080823	0
ENSMUSG00000080824	131
ENSMUSG00000080825	2
ENSMUSG00000080826	0
ENSMUSG00000080827	0
ENSMUSG00000080828	0
ENSMUSG00000080829	11
ENSMUSG00000080831	41
ENSMUSG00000080832	38
ENSMUSG00000080833	0
ENSMUSG00000080834	0
ENSMUSG00000080835	0
ENSMUSG00000080836	119
ENSMUSG00000080839	0
ENSMUSG00000080840	2
ENSMUSG00000080841	0
ENSMUSG00000080842	0
ENSMUSG00000080843	0
ENSMUSG00000080844	1
ENSMUSG00000080845	0
ENSMUSG00000080846	0
ENSMUSG00000080847	0
ENSMUSG00000080848	50
ENSMUSG00000080849	0
ENSMUSG00000080850	0
ENSMUSG00000080851	0
ENSMUSG00000080852	0
ENSMUSG00000080855	0
ENSMUSG00000080857	0
ENSMUSG00000080859	0
ENSMUSG00000080860	0
ENSMUSG00000080861	0
ENSMUSG00000080862	0
ENSMUSG00000080863	0
ENSMUSG00000080865	0
ENSMUSG00000080866	0
ENSMUSG00000080868	0
ENSMUSG00000080869	9
ENSMUSG00000080870	0
ENSMUSG00000080871	0
ENSMUSG00000080872	0
ENSMUSG00000080873	0
ENSMUSG00000080874	0
ENSMUSG00000080875	9
ENSMUSG00000080876	0
ENSMUSG00000080877	5
ENSMUSG00000080878	0
ENSMUSG00000080880	0
ENSMUSG00000080884	0
ENSMUSG00000080885	0
ENSMUSG00000080886	0
ENSMUSG00000080887	0
ENSMUSG00000080888	0
ENSMUSG00000080889	0
ENSMUSG00000080890	0
ENSMUSG00000080891	0
ENSMUSG00000080892	0
ENSMUSG00000080893	209
ENSMUSG00000080894	0
ENSMUSG00000080895	0
ENSMUSG00000080896	0
ENSMUSG00000080897	0
ENSMUSG00000080898	0
ENSMUSG00000080899	3
ENSMUSG00000080902	0
ENSMUSG00000080903	0
ENSMUSG00000080904	1192
ENSMUSG00000080906	0
ENSMUSG00000080907	0
ENSMUSG00000080910	0
ENSMUSG00000080911	1
ENSMUSG00000080912	0
ENSMUSG00000080913	0
ENSMUSG00000080914	0
ENSMUSG00000080915	0
ENSMUSG00000080916	0
ENSMUSG00000080917	0
ENSMUSG00000080918	0
ENSMUSG00000080919	0
ENSMUSG00000080921	1
ENSMUSG00000080922	0
ENSMUSG00000080923	0
ENSMUSG00000080924	0
ENSMUSG00000080925	0
ENSMUSG00000080927	0
ENSMUSG00000080928	6
ENSMUSG00000080929	0
ENSMUSG00000080930	0
ENSMUSG00000080932	0
ENSMUSG00000080933	0
ENSMUSG00000080934	0
ENSMUSG00000080935	360
ENSMUSG00000080936	0
ENSMUSG00000080937	0
ENSMUSG00000080938	0
ENSMUSG00000080939	2
ENSMUSG00000080941	0
ENSMUSG00000080942	0
ENSMUSG00000080943	0
ENSMUSG00000080944	0
ENSMUSG00000080946	0
ENSMUSG00000080947	0
ENSMUSG00000080948	0
ENSMUSG00000080949	0
ENSMUSG00000080950	0
ENSMUSG00000080951	0
ENSMUSG00000080952	0
ENSMUSG00000080953	0
ENSMUSG00000080954	0
ENSMUSG00000080955	0
ENSMUSG00000080956	0
ENSMUSG00000080957	2
ENSMUSG00000080958	0
ENSMUSG00000080959	0
ENSMUSG00000080960	0
ENSMUSG00000080961	4
ENSMUSG00000080962	0
ENSMUSG00000080964	0
ENSMUSG00000080965	0
ENSMUSG00000080966	19
ENSMUSG00000080967	0
ENSMUSG00000080968	10
ENSMUSG00000080969	0
ENSMUSG00000080970	0
ENSMUSG00000080971	0
ENSMUSG00000080972	0
ENSMUSG00000080974	0
ENSMUSG00000080976	0
ENSMUSG00000080977	0
ENSMUSG00000080978	0
ENSMUSG00000080979	8
ENSMUSG00000080980	0
ENSMUSG00000080981	1
ENSMUSG00000080982	0
ENSMUSG00000080983	0
ENSMUSG00000080984	0
ENSMUSG00000080985	0
ENSMUSG00000080986	0
ENSMUSG00000080987	0
ENSMUSG00000080989	237
ENSMUSG00000080990	0
ENSMUSG00000080992	0
ENSMUSG00000080993	0
ENSMUSG00000080994	0
ENSMUSG00000080995	0
ENSMUSG00000080996	0
ENSMUSG00000080997	0
ENSMUSG00000080998	0
ENSMUSG00000080999	0
ENSMUSG00000081000	0
ENSMUSG00000081001	0
ENSMUSG00000081002	0
ENSMUSG00000081003	0
ENSMUSG00000081004	8
ENSMUSG00000081005	0
ENSMUSG00000081006	0
ENSMUSG00000081007	0
ENSMUSG00000081008	0
ENSMUSG00000081009	0
ENSMUSG00000081010	35
ENSMUSG00000081011	0
ENSMUSG00000081012	0
ENSMUSG00000081013	0
ENSMUSG00000081014	0
ENSMUSG00000081016	0
ENSMUSG00000081017	1
ENSMUSG00000081018	0
ENSMUSG00000081020	0
ENSMUSG00000081021	679
ENSMUSG00000081022	0
ENSMUSG00000081023	0
ENSMUSG00000081024	0
ENSMUSG00000081025	0
ENSMUSG00000081026	0
ENSMUSG00000081029	0
ENSMUSG00000081030	1
ENSMUSG00000081033	0
ENSMUSG00000081034	0
ENSMUSG00000081036	0
ENSMUSG00000081037	0
ENSMUSG00000081038	0
ENSMUSG00000081041	5
ENSMUSG00000081042	0
ENSMUSG00000081043	1
ENSMUSG00000081044	0
ENSMUSG00000081045	0
ENSMUSG00000081046	0
ENSMUSG00000081047	0
ENSMUSG00000081048	0
ENSMUSG00000081049	383
ENSMUSG00000081050	0
ENSMUSG00000081051	46
ENSMUSG00000081052	17
ENSMUSG00000081053	2
ENSMUSG00000081054	0
ENSMUSG00000081055	0
ENSMUSG00000081056	1
ENSMUSG00000081057	0
ENSMUSG00000081058	7
ENSMUSG00000081059	17
ENSMUSG00000081060	0
ENSMUSG00000081061	0
ENSMUSG00000081062	0
ENSMUSG00000081063	0
ENSMUSG00000081064	0
ENSMUSG00000081065	0
ENSMUSG00000081066	0
ENSMUSG00000081067	7
ENSMUSG00000081068	0
ENSMUSG00000081069	0
ENSMUSG00000081070	44
ENSMUSG00000081071	0
ENSMUSG00000081072	0
ENSMUSG00000081073	1
ENSMUSG00000081076	0
ENSMUSG00000081077	0
ENSMUSG00000081078	0
ENSMUSG00000081079	0
ENSMUSG00000081080	0
ENSMUSG00000081081	0
ENSMUSG00000081082	0
ENSMUSG00000081083	0
ENSMUSG00000081084	0
ENSMUSG00000081085	0
ENSMUSG00000081086	62
ENSMUSG00000081087	0
ENSMUSG00000081088	0
ENSMUSG00000081089	0
ENSMUSG00000081092	0
ENSMUSG00000081093	0
ENSMUSG00000081094	284
ENSMUSG00000081095	0
ENSMUSG00000081096	0
ENSMUSG00000081097	0
ENSMUSG00000081098	0
ENSMUSG00000081099	11
ENSMUSG00000081100	1
ENSMUSG00000081101	0
ENSMUSG00000081103	0
ENSMUSG00000081104	1
ENSMUSG00000081106	0
ENSMUSG00000081107	0
ENSMUSG00000081108	0
ENSMUSG00000081110	0
ENSMUSG00000081111	12
ENSMUSG00000081112	0
ENSMUSG00000081113	46
ENSMUSG00000081114	0
ENSMUSG00000081115	0
ENSMUSG00000081116	0
ENSMUSG00000081117	0
ENSMUSG00000081118	0
ENSMUSG00000081119	0
ENSMUSG00000081120	0
ENSMUSG00000081121	11
ENSMUSG00000081122	0
ENSMUSG00000081123	0
ENSMUSG00000081124	0
ENSMUSG00000081125	0
ENSMUSG00000081126	0
ENSMUSG00000081127	0
ENSMUSG00000081128	26
ENSMUSG00000081129	0
ENSMUSG00000081130	0
ENSMUSG00000081131	0
ENSMUSG00000081132	0
ENSMUSG00000081133	0
ENSMUSG00000081134	0
ENSMUSG00000081135	0
ENSMUSG00000081136	0
ENSMUSG00000081137	12
ENSMUSG00000081138	4
ENSMUSG00000081139	0
ENSMUSG00000081141	0
ENSMUSG00000081142	0
ENSMUSG00000081143	0
ENSMUSG00000081144	0
ENSMUSG00000081145	0
ENSMUSG00000081146	0
ENSMUSG00000081147	0
ENSMUSG00000081148	0
ENSMUSG00000081150	0
ENSMUSG00000081151	0
ENSMUSG00000081152	4
ENSMUSG00000081153	33
ENSMUSG00000081154	0
ENSMUSG00000081155	0
ENSMUSG00000081156	2
ENSMUSG00000081157	82
ENSMUSG00000081158	1
ENSMUSG00000081159	1788
ENSMUSG00000081160	1
ENSMUSG00000081161	0
ENSMUSG00000081162	0
ENSMUSG00000081163	0
ENSMUSG00000081164	173
ENSMUSG00000081165	0
ENSMUSG00000081166	0
ENSMUSG00000081167	0
ENSMUSG00000081168	0
ENSMUSG00000081169	1
ENSMUSG00000081170	0
ENSMUSG00000081171	0
ENSMUSG00000081172	0
ENSMUSG00000081173	4
ENSMUSG00000081174	0
ENSMUSG00000081175	0
ENSMUSG00000081176	0
ENSMUSG00000081177	1
ENSMUSG00000081179	0
ENSMUSG00000081180	0
ENSMUSG00000081181	0
ENSMUSG00000081182	0
ENSMUSG00000081183	0
ENSMUSG00000081184	0
ENSMUSG00000081185	0
ENSMUSG00000081186	1
ENSMUSG00000081187	2
ENSMUSG00000081188	0
ENSMUSG00000081189	4
ENSMUSG00000081191	0
ENSMUSG00000081194	0
ENSMUSG00000081195	0
ENSMUSG00000081196	0
ENSMUSG00000081197	0
ENSMUSG00000081199	0
ENSMUSG00000081200	0
ENSMUSG00000081201	0
ENSMUSG00000081202	0
ENSMUSG00000081205	0
ENSMUSG00000081206	0
ENSMUSG00000081207	576
ENSMUSG00000081208	65
ENSMUSG00000081209	0
ENSMUSG00000081210	0
ENSMUSG00000081211	0
ENSMUSG00000081212	0
ENSMUSG00000081214	0
ENSMUSG00000081215	0
ENSMUSG00000081216	0
ENSMUSG00000081217	0
ENSMUSG00000081218	0
ENSMUSG00000081219	2
ENSMUSG00000081220	0
ENSMUSG00000081221	0
ENSMUSG00000081222	0
ENSMUSG00000081223	13
ENSMUSG00000081224	0
ENSMUSG00000081225	0
ENSMUSG00000081226	6
ENSMUSG00000081227	3
ENSMUSG00000081228	0
ENSMUSG00000081229	0
ENSMUSG00000081230	0
ENSMUSG00000081231	1
ENSMUSG00000081232	4
ENSMUSG00000081233	244
ENSMUSG00000081234	0
ENSMUSG00000081235	0
ENSMUSG00000081236	0
ENSMUSG00000081237	0
ENSMUSG00000081238	0
ENSMUSG00000081239	3
ENSMUSG00000081240	0
ENSMUSG00000081242	0
ENSMUSG00000081243	0
ENSMUSG00000081244	0
ENSMUSG00000081245	0
ENSMUSG00000081248	0
ENSMUSG00000081249	3
ENSMUSG00000081250	0
ENSMUSG00000081251	1
ENSMUSG00000081252	0
ENSMUSG00000081253	0
ENSMUSG00000081254	9
ENSMUSG00000081255	65
ENSMUSG00000081256	0
ENSMUSG00000081257	2
ENSMUSG00000081258	42
ENSMUSG00000081259	3
ENSMUSG00000081260	0
ENSMUSG00000081261	0
ENSMUSG00000081262	0
ENSMUSG00000081263	0
ENSMUSG00000081264	0
ENSMUSG00000081265	0
ENSMUSG00000081268	0
ENSMUSG00000081269	0
ENSMUSG00000081270	0
ENSMUSG00000081271	0
ENSMUSG00000081272	356
ENSMUSG00000081273	0
ENSMUSG00000081274	0
ENSMUSG00000081275	0
ENSMUSG00000081276	0
ENSMUSG00000081277	643
ENSMUSG00000081278	15
ENSMUSG00000081279	0
ENSMUSG00000081280	1
ENSMUSG00000081281	1
ENSMUSG00000081282	393
ENSMUSG00000081283	0
ENSMUSG00000081284	0
ENSMUSG00000081285	0
ENSMUSG00000081286	0
ENSMUSG00000081287	0
ENSMUSG00000081288	0
ENSMUSG00000081289	4
ENSMUSG00000081290	0
ENSMUSG00000081292	0
ENSMUSG00000081293	0
ENSMUSG00000081295	7
ENSMUSG00000081296	0
ENSMUSG00000081297	0
ENSMUSG00000081298	0
ENSMUSG00000081299	0
ENSMUSG00000081300	0
ENSMUSG00000081301	0
ENSMUSG00000081302	18
ENSMUSG00000081303	0
ENSMUSG00000081304	0
ENSMUSG00000081305	0
ENSMUSG00000081306	0
ENSMUSG00000081307	0
ENSMUSG00000081308	45
ENSMUSG00000081309	4
ENSMUSG00000081310	0
ENSMUSG00000081312	0
ENSMUSG00000081313	0
ENSMUSG00000081314	2
ENSMUSG00000081315	0
ENSMUSG00000081316	0
ENSMUSG00000081317	0
ENSMUSG00000081318	0
ENSMUSG00000081319	0
ENSMUSG00000081320	0
ENSMUSG00000081321	0
ENSMUSG00000081323	0
ENSMUSG00000081324	0
ENSMUSG00000081325	0
ENSMUSG00000081326	0
ENSMUSG00000081327	0
ENSMUSG00000081329	1
ENSMUSG00000081330	0
ENSMUSG00000081331	0
ENSMUSG00000081332	0
ENSMUSG00000081333	0
ENSMUSG00000081334	0
ENSMUSG00000081335	0
ENSMUSG00000081336	0
ENSMUSG00000081339	2
ENSMUSG00000081340	1
ENSMUSG00000081341	0
ENSMUSG00000081342	8
ENSMUSG00000081343	0
ENSMUSG00000081344	1
ENSMUSG00000081345	0
ENSMUSG00000081346	0
ENSMUSG00000081348	0
ENSMUSG00000081349	0
ENSMUSG00000081350	1
ENSMUSG00000081352	34
ENSMUSG00000081353	0
ENSMUSG00000081354	0
ENSMUSG00000081355	0
ENSMUSG00000081357	0
ENSMUSG00000081358	0
ENSMUSG00000081359	59
ENSMUSG00000081360	0
ENSMUSG00000081361	0
ENSMUSG00000081362	0
ENSMUSG00000081363	0
ENSMUSG00000081364	0
ENSMUSG00000081365	0
ENSMUSG00000081367	0
ENSMUSG00000081369	0
ENSMUSG00000081370	62
ENSMUSG00000081372	0
ENSMUSG00000081373	0
ENSMUSG00000081374	0
ENSMUSG00000081375	0
ENSMUSG00000081376	0
ENSMUSG00000081377	0
ENSMUSG00000081378	0
ENSMUSG00000081379	0
ENSMUSG00000081381	0
ENSMUSG00000081382	1
ENSMUSG00000081383	0
ENSMUSG00000081384	0
ENSMUSG00000081386	0
ENSMUSG00000081388	0
ENSMUSG00000081389	11
ENSMUSG00000081390	17
ENSMUSG00000081391	0
ENSMUSG00000081392	0
ENSMUSG00000081394	1
ENSMUSG00000081395	0
ENSMUSG00000081396	1
ENSMUSG00000081397	0
ENSMUSG00000081398	0
ENSMUSG00000081399	0
ENSMUSG00000081400	1
ENSMUSG00000081402	20
ENSMUSG00000081404	4
ENSMUSG00000081405	1
ENSMUSG00000081406	0
ENSMUSG00000081407	0
ENSMUSG00000081408	0
ENSMUSG00000081409	0
ENSMUSG00000081410	0
ENSMUSG00000081412	0
ENSMUSG00000081413	2
ENSMUSG00000081414	0
ENSMUSG00000081415	0
ENSMUSG00000081416	0
ENSMUSG00000081417	0
ENSMUSG00000081418	42
ENSMUSG00000081421	0
ENSMUSG00000081422	0
ENSMUSG00000081423	0
ENSMUSG00000081424	0
ENSMUSG00000081426	0
ENSMUSG00000081427	0
ENSMUSG00000081428	0
ENSMUSG00000081429	0
ENSMUSG00000081431	0
ENSMUSG00000081432	0
ENSMUSG00000081433	0
ENSMUSG00000081434	0
ENSMUSG00000081435	0
ENSMUSG00000081436	15
ENSMUSG00000081437	0
ENSMUSG00000081438	0
ENSMUSG00000081439	0
ENSMUSG00000081440	0
ENSMUSG00000081441	0
ENSMUSG00000081442	0
ENSMUSG00000081443	0
ENSMUSG00000081444	0
ENSMUSG00000081445	0
ENSMUSG00000081447	0
ENSMUSG00000081449	0
ENSMUSG00000081450	0
ENSMUSG00000081451	18
ENSMUSG00000081452	0
ENSMUSG00000081453	10
ENSMUSG00000081455	0
ENSMUSG00000081456	5
ENSMUSG00000081457	0
ENSMUSG00000081458	0
ENSMUSG00000081459	0
ENSMUSG00000081460	0
ENSMUSG00000081461	0
ENSMUSG00000081463	0
ENSMUSG00000081464	0
ENSMUSG00000081465	0
ENSMUSG00000081466	0
ENSMUSG00000081467	0
ENSMUSG00000081469	0
ENSMUSG00000081470	4
ENSMUSG00000081471	1
ENSMUSG00000081473	0
ENSMUSG00000081474	0
ENSMUSG00000081475	0
ENSMUSG00000081476	14
ENSMUSG00000081477	0
ENSMUSG00000081478	0
ENSMUSG00000081480	0
ENSMUSG00000081481	0
ENSMUSG00000081483	8
ENSMUSG00000081484	0
ENSMUSG00000081485	0
ENSMUSG00000081486	0
ENSMUSG00000081487	0
ENSMUSG00000081488	9
ENSMUSG00000081490	0
ENSMUSG00000081491	0
ENSMUSG00000081492	1
ENSMUSG00000081494	0
ENSMUSG00000081495	0
ENSMUSG00000081496	0
ENSMUSG00000081497	0
ENSMUSG00000081498	0
ENSMUSG00000081499	0
ENSMUSG00000081500	0
ENSMUSG00000081501	0
ENSMUSG00000081502	0
ENSMUSG00000081504	0
ENSMUSG00000081505	13
ENSMUSG00000081506	0
ENSMUSG00000081507	0
ENSMUSG00000081508	0
ENSMUSG00000081510	0
ENSMUSG00000081511	0
ENSMUSG00000081512	0
ENSMUSG00000081513	0
ENSMUSG00000081514	3
ENSMUSG00000081515	0
ENSMUSG00000081516	1
ENSMUSG00000081517	0
ENSMUSG00000081519	4
ENSMUSG00000081520	0
ENSMUSG00000081522	0
ENSMUSG00000081523	0
ENSMUSG00000081524	0
ENSMUSG00000081525	0
ENSMUSG00000081526	0
ENSMUSG00000081528	0
ENSMUSG00000081529	0
ENSMUSG00000081530	0
ENSMUSG00000081531	0
ENSMUSG00000081532	0
ENSMUSG00000081533	0
ENSMUSG00000081534	1293
ENSMUSG00000081536	0
ENSMUSG00000081537	0
ENSMUSG00000081538	0
ENSMUSG00000081539	0
ENSMUSG00000081540	25
ENSMUSG00000081541	0
ENSMUSG00000081542	0
ENSMUSG00000081543	0
ENSMUSG00000081544	0
ENSMUSG00000081546	7
ENSMUSG00000081547	0
ENSMUSG00000081548	0
ENSMUSG00000081550	0
ENSMUSG00000081551	0
ENSMUSG00000081552	0
ENSMUSG00000081553	7
ENSMUSG00000081555	0
ENSMUSG00000081556	0
ENSMUSG00000081557	21
ENSMUSG00000081559	0
ENSMUSG00000081560	0
ENSMUSG00000081561	0
ENSMUSG00000081562	0
ENSMUSG00000081563	3
ENSMUSG00000081564	3
ENSMUSG00000081565	0
ENSMUSG00000081566	0
ENSMUSG00000081567	0
ENSMUSG00000081568	0
ENSMUSG00000081569	0
ENSMUSG00000081570	0
ENSMUSG00000081571	0
ENSMUSG00000081572	0
ENSMUSG00000081573	0
ENSMUSG00000081574	0
ENSMUSG00000081575	0
ENSMUSG00000081576	0
ENSMUSG00000081577	0
ENSMUSG00000081578	2
ENSMUSG00000081579	0
ENSMUSG00000081580	0
ENSMUSG00000081583	10
ENSMUSG00000081584	221
ENSMUSG00000081585	0
ENSMUSG00000081586	0
ENSMUSG00000081587	0
ENSMUSG00000081588	0
ENSMUSG00000081589	0
ENSMUSG00000081590	0
ENSMUSG00000081591	0
ENSMUSG00000081592	0
ENSMUSG00000081593	0
ENSMUSG00000081594	0
ENSMUSG00000081595	0
ENSMUSG00000081596	0
ENSMUSG00000081597	0
ENSMUSG00000081598	0
ENSMUSG00000081599	0
ENSMUSG00000081600	0
ENSMUSG00000081601	0
ENSMUSG00000081602	1
ENSMUSG00000081603	120
ENSMUSG00000081604	0
ENSMUSG00000081605	0
ENSMUSG00000081606	0
ENSMUSG00000081607	0
ENSMUSG00000081608	0
ENSMUSG00000081609	0
ENSMUSG00000081610	0
ENSMUSG00000081611	7
ENSMUSG00000081612	0
ENSMUSG00000081613	0
ENSMUSG00000081614	0
ENSMUSG00000081615	0
ENSMUSG00000081616	0
ENSMUSG00000081617	0
ENSMUSG00000081618	0
ENSMUSG00000081619	0
ENSMUSG00000081620	0
ENSMUSG00000081621	0
ENSMUSG00000081622	0
ENSMUSG00000081623	0
ENSMUSG00000081624	1
ENSMUSG00000081625	0
ENSMUSG00000081626	0
ENSMUSG00000081627	0
ENSMUSG00000081628	0
ENSMUSG00000081629	163
ENSMUSG00000081630	0
ENSMUSG00000081631	0
ENSMUSG00000081632	0
ENSMUSG00000081633	37
ENSMUSG00000081635	0
ENSMUSG00000081636	0
ENSMUSG00000081638	0
ENSMUSG00000081639	0
ENSMUSG00000081640	0
ENSMUSG00000081641	0
ENSMUSG00000081642	0
ENSMUSG00000081643	32
ENSMUSG00000081646	0
ENSMUSG00000081647	0
ENSMUSG00000081648	2
ENSMUSG00000081649	0
ENSMUSG00000081650	0
ENSMUSG00000081651	0
ENSMUSG00000081652	0
ENSMUSG00000081653	0
ENSMUSG00000081654	0
ENSMUSG00000081656	0
ENSMUSG00000081657	0
ENSMUSG00000081658	0
ENSMUSG00000081659	0
ENSMUSG00000081660	1
ENSMUSG00000081661	33
ENSMUSG00000081662	0
ENSMUSG00000081663	0
ENSMUSG00000081664	39
ENSMUSG00000081665	0
ENSMUSG00000081666	0
ENSMUSG00000081667	0
ENSMUSG00000081668	0
ENSMUSG00000081669	25
ENSMUSG00000081670	0
ENSMUSG00000081671	0
ENSMUSG00000081672	0
ENSMUSG00000081673	6
ENSMUSG00000081674	0
ENSMUSG00000081675	0
ENSMUSG00000081676	0
ENSMUSG00000081677	1
ENSMUSG00000081678	0
ENSMUSG00000081679	0
ENSMUSG00000081680	0
ENSMUSG00000081681	0
ENSMUSG00000081683	0
ENSMUSG00000081684	0
ENSMUSG00000081685	0
ENSMUSG00000081686	0
ENSMUSG00000081687	0
ENSMUSG00000081688	0
ENSMUSG00000081689	0
ENSMUSG00000081690	0
ENSMUSG00000081691	1
ENSMUSG00000081692	0
ENSMUSG00000081693	0
ENSMUSG00000081694	0
ENSMUSG00000081695	0
ENSMUSG00000081696	0
ENSMUSG00000081697	0
ENSMUSG00000081698	0
ENSMUSG00000081699	0
ENSMUSG00000081700	373
ENSMUSG00000081701	1
ENSMUSG00000081703	0
ENSMUSG00000081704	191
ENSMUSG00000081705	5
ENSMUSG00000081706	0
ENSMUSG00000081707	0
ENSMUSG00000081709	0
ENSMUSG00000081711	0
ENSMUSG00000081712	24
ENSMUSG00000081713	0
ENSMUSG00000081714	0
ENSMUSG00000081715	0
ENSMUSG00000081716	0
ENSMUSG00000081717	0
ENSMUSG00000081718	2
ENSMUSG00000081719	0
ENSMUSG00000081720	0
ENSMUSG00000081721	1
ENSMUSG00000081722	0
ENSMUSG00000081723	0
ENSMUSG00000081724	0
ENSMUSG00000081728	0
ENSMUSG00000081729	318
ENSMUSG00000081730	1
ENSMUSG00000081731	225
ENSMUSG00000081732	3
ENSMUSG00000081733	2
ENSMUSG00000081734	0
ENSMUSG00000081735	0
ENSMUSG00000081736	0
ENSMUSG00000081737	0
ENSMUSG00000081738	0
ENSMUSG00000081739	10
ENSMUSG00000081740	0
ENSMUSG00000081741	0
ENSMUSG00000081742	0
ENSMUSG00000081743	0
ENSMUSG00000081744	0
ENSMUSG00000081745	0
ENSMUSG00000081746	0
ENSMUSG00000081747	0
ENSMUSG00000081748	0
ENSMUSG00000081749	0
ENSMUSG00000081750	0
ENSMUSG00000081751	0
ENSMUSG00000081752	1
ENSMUSG00000081755	0
ENSMUSG00000081756	0
ENSMUSG00000081757	0
ENSMUSG00000081758	0
ENSMUSG00000081761	0
ENSMUSG00000081762	0
ENSMUSG00000081763	1
ENSMUSG00000081765	0
ENSMUSG00000081766	0
ENSMUSG00000081767	0
ENSMUSG00000081768	0
ENSMUSG00000081769	10
ENSMUSG00000081770	0
ENSMUSG00000081771	0
ENSMUSG00000081772	270
ENSMUSG00000081773	1
ENSMUSG00000081774	0
ENSMUSG00000081775	5
ENSMUSG00000081777	0
ENSMUSG00000081778	0
ENSMUSG00000081779	0
ENSMUSG00000081781	1
ENSMUSG00000081782	0
ENSMUSG00000081783	0
ENSMUSG00000081784	0
ENSMUSG00000081786	0
ENSMUSG00000081787	12
ENSMUSG00000081788	29
ENSMUSG00000081789	0
ENSMUSG00000081791	0
ENSMUSG00000081792	36
ENSMUSG00000081793	0
ENSMUSG00000081796	0
ENSMUSG00000081797	0
ENSMUSG00000081798	0
ENSMUSG00000081799	0
ENSMUSG00000081800	0
ENSMUSG00000081801	0
ENSMUSG00000081803	0
ENSMUSG00000081804	0
ENSMUSG00000081805	0
ENSMUSG00000081806	0
ENSMUSG00000081807	0
ENSMUSG00000081809	2
ENSMUSG00000081810	0
ENSMUSG00000081811	0
ENSMUSG00000081812	0
ENSMUSG00000081813	0
ENSMUSG00000081814	0
ENSMUSG00000081816	0
ENSMUSG00000081817	0
ENSMUSG00000081819	0
ENSMUSG00000081820	0
ENSMUSG00000081821	0
ENSMUSG00000081822	0
ENSMUSG00000081823	0
ENSMUSG00000081824	31
ENSMUSG00000081827	0
ENSMUSG00000081828	0
ENSMUSG00000081829	0
ENSMUSG00000081830	0
ENSMUSG00000081831	0
ENSMUSG00000081832	0
ENSMUSG00000081833	0
ENSMUSG00000081834	0
ENSMUSG00000081835	0
ENSMUSG00000081836	0
ENSMUSG00000081837	0
ENSMUSG00000081838	0
ENSMUSG00000081839	0
ENSMUSG00000081840	0
ENSMUSG00000081841	1
ENSMUSG00000081842	1
ENSMUSG00000081843	0
ENSMUSG00000081844	1
ENSMUSG00000081845	1
ENSMUSG00000081847	0
ENSMUSG00000081848	1
ENSMUSG00000081849	0
ENSMUSG00000081851	0
ENSMUSG00000081852	0
ENSMUSG00000081853	0
ENSMUSG00000081854	0
ENSMUSG00000081855	0
ENSMUSG00000081856	0
ENSMUSG00000081857	0
ENSMUSG00000081858	0
ENSMUSG00000081859	0
ENSMUSG00000081860	0
ENSMUSG00000081861	0
ENSMUSG00000081862	0
ENSMUSG00000081863	0
ENSMUSG00000081864	0
ENSMUSG00000081865	0
ENSMUSG00000081866	0
ENSMUSG00000081868	0
ENSMUSG00000081869	0
ENSMUSG00000081870	0
ENSMUSG00000081871	31
ENSMUSG00000081872	0
ENSMUSG00000081873	0
ENSMUSG00000081874	0
ENSMUSG00000081875	1
ENSMUSG00000081876	0
ENSMUSG00000081877	0
ENSMUSG00000081878	0
ENSMUSG00000081879	0
ENSMUSG00000081880	0
ENSMUSG00000081881	1
ENSMUSG00000081882	0
ENSMUSG00000081883	0
ENSMUSG00000081884	0
ENSMUSG00000081885	1
ENSMUSG00000081886	0
ENSMUSG00000081887	35
ENSMUSG00000081888	223
ENSMUSG00000081889	0
ENSMUSG00000081890	0
ENSMUSG00000081891	0
ENSMUSG00000081892	3
ENSMUSG00000081893	0
ENSMUSG00000081894	0
ENSMUSG00000081895	0
ENSMUSG00000081896	6
ENSMUSG00000081897	0
ENSMUSG00000081898	0
ENSMUSG00000081900	0
ENSMUSG00000081901	0
ENSMUSG00000081903	0
ENSMUSG00000081904	0
ENSMUSG00000081905	0
ENSMUSG00000081906	0
ENSMUSG00000081907	1
ENSMUSG00000081908	0
ENSMUSG00000081909	0
ENSMUSG00000081910	0
ENSMUSG00000081911	0
ENSMUSG00000081912	0
ENSMUSG00000081913	0
ENSMUSG00000081914	0
ENSMUSG00000081916	0
ENSMUSG00000081917	3
ENSMUSG00000081918	0
ENSMUSG00000081919	0
ENSMUSG00000081920	10
ENSMUSG00000081921	0
ENSMUSG00000081923	6
ENSMUSG00000081924	0
ENSMUSG00000081925	0
ENSMUSG00000081926	0
ENSMUSG00000081928	0
ENSMUSG00000081929	1
ENSMUSG00000081931	0
ENSMUSG00000081932	2
ENSMUSG00000081933	1
ENSMUSG00000081934	0
ENSMUSG00000081935	0
ENSMUSG00000081936	0
ENSMUSG00000081937	0
ENSMUSG00000081938	0
ENSMUSG00000081939	0
ENSMUSG00000081940	0
ENSMUSG00000081941	0
ENSMUSG00000081942	0
ENSMUSG00000081943	0
ENSMUSG00000081944	24
ENSMUSG00000081945	0
ENSMUSG00000081946	0
ENSMUSG00000081947	0
ENSMUSG00000081948	0
ENSMUSG00000081949	0
ENSMUSG00000081950	0
ENSMUSG00000081951	0
ENSMUSG00000081952	28
ENSMUSG00000081953	0
ENSMUSG00000081954	0
ENSMUSG00000081955	0
ENSMUSG00000081957	3
ENSMUSG00000081958	0
ENSMUSG00000081959	0
ENSMUSG00000081960	0
ENSMUSG00000081961	0
ENSMUSG00000081962	0
ENSMUSG00000081964	0
ENSMUSG00000081965	1
ENSMUSG00000081966	0
ENSMUSG00000081967	153
ENSMUSG00000081968	0
ENSMUSG00000081969	0
ENSMUSG00000081970	0
ENSMUSG00000081971	0
ENSMUSG00000081972	0
ENSMUSG00000081973	0
ENSMUSG00000081974	0
ENSMUSG00000081975	1
ENSMUSG00000081976	0
ENSMUSG00000081978	0
ENSMUSG00000081979	0
ENSMUSG00000081980	0
ENSMUSG00000081982	0
ENSMUSG00000081984	0
ENSMUSG00000081985	0
ENSMUSG00000081986	0
ENSMUSG00000081987	0
ENSMUSG00000081988	0
ENSMUSG00000081991	0
ENSMUSG00000081992	1
ENSMUSG00000081993	0
ENSMUSG00000081994	0
ENSMUSG00000081995	0
ENSMUSG00000081996	0
ENSMUSG00000081998	1
ENSMUSG00000081999	39
ENSMUSG00000082000	0
ENSMUSG00000082001	0
ENSMUSG00000082002	0
ENSMUSG00000082005	0
ENSMUSG00000082006	0
ENSMUSG00000082007	0
ENSMUSG00000082008	0
ENSMUSG00000082009	0
ENSMUSG00000082010	0
ENSMUSG00000082011	0
ENSMUSG00000082012	0
ENSMUSG00000082013	2
ENSMUSG00000082014	0
ENSMUSG00000082015	0
ENSMUSG00000082016	1
ENSMUSG00000082017	2
ENSMUSG00000082018	0
ENSMUSG00000082019	0
ENSMUSG00000082020	0
ENSMUSG00000082021	0
ENSMUSG00000082022	0
ENSMUSG00000082023	0
ENSMUSG00000082024	0
ENSMUSG00000082025	0
ENSMUSG00000082026	0
ENSMUSG00000082027	0
ENSMUSG00000082028	7
ENSMUSG00000082029	0
ENSMUSG00000082030	0
ENSMUSG00000082031	0
ENSMUSG00000082032	0
ENSMUSG00000082033	0
ENSMUSG00000082035	0
ENSMUSG00000082036	0
ENSMUSG00000082037	0
ENSMUSG00000082038	0
ENSMUSG00000082039	5
ENSMUSG00000082040	0
ENSMUSG00000082042	0
ENSMUSG00000082043	6
ENSMUSG00000082044	58
ENSMUSG00000082045	0
ENSMUSG00000082046	0
ENSMUSG00000082047	0
ENSMUSG00000082048	0
ENSMUSG00000082049	0
ENSMUSG00000082051	6
ENSMUSG00000082052	0
ENSMUSG00000082053	0
ENSMUSG00000082054	13
ENSMUSG00000082056	0
ENSMUSG00000082057	0
ENSMUSG00000082058	0
ENSMUSG00000082059	0
ENSMUSG00000082060	0
ENSMUSG00000082061	0
ENSMUSG00000082062	0
ENSMUSG00000082063	6
ENSMUSG00000082064	1
ENSMUSG00000082065	4
ENSMUSG00000082066	4
ENSMUSG00000082068	2
ENSMUSG00000082069	0
ENSMUSG00000082070	3
ENSMUSG00000082071	0
ENSMUSG00000082072	0
ENSMUSG00000082073	0
ENSMUSG00000082074	0
ENSMUSG00000082076	0
ENSMUSG00000082077	0
ENSMUSG00000082078	0
ENSMUSG00000082079	0
ENSMUSG00000082080	0
ENSMUSG00000082081	0
ENSMUSG00000082082	0
ENSMUSG00000082083	0
ENSMUSG00000082084	0
ENSMUSG00000082085	0
ENSMUSG00000082087	0
ENSMUSG00000082088	3
ENSMUSG00000082089	0
ENSMUSG00000082090	0
ENSMUSG00000082091	0
ENSMUSG00000082092	0
ENSMUSG00000082093	0
ENSMUSG00000082095	0
ENSMUSG00000082096	0
ENSMUSG00000082097	0
ENSMUSG00000082098	0
ENSMUSG00000082099	0
ENSMUSG00000082100	273
ENSMUSG00000082101	0
ENSMUSG00000082103	0
ENSMUSG00000082104	0
ENSMUSG00000082106	0
ENSMUSG00000082107	0
ENSMUSG00000082108	0
ENSMUSG00000082109	0
ENSMUSG00000082110	0
ENSMUSG00000082111	0
ENSMUSG00000082112	0
ENSMUSG00000082113	4
ENSMUSG00000082114	0
ENSMUSG00000082115	0
ENSMUSG00000082116	0
ENSMUSG00000082117	2
ENSMUSG00000082118	0
ENSMUSG00000082119	0
ENSMUSG00000082120	14
ENSMUSG00000082121	0
ENSMUSG00000082122	3
ENSMUSG00000082123	0
ENSMUSG00000082125	19
ENSMUSG00000082126	0
ENSMUSG00000082127	0
ENSMUSG00000082128	0
ENSMUSG00000082129	0
ENSMUSG00000082130	0
ENSMUSG00000082132	0
ENSMUSG00000082134	0
ENSMUSG00000082135	0
ENSMUSG00000082136	0
ENSMUSG00000082138	0
ENSMUSG00000082139	0
ENSMUSG00000082140	0
ENSMUSG00000082141	2
ENSMUSG00000082142	0
ENSMUSG00000082143	0
ENSMUSG00000082144	0
ENSMUSG00000082145	26
ENSMUSG00000082146	0
ENSMUSG00000082147	0
ENSMUSG00000082148	0
ENSMUSG00000082149	0
ENSMUSG00000082151	0
ENSMUSG00000082152	0
ENSMUSG00000082154	8
ENSMUSG00000082155	0
ENSMUSG00000082156	0
ENSMUSG00000082157	0
ENSMUSG00000082158	0
ENSMUSG00000082159	0
ENSMUSG00000082160	0
ENSMUSG00000082161	0
ENSMUSG00000082162	0
ENSMUSG00000082163	5
ENSMUSG00000082164	4
ENSMUSG00000082165	0
ENSMUSG00000082167	0
ENSMUSG00000082168	0
ENSMUSG00000082169	1
ENSMUSG00000082170	0
ENSMUSG00000082171	0
ENSMUSG00000082172	0
ENSMUSG00000082173	0
ENSMUSG00000082174	0
ENSMUSG00000082175	0
ENSMUSG00000082176	0
ENSMUSG00000082177	0
ENSMUSG00000082178	0
ENSMUSG00000082179	5
ENSMUSG00000082180	0
ENSMUSG00000082181	0
ENSMUSG00000082183	0
ENSMUSG00000082185	1
ENSMUSG00000082186	0
ENSMUSG00000082187	0
ENSMUSG00000082188	0
ENSMUSG00000082189	5
ENSMUSG00000082190	0
ENSMUSG00000082191	0
ENSMUSG00000082192	69
ENSMUSG00000082193	0
ENSMUSG00000082194	5
ENSMUSG00000082195	0
ENSMUSG00000082196	0
ENSMUSG00000082197	0
ENSMUSG00000082198	0
ENSMUSG00000082199	0
ENSMUSG00000082200	0
ENSMUSG00000082202	0
ENSMUSG00000082203	0
ENSMUSG00000082204	0
ENSMUSG00000082205	0
ENSMUSG00000082207	0
ENSMUSG00000082208	0
ENSMUSG00000082210	0
ENSMUSG00000082211	0
ENSMUSG00000082212	0
ENSMUSG00000082213	0
ENSMUSG00000082214	0
ENSMUSG00000082215	0
ENSMUSG00000082216	0
ENSMUSG00000082217	0
ENSMUSG00000082218	20
ENSMUSG00000082220	0
ENSMUSG00000082222	0
ENSMUSG00000082223	0
ENSMUSG00000082225	0
ENSMUSG00000082226	3
ENSMUSG00000082227	0
ENSMUSG00000082228	7
ENSMUSG00000082229	0
ENSMUSG00000082233	0
ENSMUSG00000082234	2
ENSMUSG00000082235	0
ENSMUSG00000082236	0
ENSMUSG00000082237	0
ENSMUSG00000082238	0
ENSMUSG00000082239	0
ENSMUSG00000082240	0
ENSMUSG00000082241	0
ENSMUSG00000082242	0
ENSMUSG00000082243	0
ENSMUSG00000082244	0
ENSMUSG00000082245	0
ENSMUSG00000082246	0
ENSMUSG00000082247	0
ENSMUSG00000082248	0
ENSMUSG00000082249	0
ENSMUSG00000082250	0
ENSMUSG00000082251	0
ENSMUSG00000082252	0
ENSMUSG00000082253	13
ENSMUSG00000082254	0
ENSMUSG00000082255	0
ENSMUSG00000082256	0
ENSMUSG00000082258	121
ENSMUSG00000082259	0
ENSMUSG00000082260	0
ENSMUSG00000082261	0
ENSMUSG00000082262	0
ENSMUSG00000082263	0
ENSMUSG00000082264	23
ENSMUSG00000082265	1
ENSMUSG00000082266	0
ENSMUSG00000082267	0
ENSMUSG00000082268	0
ENSMUSG00000082269	0
ENSMUSG00000082270	0
ENSMUSG00000082271	3
ENSMUSG00000082272	39
ENSMUSG00000082274	5
ENSMUSG00000082275	0
ENSMUSG00000082276	0
ENSMUSG00000082277	3
ENSMUSG00000082278	0
ENSMUSG00000082279	19
ENSMUSG00000082280	0
ENSMUSG00000082281	0
ENSMUSG00000082283	0
ENSMUSG00000082284	0
ENSMUSG00000082285	0
ENSMUSG00000082286	105
ENSMUSG00000082287	4
ENSMUSG00000082288	0
ENSMUSG00000082289	0
ENSMUSG00000082291	0
ENSMUSG00000082292	13
ENSMUSG00000082294	0
ENSMUSG00000082295	0
ENSMUSG00000082296	0
ENSMUSG00000082297	0
ENSMUSG00000082301	28
ENSMUSG00000082302	0
ENSMUSG00000082303	0
ENSMUSG00000082304	0
ENSMUSG00000082305	0
ENSMUSG00000082306	0
ENSMUSG00000082307	1
ENSMUSG00000082308	17
ENSMUSG00000082309	0
ENSMUSG00000082310	0
ENSMUSG00000082311	0
ENSMUSG00000082312	2
ENSMUSG00000082313	0
ENSMUSG00000082314	0
ENSMUSG00000082315	9
ENSMUSG00000082316	0
ENSMUSG00000082317	0
ENSMUSG00000082318	0
ENSMUSG00000082319	117
ENSMUSG00000082320	0
ENSMUSG00000082321	101
ENSMUSG00000082322	0
ENSMUSG00000082323	0
ENSMUSG00000082324	0
ENSMUSG00000082325	0
ENSMUSG00000082326	0
ENSMUSG00000082327	0
ENSMUSG00000082328	0
ENSMUSG00000082329	0
ENSMUSG00000082330	0
ENSMUSG00000082332	0
ENSMUSG00000082333	0
ENSMUSG00000082334	9
ENSMUSG00000082336	0
ENSMUSG00000082337	0
ENSMUSG00000082338	0
ENSMUSG00000082339	0
ENSMUSG00000082340	0
ENSMUSG00000082341	0
ENSMUSG00000082342	0
ENSMUSG00000082343	0
ENSMUSG00000082344	0
ENSMUSG00000082345	0
ENSMUSG00000082346	0
ENSMUSG00000082347	0
ENSMUSG00000082348	3
ENSMUSG00000082350	0
ENSMUSG00000082351	0
ENSMUSG00000082352	0
ENSMUSG00000082353	0
ENSMUSG00000082354	0
ENSMUSG00000082356	0
ENSMUSG00000082357	0
ENSMUSG00000082358	0
ENSMUSG00000082359	0
ENSMUSG00000082360	1
ENSMUSG00000082361	83
ENSMUSG00000082362	0
ENSMUSG00000082363	36
ENSMUSG00000082364	0
ENSMUSG00000082365	0
ENSMUSG00000082367	0
ENSMUSG00000082368	49
ENSMUSG00000082369	0
ENSMUSG00000082370	0
ENSMUSG00000082371	0
ENSMUSG00000082372	0
ENSMUSG00000082373	0
ENSMUSG00000082374	2
ENSMUSG00000082375	0
ENSMUSG00000082376	0
ENSMUSG00000082377	0
ENSMUSG00000082378	0
ENSMUSG00000082379	0
ENSMUSG00000082380	0
ENSMUSG00000082381	7
ENSMUSG00000082382	0
ENSMUSG00000082383	7
ENSMUSG00000082388	0
ENSMUSG00000082389	7
ENSMUSG00000082390	0
ENSMUSG00000082392	0
ENSMUSG00000082393	295
ENSMUSG00000082394	0
ENSMUSG00000082395	0
ENSMUSG00000082396	8
ENSMUSG00000082397	0
ENSMUSG00000082398	0
ENSMUSG00000082399	0
ENSMUSG00000082400	0
ENSMUSG00000082402	0
ENSMUSG00000082403	0
ENSMUSG00000082404	0
ENSMUSG00000082405	0
ENSMUSG00000082406	0
ENSMUSG00000082407	0
ENSMUSG00000082408	0
ENSMUSG00000082410	0
ENSMUSG00000082411	0
ENSMUSG00000082412	0
ENSMUSG00000082413	0
ENSMUSG00000082414	0
ENSMUSG00000082415	0
ENSMUSG00000082416	0
ENSMUSG00000082417	0
ENSMUSG00000082418	0
ENSMUSG00000082419	0
ENSMUSG00000082420	19
ENSMUSG00000082421	0
ENSMUSG00000082422	0
ENSMUSG00000082423	345
ENSMUSG00000082424	0
ENSMUSG00000082426	0
ENSMUSG00000082427	0
ENSMUSG00000082428	0
ENSMUSG00000082429	2
ENSMUSG00000082431	84
ENSMUSG00000082432	0
ENSMUSG00000082433	0
ENSMUSG00000082435	0
ENSMUSG00000082436	1
ENSMUSG00000082437	0
ENSMUSG00000082440	0
ENSMUSG00000082442	0
ENSMUSG00000082443	0
ENSMUSG00000082444	0
ENSMUSG00000082446	0
ENSMUSG00000082447	0
ENSMUSG00000082448	0
ENSMUSG00000082449	0
ENSMUSG00000082450	0
ENSMUSG00000082451	0
ENSMUSG00000082453	0
ENSMUSG00000082454	712
ENSMUSG00000082455	0
ENSMUSG00000082456	0
ENSMUSG00000082457	0
ENSMUSG00000082458	0
ENSMUSG00000082459	0
ENSMUSG00000082460	0
ENSMUSG00000082461	10
ENSMUSG00000082462	0
ENSMUSG00000082463	0
ENSMUSG00000082464	0
ENSMUSG00000082465	0
ENSMUSG00000082467	1
ENSMUSG00000082468	0
ENSMUSG00000082472	0
ENSMUSG00000082473	0
ENSMUSG00000082474	0
ENSMUSG00000082475	0
ENSMUSG00000082476	0
ENSMUSG00000082478	1
ENSMUSG00000082479	0
ENSMUSG00000082480	0
ENSMUSG00000082481	1
ENSMUSG00000082482	0
ENSMUSG00000082483	1
ENSMUSG00000082484	0
ENSMUSG00000082485	0
ENSMUSG00000082486	0
ENSMUSG00000082487	0
ENSMUSG00000082488	0
ENSMUSG00000082489	0
ENSMUSG00000082490	0
ENSMUSG00000082491	8
ENSMUSG00000082492	0
ENSMUSG00000082494	0
ENSMUSG00000082495	0
ENSMUSG00000082496	0
ENSMUSG00000082497	0
ENSMUSG00000082498	0
ENSMUSG00000082499	0
ENSMUSG00000082500	0
ENSMUSG00000082501	0
ENSMUSG00000082502	0
ENSMUSG00000082503	0
ENSMUSG00000082504	0
ENSMUSG00000082505	0
ENSMUSG00000082507	0
ENSMUSG00000082508	0
ENSMUSG00000082510	0
ENSMUSG00000082511	0
ENSMUSG00000082512	1
ENSMUSG00000082513	1
ENSMUSG00000082514	2
ENSMUSG00000082515	2
ENSMUSG00000082516	22
ENSMUSG00000082517	0
ENSMUSG00000082519	0
ENSMUSG00000082520	0
ENSMUSG00000082523	0
ENSMUSG00000082524	0
ENSMUSG00000082526	0
ENSMUSG00000082527	0
ENSMUSG00000082528	0
ENSMUSG00000082529	0
ENSMUSG00000082530	4
ENSMUSG00000082531	0
ENSMUSG00000082532	0
ENSMUSG00000082533	0
ENSMUSG00000082534	18
ENSMUSG00000082535	0
ENSMUSG00000082536	15
ENSMUSG00000082537	0
ENSMUSG00000082538	0
ENSMUSG00000082539	1
ENSMUSG00000082540	0
ENSMUSG00000082541	0
ENSMUSG00000082542	0
ENSMUSG00000082543	0
ENSMUSG00000082544	0
ENSMUSG00000082545	0
ENSMUSG00000082546	0
ENSMUSG00000082547	0
ENSMUSG00000082548	0
ENSMUSG00000082549	0
ENSMUSG00000082550	1
ENSMUSG00000082551	0
ENSMUSG00000082552	0
ENSMUSG00000082553	0
ENSMUSG00000082554	0
ENSMUSG00000082555	0
ENSMUSG00000082556	0
ENSMUSG00000082558	0
ENSMUSG00000082560	0
ENSMUSG00000082561	0
ENSMUSG00000082562	0
ENSMUSG00000082563	0
ENSMUSG00000082564	0
ENSMUSG00000082565	0
ENSMUSG00000082566	0
ENSMUSG00000082567	0
ENSMUSG00000082569	0
ENSMUSG00000082570	0
ENSMUSG00000082571	4
ENSMUSG00000082573	0
ENSMUSG00000082574	0
ENSMUSG00000082575	122
ENSMUSG00000082576	1
ENSMUSG00000082577	0
ENSMUSG00000082578	0
ENSMUSG00000082579	0
ENSMUSG00000082580	0
ENSMUSG00000082581	0
ENSMUSG00000082583	0
ENSMUSG00000082584	0
ENSMUSG00000082585	0
ENSMUSG00000082586	0
ENSMUSG00000082587	0
ENSMUSG00000082588	22
ENSMUSG00000082589	0
ENSMUSG00000082590	0
ENSMUSG00000082591	0
ENSMUSG00000082592	0
ENSMUSG00000082593	0
ENSMUSG00000082594	0
ENSMUSG00000082595	0
ENSMUSG00000082596	51
ENSMUSG00000082597	0
ENSMUSG00000082598	0
ENSMUSG00000082599	0
ENSMUSG00000082600	0
ENSMUSG00000082601	13
ENSMUSG00000082602	0
ENSMUSG00000082604	0
ENSMUSG00000082605	0
ENSMUSG00000082606	0
ENSMUSG00000082607	19
ENSMUSG00000082608	0
ENSMUSG00000082609	0
ENSMUSG00000082610	3
ENSMUSG00000082611	0
ENSMUSG00000082612	0
ENSMUSG00000082613	0
ENSMUSG00000082614	0
ENSMUSG00000082615	0
ENSMUSG00000082616	0
ENSMUSG00000082617	0
ENSMUSG00000082618	0
ENSMUSG00000082619	0
ENSMUSG00000082620	0
ENSMUSG00000082621	0
ENSMUSG00000082622	0
ENSMUSG00000082623	0
ENSMUSG00000082624	0
ENSMUSG00000082625	2
ENSMUSG00000082626	0
ENSMUSG00000082628	0
ENSMUSG00000082629	0
ENSMUSG00000082630	0
ENSMUSG00000082632	1
ENSMUSG00000082633	0
ENSMUSG00000082634	3
ENSMUSG00000082635	0
ENSMUSG00000082636	0
ENSMUSG00000082637	0
ENSMUSG00000082638	0
ENSMUSG00000082639	0
ENSMUSG00000082641	0
ENSMUSG00000082644	1
ENSMUSG00000082645	0
ENSMUSG00000082646	2
ENSMUSG00000082647	0
ENSMUSG00000082648	0
ENSMUSG00000082649	3
ENSMUSG00000082650	0
ENSMUSG00000082651	0
ENSMUSG00000082652	0
ENSMUSG00000082653	0
ENSMUSG00000082655	0
ENSMUSG00000082656	0
ENSMUSG00000082657	0
ENSMUSG00000082658	0
ENSMUSG00000082660	2
ENSMUSG00000082661	0
ENSMUSG00000082662	0
ENSMUSG00000082663	0
ENSMUSG00000082664	0
ENSMUSG00000082665	12
ENSMUSG00000082666	0
ENSMUSG00000082667	0
ENSMUSG00000082669	19
ENSMUSG00000082670	0
ENSMUSG00000082671	0
ENSMUSG00000082672	0
ENSMUSG00000082673	0
ENSMUSG00000082674	11
ENSMUSG00000082675	141
ENSMUSG00000082676	18
ENSMUSG00000082677	3
ENSMUSG00000082678	2
ENSMUSG00000082679	0
ENSMUSG00000082680	0
ENSMUSG00000082681	0
ENSMUSG00000082682	0
ENSMUSG00000082683	0
ENSMUSG00000082684	0
ENSMUSG00000082686	0
ENSMUSG00000082687	27
ENSMUSG00000082688	0
ENSMUSG00000082689	0
ENSMUSG00000082690	0
ENSMUSG00000082691	5
ENSMUSG00000082692	0
ENSMUSG00000082693	7
ENSMUSG00000082696	0
ENSMUSG00000082698	0
ENSMUSG00000082699	0
ENSMUSG00000082700	0
ENSMUSG00000082701	0
ENSMUSG00000082703	0
ENSMUSG00000082704	0
ENSMUSG00000082705	0
ENSMUSG00000082706	0
ENSMUSG00000082707	1
ENSMUSG00000082708	0
ENSMUSG00000082709	0
ENSMUSG00000082710	0
ENSMUSG00000082711	0
ENSMUSG00000082712	0
ENSMUSG00000082713	0
ENSMUSG00000082714	0
ENSMUSG00000082715	849
ENSMUSG00000082716	0
ENSMUSG00000082717	0
ENSMUSG00000082718	0
ENSMUSG00000082720	0
ENSMUSG00000082721	0
ENSMUSG00000082722	0
ENSMUSG00000082723	0
ENSMUSG00000082724	0
ENSMUSG00000082725	0
ENSMUSG00000082726	0
ENSMUSG00000082727	0
ENSMUSG00000082728	0
ENSMUSG00000082729	0
ENSMUSG00000082730	0
ENSMUSG00000082732	0
ENSMUSG00000082733	0
ENSMUSG00000082734	0
ENSMUSG00000082735	0
ENSMUSG00000082736	0
ENSMUSG00000082737	0
ENSMUSG00000082738	0
ENSMUSG00000082739	0
ENSMUSG00000082740	13
ENSMUSG00000082741	0
ENSMUSG00000082743	43
ENSMUSG00000082744	0
ENSMUSG00000082745	0
ENSMUSG00000082746	1
ENSMUSG00000082749	0
ENSMUSG00000082750	0
ENSMUSG00000082751	0
ENSMUSG00000082752	0
ENSMUSG00000082754	0
ENSMUSG00000082755	0
ENSMUSG00000082757	0
ENSMUSG00000082758	0
ENSMUSG00000082759	0
ENSMUSG00000082760	0
ENSMUSG00000082762	0
ENSMUSG00000082763	0
ENSMUSG00000082765	0
ENSMUSG00000082766	1
ENSMUSG00000082767	0
ENSMUSG00000082768	0
ENSMUSG00000082769	0
ENSMUSG00000082770	0
ENSMUSG00000082771	0
ENSMUSG00000082772	0
ENSMUSG00000082773	0
ENSMUSG00000082774	10
ENSMUSG00000082775	0
ENSMUSG00000082776	19
ENSMUSG00000082777	0
ENSMUSG00000082778	0
ENSMUSG00000082779	2
ENSMUSG00000082780	0
ENSMUSG00000082781	0
ENSMUSG00000082782	0
ENSMUSG00000082783	0
ENSMUSG00000082784	0
ENSMUSG00000082785	0
ENSMUSG00000082786	0
ENSMUSG00000082788	0
ENSMUSG00000082789	0
ENSMUSG00000082790	0
ENSMUSG00000082791	14
ENSMUSG00000082792	0
ENSMUSG00000082793	0
ENSMUSG00000082794	0
ENSMUSG00000082795	0
ENSMUSG00000082796	0
ENSMUSG00000082797	0
ENSMUSG00000082798	0
ENSMUSG00000082799	0
ENSMUSG00000082800	0
ENSMUSG00000082802	0
ENSMUSG00000082804	0
ENSMUSG00000082806	0
ENSMUSG00000082807	0
ENSMUSG00000082809	0
ENSMUSG00000082810	0
ENSMUSG00000082812	0
ENSMUSG00000082814	0
ENSMUSG00000082815	0
ENSMUSG00000082816	0
ENSMUSG00000082817	0
ENSMUSG00000082818	0
ENSMUSG00000082819	0
ENSMUSG00000082820	2
ENSMUSG00000082821	0
ENSMUSG00000082822	0
ENSMUSG00000082823	0
ENSMUSG00000082824	0
ENSMUSG00000082825	0
ENSMUSG00000082826	0
ENSMUSG00000082827	0
ENSMUSG00000082828	0
ENSMUSG00000082829	2
ENSMUSG00000082831	0
ENSMUSG00000082832	0
ENSMUSG00000082833	0
ENSMUSG00000082835	0
ENSMUSG00000082836	35
ENSMUSG00000082837	0
ENSMUSG00000082838	0
ENSMUSG00000082839	0
ENSMUSG00000082840	4
ENSMUSG00000082841	0
ENSMUSG00000082842	0
ENSMUSG00000082843	0
ENSMUSG00000082844	0
ENSMUSG00000082845	0
ENSMUSG00000082846	0
ENSMUSG00000082847	0
ENSMUSG00000082848	3
ENSMUSG00000082849	0
ENSMUSG00000082850	0
ENSMUSG00000082851	0
ENSMUSG00000082852	0
ENSMUSG00000082853	0
ENSMUSG00000082855	0
ENSMUSG00000082856	0
ENSMUSG00000082857	0
ENSMUSG00000082858	0
ENSMUSG00000082859	0
ENSMUSG00000082860	0
ENSMUSG00000082861	0
ENSMUSG00000082862	0
ENSMUSG00000082863	0
ENSMUSG00000082864	0
ENSMUSG00000082865	5
ENSMUSG00000082867	0
ENSMUSG00000082868	0
ENSMUSG00000082869	0
ENSMUSG00000082870	1
ENSMUSG00000082871	0
ENSMUSG00000082872	2
ENSMUSG00000082873	20
ENSMUSG00000082874	0
ENSMUSG00000082875	21
ENSMUSG00000082876	64
ENSMUSG00000082877	0
ENSMUSG00000082878	7
ENSMUSG00000082879	0
ENSMUSG00000082882	0
ENSMUSG00000082884	16
ENSMUSG00000082886	0
ENSMUSG00000082887	0
ENSMUSG00000082888	0
ENSMUSG00000082889	0
ENSMUSG00000082890	0
ENSMUSG00000082891	0
ENSMUSG00000082892	0
ENSMUSG00000082893	0
ENSMUSG00000082894	0
ENSMUSG00000082895	0
ENSMUSG00000082896	0
ENSMUSG00000082897	0
ENSMUSG00000082898	0
ENSMUSG00000082899	0
ENSMUSG00000082900	0
ENSMUSG00000082901	0
ENSMUSG00000082902	0
ENSMUSG00000082903	0
ENSMUSG00000082905	9
ENSMUSG00000082906	16
ENSMUSG00000082907	0
ENSMUSG00000082908	113
ENSMUSG00000082910	0
ENSMUSG00000082911	0
ENSMUSG00000082912	11
ENSMUSG00000082913	0
ENSMUSG00000082915	0
ENSMUSG00000082917	0
ENSMUSG00000082918	0
ENSMUSG00000082919	0
ENSMUSG00000082920	0
ENSMUSG00000082922	6
ENSMUSG00000082924	0
ENSMUSG00000082925	3
ENSMUSG00000082926	0
ENSMUSG00000082927	0
ENSMUSG00000082928	0
ENSMUSG00000082929	0
ENSMUSG00000082930	0
ENSMUSG00000082931	0
ENSMUSG00000082932	11
ENSMUSG00000082933	0
ENSMUSG00000082934	0
ENSMUSG00000082935	559
ENSMUSG00000082936	0
ENSMUSG00000082937	0
ENSMUSG00000082938	1
ENSMUSG00000082939	0
ENSMUSG00000082940	0
ENSMUSG00000082941	1
ENSMUSG00000082943	0
ENSMUSG00000082945	0
ENSMUSG00000082947	0
ENSMUSG00000082949	0
ENSMUSG00000082950	0
ENSMUSG00000082951	0
ENSMUSG00000082952	0
ENSMUSG00000082953	3
ENSMUSG00000082954	0
ENSMUSG00000082955	0
ENSMUSG00000082956	0
ENSMUSG00000082957	0
ENSMUSG00000082958	0
ENSMUSG00000082960	0
ENSMUSG00000082961	0
ENSMUSG00000082962	0
ENSMUSG00000082963	0
ENSMUSG00000082964	0
ENSMUSG00000082965	0
ENSMUSG00000082966	0
ENSMUSG00000082967	0
ENSMUSG00000082968	0
ENSMUSG00000082969	0
ENSMUSG00000082970	0
ENSMUSG00000082971	14
ENSMUSG00000082973	0
ENSMUSG00000082974	25
ENSMUSG00000082975	0
ENSMUSG00000082976	0
ENSMUSG00000082977	0
ENSMUSG00000082978	0
ENSMUSG00000082980	0
ENSMUSG00000082981	0
ENSMUSG00000082982	0
ENSMUSG00000082983	0
ENSMUSG00000082985	0
ENSMUSG00000082986	0
ENSMUSG00000082987	0
ENSMUSG00000082988	13
ENSMUSG00000082989	0
ENSMUSG00000082990	0
ENSMUSG00000082991	0
ENSMUSG00000082993	0
ENSMUSG00000082994	0
ENSMUSG00000082995	0
ENSMUSG00000082996	0
ENSMUSG00000082997	0
ENSMUSG00000082998	133
ENSMUSG00000083000	0
ENSMUSG00000083001	0
ENSMUSG00000083004	0
ENSMUSG00000083005	0
ENSMUSG00000083006	0
ENSMUSG00000083007	0
ENSMUSG00000083008	0
ENSMUSG00000083009	0
ENSMUSG00000083010	0
ENSMUSG00000083011	0
ENSMUSG00000083012	213
ENSMUSG00000083013	0
ENSMUSG00000083014	0
ENSMUSG00000083015	0
ENSMUSG00000083016	1
ENSMUSG00000083017	0
ENSMUSG00000083018	0
ENSMUSG00000083019	1
ENSMUSG00000083020	0
ENSMUSG00000083022	0
ENSMUSG00000083023	0
ENSMUSG00000083024	0
ENSMUSG00000083025	0
ENSMUSG00000083026	0
ENSMUSG00000083027	0
ENSMUSG00000083029	0
ENSMUSG00000083030	0
ENSMUSG00000083031	0
ENSMUSG00000083032	0
ENSMUSG00000083033	0
ENSMUSG00000083034	0
ENSMUSG00000083036	0
ENSMUSG00000083037	0
ENSMUSG00000083038	0
ENSMUSG00000083039	0
ENSMUSG00000083041	11
ENSMUSG00000083042	0
ENSMUSG00000083043	39
ENSMUSG00000083044	0
ENSMUSG00000083045	0
ENSMUSG00000083046	0
ENSMUSG00000083047	0
ENSMUSG00000083049	20
ENSMUSG00000083050	0
ENSMUSG00000083052	0
ENSMUSG00000083053	0
ENSMUSG00000083054	0
ENSMUSG00000083055	13
ENSMUSG00000083057	0
ENSMUSG00000083058	0
ENSMUSG00000083059	0
ENSMUSG00000083060	0
ENSMUSG00000083061	0
ENSMUSG00000083062	0
ENSMUSG00000083063	0
ENSMUSG00000083064	10
ENSMUSG00000083065	0
ENSMUSG00000083066	0
ENSMUSG00000083067	0
ENSMUSG00000083068	0
ENSMUSG00000083069	0
ENSMUSG00000083070	4
ENSMUSG00000083072	0
ENSMUSG00000083073	0
ENSMUSG00000083074	0
ENSMUSG00000083075	1
ENSMUSG00000083076	0
ENSMUSG00000083077	4
ENSMUSG00000083078	0
ENSMUSG00000083079	0
ENSMUSG00000083080	0
ENSMUSG00000083081	0
ENSMUSG00000083083	5
ENSMUSG00000083084	0
ENSMUSG00000083085	0
ENSMUSG00000083086	0
ENSMUSG00000083087	0
ENSMUSG00000083088	0
ENSMUSG00000083089	0
ENSMUSG00000083090	0
ENSMUSG00000083091	0
ENSMUSG00000083093	0
ENSMUSG00000083094	0
ENSMUSG00000083096	0
ENSMUSG00000083097	8
ENSMUSG00000083098	0
ENSMUSG00000083099	0
ENSMUSG00000083100	0
ENSMUSG00000083101	0
ENSMUSG00000083103	0
ENSMUSG00000083104	0
ENSMUSG00000083105	0
ENSMUSG00000083106	0
ENSMUSG00000083107	25
ENSMUSG00000083109	0
ENSMUSG00000083110	0
ENSMUSG00000083111	0
ENSMUSG00000083112	0
ENSMUSG00000083113	0
ENSMUSG00000083114	0
ENSMUSG00000083115	0
ENSMUSG00000083116	16
ENSMUSG00000083117	0
ENSMUSG00000083118	0
ENSMUSG00000083119	0
ENSMUSG00000083120	1
ENSMUSG00000083121	0
ENSMUSG00000083122	0
ENSMUSG00000083123	0
ENSMUSG00000083124	0
ENSMUSG00000083126	51
ENSMUSG00000083127	0
ENSMUSG00000083128	0
ENSMUSG00000083129	0
ENSMUSG00000083130	0
ENSMUSG00000083135	0
ENSMUSG00000083136	0
ENSMUSG00000083137	0
ENSMUSG00000083138	0
ENSMUSG00000083139	39
ENSMUSG00000083140	0
ENSMUSG00000083141	0
ENSMUSG00000083142	0
ENSMUSG00000083143	0
ENSMUSG00000083144	0
ENSMUSG00000083145	0
ENSMUSG00000083147	0
ENSMUSG00000083149	0
ENSMUSG00000083150	0
ENSMUSG00000083151	0
ENSMUSG00000083152	1
ENSMUSG00000083153	0
ENSMUSG00000083154	0
ENSMUSG00000083155	0
ENSMUSG00000083156	0
ENSMUSG00000083157	0
ENSMUSG00000083158	0
ENSMUSG00000083159	7
ENSMUSG00000083160	1
ENSMUSG00000083161	50
ENSMUSG00000083162	0
ENSMUSG00000083163	0
ENSMUSG00000083165	0
ENSMUSG00000083166	0
ENSMUSG00000083167	0
ENSMUSG00000083168	0
ENSMUSG00000083169	23
ENSMUSG00000083170	0
ENSMUSG00000083171	0
ENSMUSG00000083172	0
ENSMUSG00000083173	0
ENSMUSG00000083174	3
ENSMUSG00000083175	0
ENSMUSG00000083176	0
ENSMUSG00000083177	0
ENSMUSG00000083178	0
ENSMUSG00000083179	24
ENSMUSG00000083180	0
ENSMUSG00000083181	0
ENSMUSG00000083182	0
ENSMUSG00000083183	42
ENSMUSG00000083185	0
ENSMUSG00000083186	7
ENSMUSG00000083188	0
ENSMUSG00000083190	0
ENSMUSG00000083191	0
ENSMUSG00000083192	0
ENSMUSG00000083193	0
ENSMUSG00000083195	0
ENSMUSG00000083196	0
ENSMUSG00000083197	0
ENSMUSG00000083199	2
ENSMUSG00000083200	1
ENSMUSG00000083201	0
ENSMUSG00000083202	0
ENSMUSG00000083203	0
ENSMUSG00000083204	0
ENSMUSG00000083205	0
ENSMUSG00000083206	0
ENSMUSG00000083207	8
ENSMUSG00000083208	0
ENSMUSG00000083209	0
ENSMUSG00000083210	0
ENSMUSG00000083211	0
ENSMUSG00000083212	10
ENSMUSG00000083213	0
ENSMUSG00000083214	0
ENSMUSG00000083215	0
ENSMUSG00000083216	0
ENSMUSG00000083218	18
ENSMUSG00000083219	32
ENSMUSG00000083220	0
ENSMUSG00000083221	0
ENSMUSG00000083222	0
ENSMUSG00000083223	0
ENSMUSG00000083224	0
ENSMUSG00000083225	0
ENSMUSG00000083226	0
ENSMUSG00000083227	0
ENSMUSG00000083228	0
ENSMUSG00000083229	0
ENSMUSG00000083230	0
ENSMUSG00000083231	0
ENSMUSG00000083232	0
ENSMUSG00000083233	0
ENSMUSG00000083234	0
ENSMUSG00000083235	0
ENSMUSG00000083236	0
ENSMUSG00000083237	1
ENSMUSG00000083238	0
ENSMUSG00000083239	0
ENSMUSG00000083240	71
ENSMUSG00000083241	1
ENSMUSG00000083242	1
ENSMUSG00000083243	63
ENSMUSG00000083244	0
ENSMUSG00000083245	0
ENSMUSG00000083246	2
ENSMUSG00000083248	0
ENSMUSG00000083249	0
ENSMUSG00000083250	1
ENSMUSG00000083251	0
ENSMUSG00000083252	0
ENSMUSG00000083253	4
ENSMUSG00000083254	0
ENSMUSG00000083255	0
ENSMUSG00000083256	0
ENSMUSG00000083257	0
ENSMUSG00000083258	22
ENSMUSG00000083260	0
ENSMUSG00000083261	2
ENSMUSG00000083262	0
ENSMUSG00000083263	0
ENSMUSG00000083264	0
ENSMUSG00000083267	0
ENSMUSG00000083268	0
ENSMUSG00000083269	0
ENSMUSG00000083270	13
ENSMUSG00000083271	2
ENSMUSG00000083272	0
ENSMUSG00000083274	0
ENSMUSG00000083275	0
ENSMUSG00000083276	0
ENSMUSG00000083277	1
ENSMUSG00000083278	0
ENSMUSG00000083279	0
ENSMUSG00000083280	2
ENSMUSG00000083281	8
ENSMUSG00000083282	668
ENSMUSG00000083283	0
ENSMUSG00000083284	0
ENSMUSG00000083285	0
ENSMUSG00000083287	0
ENSMUSG00000083288	0
ENSMUSG00000083289	5
ENSMUSG00000083290	0
ENSMUSG00000083291	0
ENSMUSG00000083292	0
ENSMUSG00000083293	0
ENSMUSG00000083294	0
ENSMUSG00000083296	0
ENSMUSG00000083297	0
ENSMUSG00000083298	0
ENSMUSG00000083299	0
ENSMUSG00000083300	11
ENSMUSG00000083303	0
ENSMUSG00000083304	0
ENSMUSG00000083305	45
ENSMUSG00000083306	1
ENSMUSG00000083307	2
ENSMUSG00000083309	0
ENSMUSG00000083310	0
ENSMUSG00000083311	0
ENSMUSG00000083312	0
ENSMUSG00000083314	0
ENSMUSG00000083315	0
ENSMUSG00000083316	0
ENSMUSG00000083317	0
ENSMUSG00000083318	4
ENSMUSG00000083319	0
ENSMUSG00000083320	0
ENSMUSG00000083321	0
ENSMUSG00000083324	0
ENSMUSG00000083325	57
ENSMUSG00000083326	1
ENSMUSG00000083327	963
ENSMUSG00000083328	0
ENSMUSG00000083329	0
ENSMUSG00000083330	0
ENSMUSG00000083331	0
ENSMUSG00000083332	0
ENSMUSG00000083333	0
ENSMUSG00000083334	0
ENSMUSG00000083335	0
ENSMUSG00000083336	0
ENSMUSG00000083337	0
ENSMUSG00000083338	1
ENSMUSG00000083339	0
ENSMUSG00000083340	1
ENSMUSG00000083341	0
ENSMUSG00000083342	0
ENSMUSG00000083343	0
ENSMUSG00000083344	1
ENSMUSG00000083345	0
ENSMUSG00000083346	0
ENSMUSG00000083347	0
ENSMUSG00000083348	0
ENSMUSG00000083350	0
ENSMUSG00000083351	0
ENSMUSG00000083352	0
ENSMUSG00000083353	0
ENSMUSG00000083355	3
ENSMUSG00000083356	11
ENSMUSG00000083358	0
ENSMUSG00000083359	0
ENSMUSG00000083361	0
ENSMUSG00000083362	0
ENSMUSG00000083363	0
ENSMUSG00000083364	0
ENSMUSG00000083365	0
ENSMUSG00000083366	0
ENSMUSG00000083367	8
ENSMUSG00000083368	1
ENSMUSG00000083369	0
ENSMUSG00000083371	0
ENSMUSG00000083372	1
ENSMUSG00000083373	52
ENSMUSG00000083374	0
ENSMUSG00000083375	0
ENSMUSG00000083376	0
ENSMUSG00000083377	4
ENSMUSG00000083378	0
ENSMUSG00000083379	0
ENSMUSG00000083380	0
ENSMUSG00000083381	0
ENSMUSG00000083382	0
ENSMUSG00000083383	0
ENSMUSG00000083384	0
ENSMUSG00000083385	0
ENSMUSG00000083386	0
ENSMUSG00000083387	0
ENSMUSG00000083388	0
ENSMUSG00000083389	0
ENSMUSG00000083390	0
ENSMUSG00000083391	0
ENSMUSG00000083392	21
ENSMUSG00000083393	0
ENSMUSG00000083394	0
ENSMUSG00000083395	0
ENSMUSG00000083396	188
ENSMUSG00000083397	6
ENSMUSG00000083398	0
ENSMUSG00000083399	0
ENSMUSG00000083401	0
ENSMUSG00000083402	0
ENSMUSG00000083403	0
ENSMUSG00000083404	0
ENSMUSG00000083405	0
ENSMUSG00000083406	0
ENSMUSG00000083407	0
ENSMUSG00000083409	0
ENSMUSG00000083410	0
ENSMUSG00000083411	0
ENSMUSG00000083412	0
ENSMUSG00000083413	0
ENSMUSG00000083414	0
ENSMUSG00000083416	0
ENSMUSG00000083417	0
ENSMUSG00000083418	0
ENSMUSG00000083419	0
ENSMUSG00000083420	0
ENSMUSG00000083421	0
ENSMUSG00000083422	0
ENSMUSG00000083423	0
ENSMUSG00000083424	0
ENSMUSG00000083425	0
ENSMUSG00000083427	0
ENSMUSG00000083428	0
ENSMUSG00000083429	0
ENSMUSG00000083430	0
ENSMUSG00000083431	0
ENSMUSG00000083432	0
ENSMUSG00000083434	0
ENSMUSG00000083435	0
ENSMUSG00000083436	0
ENSMUSG00000083437	0
ENSMUSG00000083438	2
ENSMUSG00000083439	0
ENSMUSG00000083440	0
ENSMUSG00000083441	0
ENSMUSG00000083443	179
ENSMUSG00000083444	0
ENSMUSG00000083445	0
ENSMUSG00000083446	0
ENSMUSG00000083447	0
ENSMUSG00000083448	0
ENSMUSG00000083449	1
ENSMUSG00000083450	0
ENSMUSG00000083451	0
ENSMUSG00000083452	0
ENSMUSG00000083453	0
ENSMUSG00000083454	0
ENSMUSG00000083455	0
ENSMUSG00000083456	0
ENSMUSG00000083457	0
ENSMUSG00000083458	23
ENSMUSG00000083460	0
ENSMUSG00000083461	1
ENSMUSG00000083462	3
ENSMUSG00000083463	0
ENSMUSG00000083465	23
ENSMUSG00000083466	0
ENSMUSG00000083467	0
ENSMUSG00000083468	0
ENSMUSG00000083469	0
ENSMUSG00000083470	0
ENSMUSG00000083471	0
ENSMUSG00000083472	0
ENSMUSG00000083473	0
ENSMUSG00000083474	0
ENSMUSG00000083475	0
ENSMUSG00000083477	122
ENSMUSG00000083478	3
ENSMUSG00000083481	0
ENSMUSG00000083482	1
ENSMUSG00000083483	0
ENSMUSG00000083484	0
ENSMUSG00000083485	0
ENSMUSG00000083486	0
ENSMUSG00000083487	0
ENSMUSG00000083488	3
ENSMUSG00000083489	0
ENSMUSG00000083490	0
ENSMUSG00000083491	0
ENSMUSG00000083492	0
ENSMUSG00000083493	0
ENSMUSG00000083494	0
ENSMUSG00000083495	0
ENSMUSG00000083496	1
ENSMUSG00000083498	0
ENSMUSG00000083499	0
ENSMUSG00000083500	0
ENSMUSG00000083501	0
ENSMUSG00000083502	0
ENSMUSG00000083503	0
ENSMUSG00000083505	11
ENSMUSG00000083507	0
ENSMUSG00000083508	0
ENSMUSG00000083509	0
ENSMUSG00000083510	0
ENSMUSG00000083512	0
ENSMUSG00000083513	0
ENSMUSG00000083514	0
ENSMUSG00000083515	0
ENSMUSG00000083516	0
ENSMUSG00000083517	0
ENSMUSG00000083518	0
ENSMUSG00000083519	0
ENSMUSG00000083520	0
ENSMUSG00000083522	0
ENSMUSG00000083524	6
ENSMUSG00000083527	0
ENSMUSG00000083528	0
ENSMUSG00000083530	0
ENSMUSG00000083533	0
ENSMUSG00000083534	3
ENSMUSG00000083535	0
ENSMUSG00000083536	1
ENSMUSG00000083537	1
ENSMUSG00000083538	0
ENSMUSG00000083539	0
ENSMUSG00000083541	0
ENSMUSG00000083542	0
ENSMUSG00000083543	0
ENSMUSG00000083544	40
ENSMUSG00000083545	0
ENSMUSG00000083546	0
ENSMUSG00000083547	0
ENSMUSG00000083548	0
ENSMUSG00000083549	0
ENSMUSG00000083550	0
ENSMUSG00000083551	0
ENSMUSG00000083553	0
ENSMUSG00000083554	2
ENSMUSG00000083555	0
ENSMUSG00000083556	0
ENSMUSG00000083557	19
ENSMUSG00000083558	0
ENSMUSG00000083560	0
ENSMUSG00000083561	0
ENSMUSG00000083562	0
ENSMUSG00000083563	93
ENSMUSG00000083564	0
ENSMUSG00000083565	0
ENSMUSG00000083566	0
ENSMUSG00000083567	50
ENSMUSG00000083568	0
ENSMUSG00000083569	0
ENSMUSG00000083570	0
ENSMUSG00000083572	0
ENSMUSG00000083573	0
ENSMUSG00000083574	0
ENSMUSG00000083576	0
ENSMUSG00000083577	0
ENSMUSG00000083579	0
ENSMUSG00000083580	0
ENSMUSG00000083581	0
ENSMUSG00000083582	0
ENSMUSG00000083584	0
ENSMUSG00000083585	0
ENSMUSG00000083586	0
ENSMUSG00000083587	0
ENSMUSG00000083588	0
ENSMUSG00000083590	0
ENSMUSG00000083592	0
ENSMUSG00000083594	0
ENSMUSG00000083595	13
ENSMUSG00000083596	0
ENSMUSG00000083597	0
ENSMUSG00000083598	0
ENSMUSG00000083599	17
ENSMUSG00000083601	0
ENSMUSG00000083602	0
ENSMUSG00000083603	0
ENSMUSG00000083605	0
ENSMUSG00000083606	0
ENSMUSG00000083607	0
ENSMUSG00000083608	0
ENSMUSG00000083609	0
ENSMUSG00000083610	9
ENSMUSG00000083611	0
ENSMUSG00000083613	0
ENSMUSG00000083614	0
ENSMUSG00000083615	0
ENSMUSG00000083616	0
ENSMUSG00000083617	0
ENSMUSG00000083618	0
ENSMUSG00000083619	0
ENSMUSG00000083620	0
ENSMUSG00000083621	146
ENSMUSG00000083622	0
ENSMUSG00000083623	0
ENSMUSG00000083624	0
ENSMUSG00000083625	0
ENSMUSG00000083626	1
ENSMUSG00000083627	1
ENSMUSG00000083628	0
ENSMUSG00000083629	0
ENSMUSG00000083630	0
ENSMUSG00000083631	0
ENSMUSG00000083632	0
ENSMUSG00000083633	0
ENSMUSG00000083635	0
ENSMUSG00000083636	0
ENSMUSG00000083637	0
ENSMUSG00000083640	5
ENSMUSG00000083641	0
ENSMUSG00000083642	0
ENSMUSG00000083643	0
ENSMUSG00000083644	0
ENSMUSG00000083645	0
ENSMUSG00000083646	0
ENSMUSG00000083648	0
ENSMUSG00000083649	23
ENSMUSG00000083650	1
ENSMUSG00000083651	0
ENSMUSG00000083653	0
ENSMUSG00000083654	0
ENSMUSG00000083655	0
ENSMUSG00000083657	0
ENSMUSG00000083658	0
ENSMUSG00000083659	0
ENSMUSG00000083660	0
ENSMUSG00000083661	0
ENSMUSG00000083662	1
ENSMUSG00000083663	0
ENSMUSG00000083664	0
ENSMUSG00000083665	0
ENSMUSG00000083666	0
ENSMUSG00000083667	0
ENSMUSG00000083668	0
ENSMUSG00000083669	188
ENSMUSG00000083670	2
ENSMUSG00000083671	0
ENSMUSG00000083672	6
ENSMUSG00000083673	0
ENSMUSG00000083674	7
ENSMUSG00000083676	0
ENSMUSG00000083677	0
ENSMUSG00000083678	20
ENSMUSG00000083679	0
ENSMUSG00000083680	0
ENSMUSG00000083681	8
ENSMUSG00000083682	0
ENSMUSG00000083683	0
ENSMUSG00000083684	0
ENSMUSG00000083685	0
ENSMUSG00000083686	0
ENSMUSG00000083687	0
ENSMUSG00000083688	13
ENSMUSG00000083689	0
ENSMUSG00000083691	0
ENSMUSG00000083692	12
ENSMUSG00000083693	0
ENSMUSG00000083695	2
ENSMUSG00000083697	0
ENSMUSG00000083698	0
ENSMUSG00000083699	0
ENSMUSG00000083700	14
ENSMUSG00000083701	0
ENSMUSG00000083702	0
ENSMUSG00000083704	0
ENSMUSG00000083705	0
ENSMUSG00000083706	0
ENSMUSG00000083707	0
ENSMUSG00000083708	53
ENSMUSG00000083709	0
ENSMUSG00000083710	0
ENSMUSG00000083711	0
ENSMUSG00000083713	0
ENSMUSG00000083714	0
ENSMUSG00000083715	0
ENSMUSG00000083716	1
ENSMUSG00000083717	0
ENSMUSG00000083718	3
ENSMUSG00000083719	0
ENSMUSG00000083720	0
ENSMUSG00000083721	0
ENSMUSG00000083722	0
ENSMUSG00000083723	3
ENSMUSG00000083725	0
ENSMUSG00000083728	0
ENSMUSG00000083729	0
ENSMUSG00000083731	2
ENSMUSG00000083732	0
ENSMUSG00000083733	0
ENSMUSG00000083734	0
ENSMUSG00000083735	0
ENSMUSG00000083736	3
ENSMUSG00000083737	0
ENSMUSG00000083738	0
ENSMUSG00000083740	0
ENSMUSG00000083741	0
ENSMUSG00000083742	0
ENSMUSG00000083743	0
ENSMUSG00000083744	0
ENSMUSG00000083745	0
ENSMUSG00000083747	0
ENSMUSG00000083748	0
ENSMUSG00000083749	0
ENSMUSG00000083750	0
ENSMUSG00000083751	0
ENSMUSG00000083752	0
ENSMUSG00000083753	0
ENSMUSG00000083754	0
ENSMUSG00000083755	0
ENSMUSG00000083757	0
ENSMUSG00000083760	0
ENSMUSG00000083761	0
ENSMUSG00000083763	0
ENSMUSG00000083764	23
ENSMUSG00000083766	0
ENSMUSG00000083767	78
ENSMUSG00000083768	0
ENSMUSG00000083769	0
ENSMUSG00000083771	0
ENSMUSG00000083772	0
ENSMUSG00000083773	0
ENSMUSG00000083774	85
ENSMUSG00000083775	0
ENSMUSG00000083776	0
ENSMUSG00000083777	5
ENSMUSG00000083778	0
ENSMUSG00000083779	0
ENSMUSG00000083780	0
ENSMUSG00000083781	0
ENSMUSG00000083782	0
ENSMUSG00000083783	0
ENSMUSG00000083784	0
ENSMUSG00000083785	0
ENSMUSG00000083786	0
ENSMUSG00000083787	0
ENSMUSG00000083789	0
ENSMUSG00000083791	0
ENSMUSG00000083792	0
ENSMUSG00000083793	1
ENSMUSG00000083794	0
ENSMUSG00000083795	0
ENSMUSG00000083796	0
ENSMUSG00000083798	28
ENSMUSG00000083801	0
ENSMUSG00000083803	0
ENSMUSG00000083804	0
ENSMUSG00000083805	0
ENSMUSG00000083806	0
ENSMUSG00000083807	0
ENSMUSG00000083808	0
ENSMUSG00000083809	0
ENSMUSG00000083810	0
ENSMUSG00000083811	0
ENSMUSG00000083812	0
ENSMUSG00000083813	14
ENSMUSG00000083814	0
ENSMUSG00000083815	2
ENSMUSG00000083816	0
ENSMUSG00000083817	0
ENSMUSG00000083818	0
ENSMUSG00000083819	0
ENSMUSG00000083820	801
ENSMUSG00000083821	0
ENSMUSG00000083822	0
ENSMUSG00000083823	0
ENSMUSG00000083825	0
ENSMUSG00000083826	0
ENSMUSG00000083827	0
ENSMUSG00000083828	0
ENSMUSG00000083829	85
ENSMUSG00000083830	0
ENSMUSG00000083831	1
ENSMUSG00000083832	2
ENSMUSG00000083833	0
ENSMUSG00000083834	47
ENSMUSG00000083835	0
ENSMUSG00000083836	1
ENSMUSG00000083837	0
ENSMUSG00000083838	0
ENSMUSG00000083839	0
ENSMUSG00000083841	0
ENSMUSG00000083842	0
ENSMUSG00000083843	0
ENSMUSG00000083844	372
ENSMUSG00000083845	0
ENSMUSG00000083846	0
ENSMUSG00000083847	0
ENSMUSG00000083848	0
ENSMUSG00000083849	1
ENSMUSG00000083851	0
ENSMUSG00000083852	0
ENSMUSG00000083853	1
ENSMUSG00000083854	484
ENSMUSG00000083855	0
ENSMUSG00000083856	9
ENSMUSG00000083857	0
ENSMUSG00000083858	0
ENSMUSG00000083859	0
ENSMUSG00000083860	4
ENSMUSG00000083861	0
ENSMUSG00000083863	6
ENSMUSG00000083864	17
ENSMUSG00000083866	0
ENSMUSG00000083867	0
ENSMUSG00000083868	0
ENSMUSG00000083869	0
ENSMUSG00000083870	0
ENSMUSG00000083871	0
ENSMUSG00000083872	0
ENSMUSG00000083873	0
ENSMUSG00000083874	0
ENSMUSG00000083875	1
ENSMUSG00000083876	0
ENSMUSG00000083877	0
ENSMUSG00000083878	1
ENSMUSG00000083879	29
ENSMUSG00000083880	0
ENSMUSG00000083882	0
ENSMUSG00000083884	0
ENSMUSG00000083885	0
ENSMUSG00000083886	0
ENSMUSG00000083887	0
ENSMUSG00000083888	1
ENSMUSG00000083889	0
ENSMUSG00000083890	18
ENSMUSG00000083892	4
ENSMUSG00000083893	0
ENSMUSG00000083894	0
ENSMUSG00000083895	32
ENSMUSG00000083896	0
ENSMUSG00000083897	0
ENSMUSG00000083898	0
ENSMUSG00000083899	1
ENSMUSG00000083900	2
ENSMUSG00000083901	0
ENSMUSG00000083902	19
ENSMUSG00000083903	3
ENSMUSG00000083904	0
ENSMUSG00000083905	0
ENSMUSG00000083906	4
ENSMUSG00000083907	0
ENSMUSG00000083908	1
ENSMUSG00000083909	0
ENSMUSG00000083910	0
ENSMUSG00000083911	0
ENSMUSG00000083912	19
ENSMUSG00000083913	0
ENSMUSG00000083914	0
ENSMUSG00000083915	0
ENSMUSG00000083916	0
ENSMUSG00000083917	0
ENSMUSG00000083918	0
ENSMUSG00000083919	1
ENSMUSG00000083920	0
ENSMUSG00000083921	2
ENSMUSG00000083922	0
ENSMUSG00000083923	0
ENSMUSG00000083924	0
ENSMUSG00000083925	0
ENSMUSG00000083926	0
ENSMUSG00000083927	0
ENSMUSG00000083928	0
ENSMUSG00000083929	0
ENSMUSG00000083930	7
ENSMUSG00000083931	0
ENSMUSG00000083932	5
ENSMUSG00000083933	0
ENSMUSG00000083934	0
ENSMUSG00000083935	0
ENSMUSG00000083936	0
ENSMUSG00000083937	25
ENSMUSG00000083938	0
ENSMUSG00000083939	0
ENSMUSG00000083940	0
ENSMUSG00000083941	0
ENSMUSG00000083942	0
ENSMUSG00000083943	0
ENSMUSG00000083944	0
ENSMUSG00000083945	0
ENSMUSG00000083946	0
ENSMUSG00000083947	0
ENSMUSG00000083948	0
ENSMUSG00000083949	0
ENSMUSG00000083950	0
ENSMUSG00000083951	1
ENSMUSG00000083953	0
ENSMUSG00000083954	0
ENSMUSG00000083955	0
ENSMUSG00000083956	0
ENSMUSG00000083957	0
ENSMUSG00000083958	0
ENSMUSG00000083960	0
ENSMUSG00000083961	0
ENSMUSG00000083962	0
ENSMUSG00000083963	0
ENSMUSG00000083964	0
ENSMUSG00000083966	0
ENSMUSG00000083967	0
ENSMUSG00000083969	0
ENSMUSG00000083970	0
ENSMUSG00000083971	0
ENSMUSG00000083972	0
ENSMUSG00000083973	0
ENSMUSG00000083974	0
ENSMUSG00000083975	0
ENSMUSG00000083976	0
ENSMUSG00000083977	0
ENSMUSG00000083978	0
ENSMUSG00000083979	0
ENSMUSG00000083981	0
ENSMUSG00000083982	0
ENSMUSG00000083983	0
ENSMUSG00000083985	0
ENSMUSG00000083986	0
ENSMUSG00000083987	0
ENSMUSG00000083988	0
ENSMUSG00000083989	0
ENSMUSG00000083990	0
ENSMUSG00000083991	0
ENSMUSG00000083992	1270
ENSMUSG00000083993	0
ENSMUSG00000083994	5
ENSMUSG00000083995	0
ENSMUSG00000083996	0
ENSMUSG00000083997	0
ENSMUSG00000083998	25
ENSMUSG00000083999	0
ENSMUSG00000084000	0
ENSMUSG00000084001	0
ENSMUSG00000084004	0
ENSMUSG00000084006	7
ENSMUSG00000084007	0
ENSMUSG00000084009	0
ENSMUSG00000084010	0
ENSMUSG00000084011	0
ENSMUSG00000084012	0
ENSMUSG00000084013	111
ENSMUSG00000084014	42
ENSMUSG00000084015	0
ENSMUSG00000084017	0
ENSMUSG00000084018	0
ENSMUSG00000084019	0
ENSMUSG00000084020	10
ENSMUSG00000084021	8
ENSMUSG00000084022	1
ENSMUSG00000084024	0
ENSMUSG00000084025	0
ENSMUSG00000084026	0
ENSMUSG00000084027	0
ENSMUSG00000084028	0
ENSMUSG00000084029	0
ENSMUSG00000084030	0
ENSMUSG00000084031	0
ENSMUSG00000084032	0
ENSMUSG00000084033	0
ENSMUSG00000084034	0
ENSMUSG00000084038	2
ENSMUSG00000084039	0
ENSMUSG00000084041	0
ENSMUSG00000084043	0
ENSMUSG00000084044	1
ENSMUSG00000084045	0
ENSMUSG00000084046	0
ENSMUSG00000084047	1
ENSMUSG00000084048	0
ENSMUSG00000084050	0
ENSMUSG00000084052	0
ENSMUSG00000084053	0
ENSMUSG00000084054	0
ENSMUSG00000084055	10
ENSMUSG00000084056	0
ENSMUSG00000084057	0
ENSMUSG00000084058	0
ENSMUSG00000084059	0
ENSMUSG00000084060	0
ENSMUSG00000084061	0
ENSMUSG00000084063	0
ENSMUSG00000084064	0
ENSMUSG00000084065	0
ENSMUSG00000084066	0
ENSMUSG00000084067	6
ENSMUSG00000084068	0
ENSMUSG00000084069	0
ENSMUSG00000084070	0
ENSMUSG00000084071	0
ENSMUSG00000084072	1
ENSMUSG00000084073	0
ENSMUSG00000084074	0
ENSMUSG00000084076	0
ENSMUSG00000084077	4
ENSMUSG00000084078	0
ENSMUSG00000084079	0
ENSMUSG00000084080	0
ENSMUSG00000084081	4
ENSMUSG00000084082	0
ENSMUSG00000084083	1
ENSMUSG00000084085	0
ENSMUSG00000084086	0
ENSMUSG00000084087	0
ENSMUSG00000084088	0
ENSMUSG00000084089	0
ENSMUSG00000084090	0
ENSMUSG00000084092	0
ENSMUSG00000084093	191
ENSMUSG00000084094	38
ENSMUSG00000084095	0
ENSMUSG00000084096	0
ENSMUSG00000084097	0
ENSMUSG00000084098	106
ENSMUSG00000084099	2
ENSMUSG00000084101	0
ENSMUSG00000084102	0
ENSMUSG00000084103	0
ENSMUSG00000084104	3
ENSMUSG00000084105	0
ENSMUSG00000084106	176
ENSMUSG00000084107	0
ENSMUSG00000084108	0
ENSMUSG00000084110	2
ENSMUSG00000084111	0
ENSMUSG00000084112	0
ENSMUSG00000084113	66
ENSMUSG00000084114	0
ENSMUSG00000084115	0
ENSMUSG00000084116	0
ENSMUSG00000084117	0
ENSMUSG00000084118	0
ENSMUSG00000084119	0
ENSMUSG00000084120	0
ENSMUSG00000084123	0
ENSMUSG00000084124	0
ENSMUSG00000084125	0
ENSMUSG00000084126	0
ENSMUSG00000084127	0
ENSMUSG00000084128	3171
ENSMUSG00000084129	1
ENSMUSG00000084130	0
ENSMUSG00000084131	0
ENSMUSG00000084132	2
ENSMUSG00000084133	0
ENSMUSG00000084134	0
ENSMUSG00000084135	0
ENSMUSG00000084136	0
ENSMUSG00000084137	0
ENSMUSG00000084138	0
ENSMUSG00000084139	0
ENSMUSG00000084140	0
ENSMUSG00000084142	0
ENSMUSG00000084143	0
ENSMUSG00000084144	0
ENSMUSG00000084145	70
ENSMUSG00000084146	0
ENSMUSG00000084147	0
ENSMUSG00000084148	0
ENSMUSG00000084149	0
ENSMUSG00000084150	0
ENSMUSG00000084151	0
ENSMUSG00000084152	0
ENSMUSG00000084153	26
ENSMUSG00000084154	0
ENSMUSG00000084155	0
ENSMUSG00000084157	0
ENSMUSG00000084158	0
ENSMUSG00000084159	163
ENSMUSG00000084160	31
ENSMUSG00000084161	0
ENSMUSG00000084162	0
ENSMUSG00000084163	0
ENSMUSG00000084164	0
ENSMUSG00000084166	2
ENSMUSG00000084167	0
ENSMUSG00000084168	1
ENSMUSG00000084169	0
ENSMUSG00000084170	0
ENSMUSG00000084171	0
ENSMUSG00000084172	0
ENSMUSG00000084173	1
ENSMUSG00000084174	1
ENSMUSG00000084175	0
ENSMUSG00000084177	1
ENSMUSG00000084178	0
ENSMUSG00000084179	0
ENSMUSG00000084180	0
ENSMUSG00000084181	0
ENSMUSG00000084182	0
ENSMUSG00000084183	307
ENSMUSG00000084184	0
ENSMUSG00000084185	0
ENSMUSG00000084186	0
ENSMUSG00000084188	0
ENSMUSG00000084189	0
ENSMUSG00000084190	0
ENSMUSG00000084191	0
ENSMUSG00000084192	0
ENSMUSG00000084193	0
ENSMUSG00000084195	1
ENSMUSG00000084196	0
ENSMUSG00000084197	0
ENSMUSG00000084198	0
ENSMUSG00000084199	0
ENSMUSG00000084200	0
ENSMUSG00000084201	0
ENSMUSG00000084202	5
ENSMUSG00000084203	0
ENSMUSG00000084204	0
ENSMUSG00000084205	0
ENSMUSG00000084206	0
ENSMUSG00000084207	0
ENSMUSG00000084208	0
ENSMUSG00000084209	0
ENSMUSG00000084210	0
ENSMUSG00000084211	0
ENSMUSG00000084212	0
ENSMUSG00000084213	0
ENSMUSG00000084214	0
ENSMUSG00000084215	49
ENSMUSG00000084216	0
ENSMUSG00000084217	0
ENSMUSG00000084218	0
ENSMUSG00000084219	0
ENSMUSG00000084220	0
ENSMUSG00000084221	0
ENSMUSG00000084222	0
ENSMUSG00000084223	0
ENSMUSG00000084224	1
ENSMUSG00000084226	1
ENSMUSG00000084228	0
ENSMUSG00000084230	1
ENSMUSG00000084231	0
ENSMUSG00000084234	0
ENSMUSG00000084235	2
ENSMUSG00000084236	0
ENSMUSG00000084237	0
ENSMUSG00000084238	0
ENSMUSG00000084239	0
ENSMUSG00000084240	0
ENSMUSG00000084241	36
ENSMUSG00000084243	0
ENSMUSG00000084244	0
ENSMUSG00000084245	0
ENSMUSG00000084246	0
ENSMUSG00000084247	0
ENSMUSG00000084248	0
ENSMUSG00000084249	43
ENSMUSG00000084250	0
ENSMUSG00000084251	0
ENSMUSG00000084252	0
ENSMUSG00000084253	0
ENSMUSG00000084254	0
ENSMUSG00000084256	0
ENSMUSG00000084257	0
ENSMUSG00000084259	0
ENSMUSG00000084260	8
ENSMUSG00000084261	0
ENSMUSG00000084262	0
ENSMUSG00000084264	0
ENSMUSG00000084265	5
ENSMUSG00000084267	0
ENSMUSG00000084269	0
ENSMUSG00000084270	0
ENSMUSG00000084271	0
ENSMUSG00000084272	0
ENSMUSG00000084273	0
ENSMUSG00000084274	7
ENSMUSG00000084275	0
ENSMUSG00000084276	0
ENSMUSG00000084277	0
ENSMUSG00000084278	0
ENSMUSG00000084279	0
ENSMUSG00000084280	0
ENSMUSG00000084281	0
ENSMUSG00000084282	0
ENSMUSG00000084283	0
ENSMUSG00000084284	1
ENSMUSG00000084285	0
ENSMUSG00000084286	0
ENSMUSG00000084287	0
ENSMUSG00000084288	0
ENSMUSG00000084289	1601
ENSMUSG00000084291	0
ENSMUSG00000084292	0
ENSMUSG00000084293	0
ENSMUSG00000084294	0
ENSMUSG00000084295	0
ENSMUSG00000084296	0
ENSMUSG00000084297	0
ENSMUSG00000084298	0
ENSMUSG00000084299	0
ENSMUSG00000084300	0
ENSMUSG00000084301	1
ENSMUSG00000084302	0
ENSMUSG00000084303	0
ENSMUSG00000084304	53
ENSMUSG00000084305	0
ENSMUSG00000084306	0
ENSMUSG00000084307	0
ENSMUSG00000084308	0
ENSMUSG00000084309	6
ENSMUSG00000084310	0
ENSMUSG00000084311	0
ENSMUSG00000084312	0
ENSMUSG00000084313	0
ENSMUSG00000084314	0
ENSMUSG00000084315	0
ENSMUSG00000084316	0
ENSMUSG00000084318	0
ENSMUSG00000084319	22
ENSMUSG00000084320	0
ENSMUSG00000084323	0
ENSMUSG00000084324	0
ENSMUSG00000084325	0
ENSMUSG00000084326	0
ENSMUSG00000084327	0
ENSMUSG00000084328	0
ENSMUSG00000084329	97
ENSMUSG00000084330	0
ENSMUSG00000084331	0
ENSMUSG00000084332	0
ENSMUSG00000084333	0
ENSMUSG00000084334	1
ENSMUSG00000084335	0
ENSMUSG00000084336	0
ENSMUSG00000084337	0
ENSMUSG00000084338	5
ENSMUSG00000084339	0
ENSMUSG00000084340	8
ENSMUSG00000084341	40
ENSMUSG00000084342	108
ENSMUSG00000084343	0
ENSMUSG00000084344	0
ENSMUSG00000084345	0
ENSMUSG00000084346	0
ENSMUSG00000084347	138
ENSMUSG00000084348	0
ENSMUSG00000084349	146
ENSMUSG00000084350	32
ENSMUSG00000084351	0
ENSMUSG00000084352	0
ENSMUSG00000084353	0
ENSMUSG00000084355	0
ENSMUSG00000084356	0
ENSMUSG00000084357	0
ENSMUSG00000084358	0
ENSMUSG00000084359	0
ENSMUSG00000084360	0
ENSMUSG00000084361	0
ENSMUSG00000084362	0
ENSMUSG00000084363	0
ENSMUSG00000084366	0
ENSMUSG00000084367	0
ENSMUSG00000084368	0
ENSMUSG00000084369	0
ENSMUSG00000084370	4
ENSMUSG00000084371	0
ENSMUSG00000084372	0
ENSMUSG00000084373	0
ENSMUSG00000084374	0
ENSMUSG00000084375	0
ENSMUSG00000084376	0
ENSMUSG00000084377	0
ENSMUSG00000084378	0
ENSMUSG00000084379	0
ENSMUSG00000084380	0
ENSMUSG00000084381	9
ENSMUSG00000084382	0
ENSMUSG00000084383	0
ENSMUSG00000084384	607
ENSMUSG00000084385	0
ENSMUSG00000084386	2
ENSMUSG00000084387	0
ENSMUSG00000084390	56
ENSMUSG00000084391	0
ENSMUSG00000084392	0
ENSMUSG00000084393	0
ENSMUSG00000084394	0
ENSMUSG00000084395	0
ENSMUSG00000084396	0
ENSMUSG00000084397	0
ENSMUSG00000084399	1
ENSMUSG00000084400	0
ENSMUSG00000084401	0
ENSMUSG00000084403	2
ENSMUSG00000084404	0
ENSMUSG00000084405	0
ENSMUSG00000084407	0
ENSMUSG00000084408	0
ENSMUSG00000084411	1
ENSMUSG00000084412	0
ENSMUSG00000084413	0
ENSMUSG00000084414	0
ENSMUSG00000084415	0
ENSMUSG00000084416	768
ENSMUSG00000084417	0
ENSMUSG00000084418	0
ENSMUSG00000084419	0
ENSMUSG00000084421	0
ENSMUSG00000084422	0
ENSMUSG00000084423	0
ENSMUSG00000084425	0
ENSMUSG00000084426	0
ENSMUSG00000084428	0
ENSMUSG00000084431	0
ENSMUSG00000084432	0
ENSMUSG00000084433	0
ENSMUSG00000084435	0
ENSMUSG00000084437	0
ENSMUSG00000084439	0
ENSMUSG00000084440	0
ENSMUSG00000084441	0
ENSMUSG00000084442	0
ENSMUSG00000084443	0
ENSMUSG00000084444	0
ENSMUSG00000084445	0
ENSMUSG00000084446	0
ENSMUSG00000084447	0
ENSMUSG00000084448	0
ENSMUSG00000084449	0
ENSMUSG00000084450	0
ENSMUSG00000084451	0
ENSMUSG00000084452	0
ENSMUSG00000084453	0
ENSMUSG00000084454	0
ENSMUSG00000084456	0
ENSMUSG00000084457	0
ENSMUSG00000084458	0
ENSMUSG00000084459	0
ENSMUSG00000084460	0
ENSMUSG00000084461	0
ENSMUSG00000084462	0
ENSMUSG00000084463	0
ENSMUSG00000084465	0
ENSMUSG00000084466	0
ENSMUSG00000084467	0
ENSMUSG00000084468	0
ENSMUSG00000084469	0
ENSMUSG00000084472	0
ENSMUSG00000084473	0
ENSMUSG00000084474	0
ENSMUSG00000084475	0
ENSMUSG00000084476	0
ENSMUSG00000084477	0
ENSMUSG00000084478	0
ENSMUSG00000084479	0
ENSMUSG00000084480	0
ENSMUSG00000084484	0
ENSMUSG00000084485	0
ENSMUSG00000084487	0
ENSMUSG00000084492	0
ENSMUSG00000084493	0
ENSMUSG00000084496	0
ENSMUSG00000084497	0
ENSMUSG00000084498	0
ENSMUSG00000084500	0
ENSMUSG00000084501	0
ENSMUSG00000084502	0
ENSMUSG00000084503	0
ENSMUSG00000084504	0
ENSMUSG00000084505	0
ENSMUSG00000084506	0
ENSMUSG00000084507	0
ENSMUSG00000084508	0
ENSMUSG00000084511	0
ENSMUSG00000084512	0
ENSMUSG00000084513	0
ENSMUSG00000084514	0
ENSMUSG00000084515	0
ENSMUSG00000084516	0
ENSMUSG00000084517	0
ENSMUSG00000084518	0
ENSMUSG00000084519	0
ENSMUSG00000084520	0
ENSMUSG00000084521	0
ENSMUSG00000084522	0
ENSMUSG00000084523	0
ENSMUSG00000084524	0
ENSMUSG00000084526	0
ENSMUSG00000084527	0
ENSMUSG00000084530	0
ENSMUSG00000084531	0
ENSMUSG00000084532	0
ENSMUSG00000084535	0
ENSMUSG00000084536	0
ENSMUSG00000084537	0
ENSMUSG00000084539	0
ENSMUSG00000084540	0
ENSMUSG00000084541	0
ENSMUSG00000084543	0
ENSMUSG00000084544	0
ENSMUSG00000084545	0
ENSMUSG00000084546	0
ENSMUSG00000084547	0
ENSMUSG00000084548	0
ENSMUSG00000084549	0
ENSMUSG00000084550	0
ENSMUSG00000084551	0
ENSMUSG00000084552	0
ENSMUSG00000084555	0
ENSMUSG00000084557	0
ENSMUSG00000084558	0
ENSMUSG00000084559	0
ENSMUSG00000084560	0
ENSMUSG00000084562	0
ENSMUSG00000084564	0
ENSMUSG00000084565	0
ENSMUSG00000084566	0
ENSMUSG00000084567	0
ENSMUSG00000084568	0
ENSMUSG00000084569	0
ENSMUSG00000084571	0
ENSMUSG00000084572	0
ENSMUSG00000084573	0
ENSMUSG00000084574	0
ENSMUSG00000084575	0
ENSMUSG00000084576	0
ENSMUSG00000084579	0
ENSMUSG00000084581	0
ENSMUSG00000084582	0
ENSMUSG00000084583	0
ENSMUSG00000084584	0
ENSMUSG00000084587	0
ENSMUSG00000084588	0
ENSMUSG00000084589	0
ENSMUSG00000084590	0
ENSMUSG00000084591	0
ENSMUSG00000084592	0
ENSMUSG00000084593	0
ENSMUSG00000084595	0
ENSMUSG00000084596	0
ENSMUSG00000084597	0
ENSMUSG00000084598	0
ENSMUSG00000084599	0
ENSMUSG00000084600	0
ENSMUSG00000084601	0
ENSMUSG00000084602	0
ENSMUSG00000084603	0
ENSMUSG00000084604	0
ENSMUSG00000084605	0
ENSMUSG00000084606	0
ENSMUSG00000084607	2
ENSMUSG00000084608	0
ENSMUSG00000084609	0
ENSMUSG00000084610	0
ENSMUSG00000084611	0
ENSMUSG00000084612	0
ENSMUSG00000084613	0
ENSMUSG00000084616	0
ENSMUSG00000084617	0
ENSMUSG00000084619	0
ENSMUSG00000084620	0
ENSMUSG00000084621	0
ENSMUSG00000084622	0
ENSMUSG00000084624	0
ENSMUSG00000084625	0
ENSMUSG00000084627	0
ENSMUSG00000084628	0
ENSMUSG00000084629	0
ENSMUSG00000084630	0
ENSMUSG00000084631	0
ENSMUSG00000084632	0
ENSMUSG00000084633	0
ENSMUSG00000084635	0
ENSMUSG00000084636	0
ENSMUSG00000084637	0
ENSMUSG00000084638	0
ENSMUSG00000084639	0
ENSMUSG00000084640	0
ENSMUSG00000084641	0
ENSMUSG00000084642	0
ENSMUSG00000084643	0
ENSMUSG00000084644	0
ENSMUSG00000084645	0
ENSMUSG00000084646	0
ENSMUSG00000084647	0
ENSMUSG00000084648	0
ENSMUSG00000084649	0
ENSMUSG00000084650	0
ENSMUSG00000084651	0
ENSMUSG00000084652	0
ENSMUSG00000084653	0
ENSMUSG00000084654	0
ENSMUSG00000084658	0
ENSMUSG00000084659	0
ENSMUSG00000084660	0
ENSMUSG00000084661	0
ENSMUSG00000084663	0
ENSMUSG00000084664	0
ENSMUSG00000084665	0
ENSMUSG00000084666	0
ENSMUSG00000084667	2
ENSMUSG00000084668	0
ENSMUSG00000084669	0
ENSMUSG00000084671	0
ENSMUSG00000084673	0
ENSMUSG00000084674	0
ENSMUSG00000084675	0
ENSMUSG00000084678	0
ENSMUSG00000084682	0
ENSMUSG00000084683	0
ENSMUSG00000084684	0
ENSMUSG00000084686	1
ENSMUSG00000084688	0
ENSMUSG00000084689	0
ENSMUSG00000084690	0
ENSMUSG00000084691	0
ENSMUSG00000084693	0
ENSMUSG00000084694	0
ENSMUSG00000084696	0
ENSMUSG00000084700	0
ENSMUSG00000084701	0
ENSMUSG00000084702	0
ENSMUSG00000084703	0
ENSMUSG00000084704	0
ENSMUSG00000084705	0
ENSMUSG00000084706	0
ENSMUSG00000084708	2
ENSMUSG00000084710	0
ENSMUSG00000084711	0
ENSMUSG00000084713	0
ENSMUSG00000084714	0
ENSMUSG00000084717	0
ENSMUSG00000084718	0
ENSMUSG00000084719	0
ENSMUSG00000084722	0
ENSMUSG00000084725	0
ENSMUSG00000084728	0
ENSMUSG00000084729	0
ENSMUSG00000084731	0
ENSMUSG00000084732	0
ENSMUSG00000084733	0
ENSMUSG00000084734	0
ENSMUSG00000084737	0
ENSMUSG00000084738	0
ENSMUSG00000084739	0
ENSMUSG00000084740	0
ENSMUSG00000084741	0
ENSMUSG00000084742	0
ENSMUSG00000084743	0
ENSMUSG00000084744	0
ENSMUSG00000084745	0
ENSMUSG00000084746	0
ENSMUSG00000084747	0
ENSMUSG00000084748	0
ENSMUSG00000084749	0
ENSMUSG00000084750	0
ENSMUSG00000084751	0
ENSMUSG00000084752	0
ENSMUSG00000084753	0
ENSMUSG00000084754	1
ENSMUSG00000084755	6
ENSMUSG00000084756	0
ENSMUSG00000084757	0
ENSMUSG00000084758	8
ENSMUSG00000084760	1
ENSMUSG00000084761	8
ENSMUSG00000084762	0
ENSMUSG00000084764	0
ENSMUSG00000084766	0
ENSMUSG00000084768	0
ENSMUSG00000084769	0
ENSMUSG00000084771	11
ENSMUSG00000084772	0
ENSMUSG00000084773	0
ENSMUSG00000084774	0
ENSMUSG00000084775	0
ENSMUSG00000084776	0
ENSMUSG00000084780	0
ENSMUSG00000084781	1
ENSMUSG00000084782	0
ENSMUSG00000084783	0
ENSMUSG00000084785	0
ENSMUSG00000084786	2128
ENSMUSG00000084787	0
ENSMUSG00000084788	5
ENSMUSG00000084789	0
ENSMUSG00000084790	20
ENSMUSG00000084791	0
ENSMUSG00000084792	9
ENSMUSG00000084793	26
ENSMUSG00000084794	0
ENSMUSG00000084795	0
ENSMUSG00000084796	18
ENSMUSG00000084797	2
ENSMUSG00000084798	0
ENSMUSG00000084799	7
ENSMUSG00000084800	0
ENSMUSG00000084802	0
ENSMUSG00000084803	16
ENSMUSG00000084804	0
ENSMUSG00000084805	0
ENSMUSG00000084806	1
ENSMUSG00000084807	0
ENSMUSG00000084808	6
ENSMUSG00000084809	0
ENSMUSG00000084811	0
ENSMUSG00000084816	4
ENSMUSG00000084817	0
ENSMUSG00000084818	0
ENSMUSG00000084819	72
ENSMUSG00000084821	5
ENSMUSG00000084822	0
ENSMUSG00000084823	0
ENSMUSG00000084824	0
ENSMUSG00000084825	0
ENSMUSG00000084826	1
ENSMUSG00000084828	0
ENSMUSG00000084829	0
ENSMUSG00000084830	208
ENSMUSG00000084831	0
ENSMUSG00000084833	0
ENSMUSG00000084834	0
ENSMUSG00000084835	0
ENSMUSG00000084836	1
ENSMUSG00000084837	0
ENSMUSG00000084838	0
ENSMUSG00000084839	106
ENSMUSG00000084840	0
ENSMUSG00000084842	0
ENSMUSG00000084843	0
ENSMUSG00000084844	25
ENSMUSG00000084845	0
ENSMUSG00000084846	88
ENSMUSG00000084847	0
ENSMUSG00000084848	0
ENSMUSG00000084849	0
ENSMUSG00000084850	0
ENSMUSG00000084851	0
ENSMUSG00000084852	0
ENSMUSG00000084853	0
ENSMUSG00000084854	0
ENSMUSG00000084855	0
ENSMUSG00000084856	0
ENSMUSG00000084858	0
ENSMUSG00000084859	0
ENSMUSG00000084860	1
ENSMUSG00000084861	0
ENSMUSG00000084862	1
ENSMUSG00000084863	0
ENSMUSG00000084864	0
ENSMUSG00000084865	0
ENSMUSG00000084866	7
ENSMUSG00000084869	0
ENSMUSG00000084870	0
ENSMUSG00000084871	0
ENSMUSG00000084873	0
ENSMUSG00000084874	72
ENSMUSG00000084875	0
ENSMUSG00000084876	0
ENSMUSG00000084878	0
ENSMUSG00000084880	19
ENSMUSG00000084881	0
ENSMUSG00000084883	378
ENSMUSG00000084884	0
ENSMUSG00000084885	0
ENSMUSG00000084887	0
ENSMUSG00000084889	0
ENSMUSG00000084890	0
ENSMUSG00000084891	0
ENSMUSG00000084892	0
ENSMUSG00000084893	2
ENSMUSG00000084894	0
ENSMUSG00000084895	0
ENSMUSG00000084896	0
ENSMUSG00000084897	0
ENSMUSG00000084898	0
ENSMUSG00000084899	491
ENSMUSG00000084901	0
ENSMUSG00000084902	0
ENSMUSG00000084904	0
ENSMUSG00000084905	0
ENSMUSG00000084906	0
ENSMUSG00000084907	0
ENSMUSG00000084908	0
ENSMUSG00000084909	0
ENSMUSG00000084910	126
ENSMUSG00000084911	0
ENSMUSG00000084913	0
ENSMUSG00000084915	24
ENSMUSG00000084916	0
ENSMUSG00000084917	0
ENSMUSG00000084918	2
ENSMUSG00000084919	0
ENSMUSG00000084920	0
ENSMUSG00000084921	0
ENSMUSG00000084923	0
ENSMUSG00000084924	0
ENSMUSG00000084925	6
ENSMUSG00000084927	0
ENSMUSG00000084929	0
ENSMUSG00000084930	0
ENSMUSG00000084932	0
ENSMUSG00000084933	0
ENSMUSG00000084934	13
ENSMUSG00000084935	0
ENSMUSG00000084936	0
ENSMUSG00000084937	0
ENSMUSG00000084938	0
ENSMUSG00000084939	2
ENSMUSG00000084940	0
ENSMUSG00000084941	1
ENSMUSG00000084942	0
ENSMUSG00000084944	0
ENSMUSG00000084945	0
ENSMUSG00000084946	0
ENSMUSG00000084947	0
ENSMUSG00000084948	0
ENSMUSG00000084949	0
ENSMUSG00000084950	1
ENSMUSG00000084951	0
ENSMUSG00000084954	0
ENSMUSG00000084955	0
ENSMUSG00000084956	0
ENSMUSG00000084957	434
ENSMUSG00000084959	0
ENSMUSG00000084960	1
ENSMUSG00000084962	0
ENSMUSG00000084963	1
ENSMUSG00000084964	0
ENSMUSG00000084965	0
ENSMUSG00000084966	0
ENSMUSG00000084967	1
ENSMUSG00000084968	2
ENSMUSG00000084969	2
ENSMUSG00000084970	0
ENSMUSG00000084971	0
ENSMUSG00000084973	0
ENSMUSG00000084974	0
ENSMUSG00000084978	0
ENSMUSG00000084979	0
ENSMUSG00000084980	0
ENSMUSG00000084981	0
ENSMUSG00000084982	0
ENSMUSG00000084983	449
ENSMUSG00000084984	0
ENSMUSG00000084985	0
ENSMUSG00000084986	0
ENSMUSG00000084987	0
ENSMUSG00000084989	0
ENSMUSG00000084990	0
ENSMUSG00000084991	0
ENSMUSG00000084992	0
ENSMUSG00000084993	0
ENSMUSG00000084995	0
ENSMUSG00000084996	0
ENSMUSG00000084997	1
ENSMUSG00000084998	13
ENSMUSG00000084999	0
ENSMUSG00000085000	0
ENSMUSG00000085001	0
ENSMUSG00000085002	0
ENSMUSG00000085003	0
ENSMUSG00000085004	0
ENSMUSG00000085006	23
ENSMUSG00000085007	0
ENSMUSG00000085008	0
ENSMUSG00000085009	0
ENSMUSG00000085010	5
ENSMUSG00000085012	16
ENSMUSG00000085014	0
ENSMUSG00000085015	0
ENSMUSG00000085016	0
ENSMUSG00000085017	0
ENSMUSG00000085019	0
ENSMUSG00000085020	0
ENSMUSG00000085021	0
ENSMUSG00000085022	0
ENSMUSG00000085023	0
ENSMUSG00000085024	9
ENSMUSG00000085025	0
ENSMUSG00000085026	0
ENSMUSG00000085027	0
ENSMUSG00000085028	866
ENSMUSG00000085029	0
ENSMUSG00000085030	0
ENSMUSG00000085032	0
ENSMUSG00000085033	0
ENSMUSG00000085034	0
ENSMUSG00000085035	0
ENSMUSG00000085036	0
ENSMUSG00000085037	36
ENSMUSG00000085039	2
ENSMUSG00000085041	0
ENSMUSG00000085042	14
ENSMUSG00000085043	4
ENSMUSG00000085044	0
ENSMUSG00000085046	0
ENSMUSG00000085047	0
ENSMUSG00000085048	0
ENSMUSG00000085049	0
ENSMUSG00000085051	0
ENSMUSG00000085053	0
ENSMUSG00000085054	2
ENSMUSG00000085055	1
ENSMUSG00000085057	1
ENSMUSG00000085058	4
ENSMUSG00000085059	0
ENSMUSG00000085060	0
ENSMUSG00000085063	2
ENSMUSG00000085066	2
ENSMUSG00000085067	0
ENSMUSG00000085068	0
ENSMUSG00000085069	0
ENSMUSG00000085070	0
ENSMUSG00000085071	0
ENSMUSG00000085072	5
ENSMUSG00000085073	0
ENSMUSG00000085074	0
ENSMUSG00000085075	0
ENSMUSG00000085077	0
ENSMUSG00000085078	1
ENSMUSG00000085079	0
ENSMUSG00000085080	0
ENSMUSG00000085081	5
ENSMUSG00000085082	0
ENSMUSG00000085083	0
ENSMUSG00000085084	0
ENSMUSG00000085085	1
ENSMUSG00000085087	3
ENSMUSG00000085088	0
ENSMUSG00000085089	15
ENSMUSG00000085090	0
ENSMUSG00000085091	0
ENSMUSG00000085093	1
ENSMUSG00000085094	0
ENSMUSG00000085095	4
ENSMUSG00000085097	0
ENSMUSG00000085099	0
ENSMUSG00000085100	0
ENSMUSG00000085101	0
ENSMUSG00000085102	0
ENSMUSG00000085103	0
ENSMUSG00000085104	0
ENSMUSG00000085105	4
ENSMUSG00000085106	0
ENSMUSG00000085107	0
ENSMUSG00000085108	0
ENSMUSG00000085109	0
ENSMUSG00000085110	0
ENSMUSG00000085111	0
ENSMUSG00000085112	16
ENSMUSG00000085113	0
ENSMUSG00000085114	0
ENSMUSG00000085115	0
ENSMUSG00000085116	0
ENSMUSG00000085118	0
ENSMUSG00000085120	0
ENSMUSG00000085121	0
ENSMUSG00000085122	0
ENSMUSG00000085123	0
ENSMUSG00000085124	0
ENSMUSG00000085125	0
ENSMUSG00000085126	0
ENSMUSG00000085127	0
ENSMUSG00000085129	6
ENSMUSG00000085130	0
ENSMUSG00000085132	29
ENSMUSG00000085133	85
ENSMUSG00000085134	0
ENSMUSG00000085135	0
ENSMUSG00000085139	0
ENSMUSG00000085141	1
ENSMUSG00000085142	0
ENSMUSG00000085143	2
ENSMUSG00000085145	0
ENSMUSG00000085146	0
ENSMUSG00000085147	0
ENSMUSG00000085148	2450
ENSMUSG00000085150	0
ENSMUSG00000085151	38
ENSMUSG00000085152	2
ENSMUSG00000085154	2
ENSMUSG00000085155	0
ENSMUSG00000085156	6
ENSMUSG00000085157	0
ENSMUSG00000085158	0
ENSMUSG00000085160	0
ENSMUSG00000085161	0
ENSMUSG00000085162	0
ENSMUSG00000085165	1
ENSMUSG00000085166	0
ENSMUSG00000085167	0
ENSMUSG00000085168	0
ENSMUSG00000085169	9
ENSMUSG00000085170	0
ENSMUSG00000085171	10
ENSMUSG00000085172	600
ENSMUSG00000085173	1
ENSMUSG00000085174	2
ENSMUSG00000085175	73
ENSMUSG00000085176	0
ENSMUSG00000085177	0
ENSMUSG00000085178	0
ENSMUSG00000085179	0
ENSMUSG00000085180	12
ENSMUSG00000085181	0
ENSMUSG00000085182	1
ENSMUSG00000085183	0
ENSMUSG00000085184	0
ENSMUSG00000085185	2
ENSMUSG00000085187	0
ENSMUSG00000085188	0
ENSMUSG00000085189	22
ENSMUSG00000085192	8
ENSMUSG00000085193	0
ENSMUSG00000085194	0
ENSMUSG00000085196	1
ENSMUSG00000085197	0
ENSMUSG00000085198	0
ENSMUSG00000085199	0
ENSMUSG00000085201	0
ENSMUSG00000085202	0
ENSMUSG00000085203	0
ENSMUSG00000085204	7
ENSMUSG00000085205	0
ENSMUSG00000085206	0
ENSMUSG00000085207	6
ENSMUSG00000085208	541
ENSMUSG00000085209	0
ENSMUSG00000085211	14
ENSMUSG00000085213	1
ENSMUSG00000085217	0
ENSMUSG00000085218	5
ENSMUSG00000085221	0
ENSMUSG00000085222	0
ENSMUSG00000085223	3
ENSMUSG00000085224	0
ENSMUSG00000085225	0
ENSMUSG00000085226	0
ENSMUSG00000085227	33
ENSMUSG00000085228	2
ENSMUSG00000085229	0
ENSMUSG00000085230	0
ENSMUSG00000085232	0
ENSMUSG00000085234	0
ENSMUSG00000085235	13
ENSMUSG00000085236	0
ENSMUSG00000085237	5
ENSMUSG00000085238	1
ENSMUSG00000085239	0
ENSMUSG00000085240	0
ENSMUSG00000085241	152
ENSMUSG00000085242	0
ENSMUSG00000085244	0
ENSMUSG00000085245	0
ENSMUSG00000085246	0
ENSMUSG00000085247	0
ENSMUSG00000085248	0
ENSMUSG00000085249	17
ENSMUSG00000085250	1
ENSMUSG00000085251	0
ENSMUSG00000085252	0
ENSMUSG00000085253	0
ENSMUSG00000085254	0
ENSMUSG00000085255	25
ENSMUSG00000085256	0
ENSMUSG00000085257	0
ENSMUSG00000085260	0
ENSMUSG00000085261	0
ENSMUSG00000085262	0
ENSMUSG00000085263	0
ENSMUSG00000085264	0
ENSMUSG00000085265	0
ENSMUSG00000085267	0
ENSMUSG00000085269	0
ENSMUSG00000085271	0
ENSMUSG00000085272	0
ENSMUSG00000085274	0
ENSMUSG00000085275	1
ENSMUSG00000085276	0
ENSMUSG00000085277	0
ENSMUSG00000085278	0
ENSMUSG00000085279	0
ENSMUSG00000085280	0
ENSMUSG00000085281	0
ENSMUSG00000085282	16
ENSMUSG00000085284	0
ENSMUSG00000085285	0
ENSMUSG00000085286	0
ENSMUSG00000085287	73
ENSMUSG00000085288	0
ENSMUSG00000085289	0
ENSMUSG00000085290	0
ENSMUSG00000085292	0
ENSMUSG00000085293	0
ENSMUSG00000085295	1
ENSMUSG00000085297	0
ENSMUSG00000085298	1
ENSMUSG00000085300	0
ENSMUSG00000085301	0
ENSMUSG00000085302	0
ENSMUSG00000085303	0
ENSMUSG00000085304	0
ENSMUSG00000085305	0
ENSMUSG00000085307	0
ENSMUSG00000085310	0
ENSMUSG00000085311	1
ENSMUSG00000085312	0
ENSMUSG00000085314	0
ENSMUSG00000085315	40
ENSMUSG00000085316	0
ENSMUSG00000085317	2
ENSMUSG00000085318	0
ENSMUSG00000085319	0
ENSMUSG00000085320	0
ENSMUSG00000085321	0
ENSMUSG00000085322	0
ENSMUSG00000085323	0
ENSMUSG00000085324	0
ENSMUSG00000085325	0
ENSMUSG00000085326	0
ENSMUSG00000085327	0
ENSMUSG00000085328	0
ENSMUSG00000085329	0
ENSMUSG00000085330	0
ENSMUSG00000085331	0
ENSMUSG00000085333	0
ENSMUSG00000085334	338
ENSMUSG00000085335	0
ENSMUSG00000085336	0
ENSMUSG00000085337	0
ENSMUSG00000085338	2
ENSMUSG00000085340	0
ENSMUSG00000085342	351
ENSMUSG00000085345	0
ENSMUSG00000085347	4
ENSMUSG00000085348	0
ENSMUSG00000085350	0
ENSMUSG00000085351	0
ENSMUSG00000085352	0
ENSMUSG00000085353	0
ENSMUSG00000085354	0
ENSMUSG00000085355	3
ENSMUSG00000085357	0
ENSMUSG00000085358	0
ENSMUSG00000085359	0
ENSMUSG00000085360	4
ENSMUSG00000085361	0
ENSMUSG00000085363	0
ENSMUSG00000085366	0
ENSMUSG00000085368	0
ENSMUSG00000085369	5
ENSMUSG00000085371	0
ENSMUSG00000085372	0
ENSMUSG00000085375	0
ENSMUSG00000085376	0
ENSMUSG00000085377	0
ENSMUSG00000085378	0
ENSMUSG00000085379	6
ENSMUSG00000085380	0
ENSMUSG00000085382	1
ENSMUSG00000085383	0
ENSMUSG00000085385	471
ENSMUSG00000085386	0
ENSMUSG00000085387	0
ENSMUSG00000085388	0
ENSMUSG00000085389	0
ENSMUSG00000085390	0
ENSMUSG00000085391	0
ENSMUSG00000085393	0
ENSMUSG00000085394	1
ENSMUSG00000085395	6
ENSMUSG00000085396	2828
ENSMUSG00000085397	0
ENSMUSG00000085398	0
ENSMUSG00000085399	4
ENSMUSG00000085400	14
ENSMUSG00000085401	9
ENSMUSG00000085402	0
ENSMUSG00000085403	0
ENSMUSG00000085404	260
ENSMUSG00000085405	0
ENSMUSG00000085407	0
ENSMUSG00000085408	9
ENSMUSG00000085409	0
ENSMUSG00000085411	0
ENSMUSG00000085412	0
ENSMUSG00000085413	0
ENSMUSG00000085414	0
ENSMUSG00000085415	1
ENSMUSG00000085416	0
ENSMUSG00000085417	0
ENSMUSG00000085418	0
ENSMUSG00000085419	0
ENSMUSG00000085420	0
ENSMUSG00000085421	1
ENSMUSG00000085423	2
ENSMUSG00000085424	0
ENSMUSG00000085425	0
ENSMUSG00000085426	0
ENSMUSG00000085427	2
ENSMUSG00000085428	0
ENSMUSG00000085429	0
ENSMUSG00000085430	0
ENSMUSG00000085431	0
ENSMUSG00000085433	6
ENSMUSG00000085434	0
ENSMUSG00000085436	22
ENSMUSG00000085437	0
ENSMUSG00000085438	1615
ENSMUSG00000085439	1
ENSMUSG00000085440	0
ENSMUSG00000085441	0
ENSMUSG00000085442	0
ENSMUSG00000085443	0
ENSMUSG00000085444	0
ENSMUSG00000085445	55
ENSMUSG00000085447	0
ENSMUSG00000085448	0
ENSMUSG00000085449	0
ENSMUSG00000085450	0
ENSMUSG00000085451	0
ENSMUSG00000085452	1
ENSMUSG00000085453	0
ENSMUSG00000085454	0
ENSMUSG00000085456	0
ENSMUSG00000085457	2
ENSMUSG00000085459	0
ENSMUSG00000085463	0
ENSMUSG00000085464	1
ENSMUSG00000085465	0
ENSMUSG00000085466	0
ENSMUSG00000085467	0
ENSMUSG00000085468	86
ENSMUSG00000085469	0
ENSMUSG00000085470	0
ENSMUSG00000085471	0
ENSMUSG00000085472	0
ENSMUSG00000085473	0
ENSMUSG00000085476	0
ENSMUSG00000085477	0
ENSMUSG00000085478	0
ENSMUSG00000085479	0
ENSMUSG00000085481	0
ENSMUSG00000085482	0
ENSMUSG00000085483	0
ENSMUSG00000085484	0
ENSMUSG00000085485	0
ENSMUSG00000085486	0
ENSMUSG00000085487	1
ENSMUSG00000085488	0
ENSMUSG00000085489	0
ENSMUSG00000085491	0
ENSMUSG00000085492	75
ENSMUSG00000085495	0
ENSMUSG00000085496	0
ENSMUSG00000085497	0
ENSMUSG00000085498	31
ENSMUSG00000085499	0
ENSMUSG00000085500	0
ENSMUSG00000085501	19
ENSMUSG00000085502	2
ENSMUSG00000085504	0
ENSMUSG00000085505	0
ENSMUSG00000085507	0
ENSMUSG00000085508	0
ENSMUSG00000085509	0
ENSMUSG00000085510	0
ENSMUSG00000085511	0
ENSMUSG00000085512	0
ENSMUSG00000085513	0
ENSMUSG00000085514	7
ENSMUSG00000085515	0
ENSMUSG00000085516	0
ENSMUSG00000085517	1
ENSMUSG00000085519	0
ENSMUSG00000085521	14
ENSMUSG00000085522	0
ENSMUSG00000085523	0
ENSMUSG00000085524	0
ENSMUSG00000085525	1
ENSMUSG00000085526	1
ENSMUSG00000085527	16
ENSMUSG00000085528	0
ENSMUSG00000085530	0
ENSMUSG00000085531	1
ENSMUSG00000085532	0
ENSMUSG00000085533	0
ENSMUSG00000085534	0
ENSMUSG00000085536	0
ENSMUSG00000085538	0
ENSMUSG00000085539	0
ENSMUSG00000085540	0
ENSMUSG00000085541	0
ENSMUSG00000085542	0
ENSMUSG00000085543	0
ENSMUSG00000085545	0
ENSMUSG00000085546	0
ENSMUSG00000085547	0
ENSMUSG00000085548	0
ENSMUSG00000085549	0
ENSMUSG00000085550	0
ENSMUSG00000085551	0
ENSMUSG00000085552	0
ENSMUSG00000085553	0
ENSMUSG00000085555	0
ENSMUSG00000085556	0
ENSMUSG00000085558	81
ENSMUSG00000085559	0
ENSMUSG00000085560	5
ENSMUSG00000085561	0
ENSMUSG00000085562	0
ENSMUSG00000085563	0
ENSMUSG00000085564	0
ENSMUSG00000085565	0
ENSMUSG00000085566	31
ENSMUSG00000085568	0
ENSMUSG00000085569	3
ENSMUSG00000085572	0
ENSMUSG00000085573	0
ENSMUSG00000085574	1
ENSMUSG00000085575	0
ENSMUSG00000085576	0
ENSMUSG00000085577	0
ENSMUSG00000085578	0
ENSMUSG00000085579	0
ENSMUSG00000085580	0
ENSMUSG00000085581	0
ENSMUSG00000085582	0
ENSMUSG00000085584	0
ENSMUSG00000085585	0
ENSMUSG00000085586	3
ENSMUSG00000085587	0
ENSMUSG00000085588	0
ENSMUSG00000085589	0
ENSMUSG00000085591	1
ENSMUSG00000085592	0
ENSMUSG00000085593	0
ENSMUSG00000085594	0
ENSMUSG00000085595	1
ENSMUSG00000085596	0
ENSMUSG00000085598	0
ENSMUSG00000085599	0
ENSMUSG00000085600	0
ENSMUSG00000085601	0
ENSMUSG00000085603	6
ENSMUSG00000085604	0
ENSMUSG00000085606	0
ENSMUSG00000085608	0
ENSMUSG00000085609	0
ENSMUSG00000085610	0
ENSMUSG00000085611	0
ENSMUSG00000085612	0
ENSMUSG00000085614	0
ENSMUSG00000085615	31
ENSMUSG00000085616	0
ENSMUSG00000085618	0
ENSMUSG00000085619	0
ENSMUSG00000085620	0
ENSMUSG00000085622	49
ENSMUSG00000085623	0
ENSMUSG00000085624	0
ENSMUSG00000085625	0
ENSMUSG00000085626	0
ENSMUSG00000085627	14
ENSMUSG00000085628	0
ENSMUSG00000085629	0
ENSMUSG00000085630	0
ENSMUSG00000085631	0
ENSMUSG00000085632	0
ENSMUSG00000085633	2
ENSMUSG00000085634	0
ENSMUSG00000085635	0
ENSMUSG00000085636	1
ENSMUSG00000085637	0
ENSMUSG00000085638	0
ENSMUSG00000085639	0
ENSMUSG00000085640	0
ENSMUSG00000085641	0
ENSMUSG00000085642	2
ENSMUSG00000085643	0
ENSMUSG00000085645	0
ENSMUSG00000085646	0
ENSMUSG00000085648	0
ENSMUSG00000085649	0
ENSMUSG00000085651	1
ENSMUSG00000085652	0
ENSMUSG00000085653	0
ENSMUSG00000085654	3
ENSMUSG00000085655	42
ENSMUSG00000085656	0
ENSMUSG00000085657	0
ENSMUSG00000085658	4
ENSMUSG00000085659	0
ENSMUSG00000085660	0
ENSMUSG00000085662	0
ENSMUSG00000085663	0
ENSMUSG00000085664	0
ENSMUSG00000085665	22
ENSMUSG00000085666	0
ENSMUSG00000085667	49
ENSMUSG00000085668	0
ENSMUSG00000085669	0
ENSMUSG00000085672	0
ENSMUSG00000085673	0
ENSMUSG00000085675	0
ENSMUSG00000085676	0
ENSMUSG00000085677	0
ENSMUSG00000085678	0
ENSMUSG00000085679	0
ENSMUSG00000085680	0
ENSMUSG00000085681	0
ENSMUSG00000085682	0
ENSMUSG00000085683	0
ENSMUSG00000085684	0
ENSMUSG00000085686	0
ENSMUSG00000085687	4
ENSMUSG00000085688	0
ENSMUSG00000085689	0
ENSMUSG00000085690	0
ENSMUSG00000085691	0
ENSMUSG00000085693	0
ENSMUSG00000085694	0
ENSMUSG00000085695	0
ENSMUSG00000085696	0
ENSMUSG00000085699	0
ENSMUSG00000085700	0
ENSMUSG00000085701	0
ENSMUSG00000085702	0
ENSMUSG00000085704	27
ENSMUSG00000085705	0
ENSMUSG00000085706	0
ENSMUSG00000085707	0
ENSMUSG00000085708	10
ENSMUSG00000085709	0
ENSMUSG00000085710	1
ENSMUSG00000085711	343
ENSMUSG00000085712	0
ENSMUSG00000085713	0
ENSMUSG00000085714	0
ENSMUSG00000085715	0
ENSMUSG00000085716	0
ENSMUSG00000085717	0
ENSMUSG00000085718	0
ENSMUSG00000085719	0
ENSMUSG00000085720	7
ENSMUSG00000085721	0
ENSMUSG00000085722	0
ENSMUSG00000085723	0
ENSMUSG00000085724	0
ENSMUSG00000085725	0
ENSMUSG00000085728	0
ENSMUSG00000085730	0
ENSMUSG00000085731	0
ENSMUSG00000085732	0
ENSMUSG00000085733	1
ENSMUSG00000085734	0
ENSMUSG00000085735	0
ENSMUSG00000085737	0
ENSMUSG00000085738	0
ENSMUSG00000085739	0
ENSMUSG00000085740	0
ENSMUSG00000085741	31
ENSMUSG00000085742	0
ENSMUSG00000085743	1
ENSMUSG00000085744	0
ENSMUSG00000085745	0
ENSMUSG00000085747	0
ENSMUSG00000085748	0
ENSMUSG00000085749	7
ENSMUSG00000085750	0
ENSMUSG00000085751	0
ENSMUSG00000085753	0
ENSMUSG00000085754	0
ENSMUSG00000085755	0
ENSMUSG00000085756	0
ENSMUSG00000085757	0
ENSMUSG00000085759	0
ENSMUSG00000085760	4
ENSMUSG00000085761	3
ENSMUSG00000085762	0
ENSMUSG00000085763	2
ENSMUSG00000085765	0
ENSMUSG00000085766	1
ENSMUSG00000085767	24
ENSMUSG00000085768	0
ENSMUSG00000085770	0
ENSMUSG00000085771	0
ENSMUSG00000085772	33
ENSMUSG00000085773	0
ENSMUSG00000085774	0
ENSMUSG00000085775	0
ENSMUSG00000085776	29
ENSMUSG00000085779	1
ENSMUSG00000085781	0
ENSMUSG00000085782	0
ENSMUSG00000085783	403
ENSMUSG00000085784	0
ENSMUSG00000085785	0
ENSMUSG00000085786	3
ENSMUSG00000085787	66
ENSMUSG00000085788	0
ENSMUSG00000085790	0
ENSMUSG00000085791	0
ENSMUSG00000085792	0
ENSMUSG00000085793	149
ENSMUSG00000085794	0
ENSMUSG00000085795	206
ENSMUSG00000085796	0
ENSMUSG00000085797	0
ENSMUSG00000085798	0
ENSMUSG00000085799	0
ENSMUSG00000085800	0
ENSMUSG00000085801	0
ENSMUSG00000085802	0
ENSMUSG00000085803	0
ENSMUSG00000085804	0
ENSMUSG00000085805	0
ENSMUSG00000085806	0
ENSMUSG00000085807	0
ENSMUSG00000085808	2
ENSMUSG00000085810	0
ENSMUSG00000085811	0
ENSMUSG00000085812	0
ENSMUSG00000085813	1
ENSMUSG00000085815	0
ENSMUSG00000085816	0
ENSMUSG00000085817	0
ENSMUSG00000085818	0
ENSMUSG00000085819	0
ENSMUSG00000085820	0
ENSMUSG00000085822	0
ENSMUSG00000085823	1
ENSMUSG00000085824	0
ENSMUSG00000085826	188
ENSMUSG00000085827	0
ENSMUSG00000085828	2
ENSMUSG00000085829	21
ENSMUSG00000085830	1
ENSMUSG00000085831	0
ENSMUSG00000085833	0
ENSMUSG00000085834	0
ENSMUSG00000085835	0
ENSMUSG00000085836	0
ENSMUSG00000085837	0
ENSMUSG00000085838	0
ENSMUSG00000085839	0
ENSMUSG00000085840	0
ENSMUSG00000085841	0
ENSMUSG00000085842	0
ENSMUSG00000085843	2
ENSMUSG00000085844	0
ENSMUSG00000085845	0
ENSMUSG00000085846	0
ENSMUSG00000085847	0
ENSMUSG00000085851	0
ENSMUSG00000085852	0
ENSMUSG00000085853	0
ENSMUSG00000085856	0
ENSMUSG00000085857	0
ENSMUSG00000085858	0
ENSMUSG00000085860	2
ENSMUSG00000085861	0
ENSMUSG00000085862	10
ENSMUSG00000085863	0
ENSMUSG00000085864	0
ENSMUSG00000085865	0
ENSMUSG00000085866	1
ENSMUSG00000085867	127
ENSMUSG00000085868	0
ENSMUSG00000085869	0
ENSMUSG00000085870	0
ENSMUSG00000085871	0
ENSMUSG00000085872	0
ENSMUSG00000085873	0
ENSMUSG00000085875	0
ENSMUSG00000085876	0
ENSMUSG00000085877	0
ENSMUSG00000085878	0
ENSMUSG00000085880	1
ENSMUSG00000085881	4
ENSMUSG00000085882	261
ENSMUSG00000085883	0
ENSMUSG00000085884	0
ENSMUSG00000085885	0
ENSMUSG00000085886	0
ENSMUSG00000085887	7
ENSMUSG00000085888	0
ENSMUSG00000085889	0
ENSMUSG00000085890	18
ENSMUSG00000085891	1
ENSMUSG00000085892	0
ENSMUSG00000085893	0
ENSMUSG00000085894	94
ENSMUSG00000085895	0
ENSMUSG00000085896	0
ENSMUSG00000085897	0
ENSMUSG00000085898	0
ENSMUSG00000085899	0
ENSMUSG00000085900	0
ENSMUSG00000085902	0
ENSMUSG00000085903	0
ENSMUSG00000085905	0
ENSMUSG00000085908	0
ENSMUSG00000085909	0
ENSMUSG00000085910	0
ENSMUSG00000085911	0
ENSMUSG00000085912	1
ENSMUSG00000085913	0
ENSMUSG00000085914	5
ENSMUSG00000085915	0
ENSMUSG00000085917	2
ENSMUSG00000085918	0
ENSMUSG00000085919	0
ENSMUSG00000085920	0
ENSMUSG00000085921	0
ENSMUSG00000085922	0
ENSMUSG00000085923	49
ENSMUSG00000085924	0
ENSMUSG00000085925	0
ENSMUSG00000085926	0
ENSMUSG00000085927	0
ENSMUSG00000085928	0
ENSMUSG00000085929	19
ENSMUSG00000085931	0
ENSMUSG00000085932	0
ENSMUSG00000085933	0
ENSMUSG00000085934	0
ENSMUSG00000085936	1
ENSMUSG00000085937	0
ENSMUSG00000085938	0
ENSMUSG00000085939	80
ENSMUSG00000085940	0
ENSMUSG00000085941	0
ENSMUSG00000085944	0
ENSMUSG00000085945	0
ENSMUSG00000085946	0
ENSMUSG00000085949	1
ENSMUSG00000085950	0
ENSMUSG00000085951	0
ENSMUSG00000085952	1
ENSMUSG00000085953	0
ENSMUSG00000085955	0
ENSMUSG00000085956	14
ENSMUSG00000085957	0
ENSMUSG00000085958	0
ENSMUSG00000085961	0
ENSMUSG00000085962	0
ENSMUSG00000085965	0
ENSMUSG00000085966	0
ENSMUSG00000085967	0
ENSMUSG00000085968	0
ENSMUSG00000085969	0
ENSMUSG00000085970	0
ENSMUSG00000085971	40
ENSMUSG00000085972	82
ENSMUSG00000085973	0
ENSMUSG00000085975	0
ENSMUSG00000085976	0
ENSMUSG00000085977	56
ENSMUSG00000085978	0
ENSMUSG00000085979	0
ENSMUSG00000085980	0
ENSMUSG00000085982	0
ENSMUSG00000085984	0
ENSMUSG00000085985	0
ENSMUSG00000085987	0
ENSMUSG00000085989	0
ENSMUSG00000085990	36
ENSMUSG00000085991	0
ENSMUSG00000085992	0
ENSMUSG00000085993	0
ENSMUSG00000085995	698
ENSMUSG00000085996	2
ENSMUSG00000085998	0
ENSMUSG00000085999	0
ENSMUSG00000086000	0
ENSMUSG00000086001	0
ENSMUSG00000086003	11
ENSMUSG00000086004	2
ENSMUSG00000086006	0
ENSMUSG00000086007	0
ENSMUSG00000086008	0
ENSMUSG00000086009	0
ENSMUSG00000086010	567
ENSMUSG00000086012	6
ENSMUSG00000086013	29
ENSMUSG00000086014	0
ENSMUSG00000086015	12
ENSMUSG00000086016	0
ENSMUSG00000086017	0
ENSMUSG00000086018	0
ENSMUSG00000086019	0
ENSMUSG00000086020	0
ENSMUSG00000086021	0
ENSMUSG00000086022	0
ENSMUSG00000086025	0
ENSMUSG00000086026	0
ENSMUSG00000086027	0
ENSMUSG00000086028	0
ENSMUSG00000086029	0
ENSMUSG00000086030	0
ENSMUSG00000086031	0
ENSMUSG00000086032	3
ENSMUSG00000086034	0
ENSMUSG00000086035	1
ENSMUSG00000086036	0
ENSMUSG00000086037	0
ENSMUSG00000086039	0
ENSMUSG00000086040	202
ENSMUSG00000086041	0
ENSMUSG00000086042	0
ENSMUSG00000086043	0
ENSMUSG00000086044	0
ENSMUSG00000086046	0
ENSMUSG00000086047	3
ENSMUSG00000086048	0
ENSMUSG00000086049	12
ENSMUSG00000086050	0
ENSMUSG00000086052	0
ENSMUSG00000086053	0
ENSMUSG00000086054	201
ENSMUSG00000086055	0
ENSMUSG00000086056	0
ENSMUSG00000086057	0
ENSMUSG00000086058	2
ENSMUSG00000086060	0
ENSMUSG00000086061	0
ENSMUSG00000086063	1
ENSMUSG00000086064	0
ENSMUSG00000086065	0
ENSMUSG00000086066	0
ENSMUSG00000086067	0
ENSMUSG00000086068	0
ENSMUSG00000086069	0
ENSMUSG00000086070	0
ENSMUSG00000086071	40
ENSMUSG00000086072	0
ENSMUSG00000086074	0
ENSMUSG00000086075	5
ENSMUSG00000086076	0
ENSMUSG00000086077	0
ENSMUSG00000086078	0
ENSMUSG00000086080	0
ENSMUSG00000086081	0
ENSMUSG00000086083	2
ENSMUSG00000086087	0
ENSMUSG00000086089	0
ENSMUSG00000086090	0
ENSMUSG00000086092	0
ENSMUSG00000086093	0
ENSMUSG00000086095	1
ENSMUSG00000086096	0
ENSMUSG00000086097	0
ENSMUSG00000086098	0
ENSMUSG00000086103	26
ENSMUSG00000086104	0
ENSMUSG00000086105	0
ENSMUSG00000086107	1
ENSMUSG00000086108	3
ENSMUSG00000086109	0
ENSMUSG00000086111	3
ENSMUSG00000086112	0
ENSMUSG00000086114	0
ENSMUSG00000086115	0
ENSMUSG00000086117	0
ENSMUSG00000086118	0
ENSMUSG00000086119	56
ENSMUSG00000086121	0
ENSMUSG00000086122	0
ENSMUSG00000086123	0
ENSMUSG00000086124	0
ENSMUSG00000086125	0
ENSMUSG00000086126	0
ENSMUSG00000086127	1
ENSMUSG00000086128	2
ENSMUSG00000086129	0
ENSMUSG00000086130	0
ENSMUSG00000086132	0
ENSMUSG00000086133	0
ENSMUSG00000086134	0
ENSMUSG00000086135	0
ENSMUSG00000086136	74
ENSMUSG00000086137	0
ENSMUSG00000086138	0
ENSMUSG00000086139	0
ENSMUSG00000086140	3
ENSMUSG00000086141	379
ENSMUSG00000086142	0
ENSMUSG00000086144	0
ENSMUSG00000086145	0
ENSMUSG00000086146	0
ENSMUSG00000086147	0
ENSMUSG00000086148	0
ENSMUSG00000086149	0
ENSMUSG00000086150	34
ENSMUSG00000086151	0
ENSMUSG00000086152	3
ENSMUSG00000086153	0
ENSMUSG00000086154	0
ENSMUSG00000086155	0
ENSMUSG00000086156	0
ENSMUSG00000086157	0
ENSMUSG00000086158	106
ENSMUSG00000086159	0
ENSMUSG00000086160	0
ENSMUSG00000086161	0
ENSMUSG00000086162	0
ENSMUSG00000086163	0
ENSMUSG00000086164	0
ENSMUSG00000086165	13
ENSMUSG00000086166	0
ENSMUSG00000086167	0
ENSMUSG00000086168	0
ENSMUSG00000086170	0
ENSMUSG00000086171	0
ENSMUSG00000086172	5
ENSMUSG00000086173	0
ENSMUSG00000086174	0
ENSMUSG00000086175	0
ENSMUSG00000086176	3
ENSMUSG00000086177	0
ENSMUSG00000086179	0
ENSMUSG00000086181	0
ENSMUSG00000086184	1
ENSMUSG00000086185	0
ENSMUSG00000086186	0
ENSMUSG00000086187	1
ENSMUSG00000086188	0
ENSMUSG00000086189	0
ENSMUSG00000086190	0
ENSMUSG00000086191	8
ENSMUSG00000086192	0
ENSMUSG00000086193	0
ENSMUSG00000086194	0
ENSMUSG00000086195	0
ENSMUSG00000086196	0
ENSMUSG00000086197	0
ENSMUSG00000086199	1
ENSMUSG00000086201	0
ENSMUSG00000086202	0
ENSMUSG00000086203	0
ENSMUSG00000086204	0
ENSMUSG00000086205	5
ENSMUSG00000086206	1
ENSMUSG00000086207	0
ENSMUSG00000086209	0
ENSMUSG00000086211	0
ENSMUSG00000086212	14
ENSMUSG00000086213	1
ENSMUSG00000086214	0
ENSMUSG00000086216	10
ENSMUSG00000086219	30
ENSMUSG00000086220	0
ENSMUSG00000086221	0
ENSMUSG00000086222	0
ENSMUSG00000086224	2
ENSMUSG00000086225	0
ENSMUSG00000086226	0
ENSMUSG00000086227	0
ENSMUSG00000086228	2
ENSMUSG00000086229	5
ENSMUSG00000086231	2
ENSMUSG00000086232	0
ENSMUSG00000086233	0
ENSMUSG00000086234	0
ENSMUSG00000086235	0
ENSMUSG00000086236	0
ENSMUSG00000086237	0
ENSMUSG00000086238	0
ENSMUSG00000086239	0
ENSMUSG00000086240	0
ENSMUSG00000086241	0
ENSMUSG00000086243	0
ENSMUSG00000086244	0
ENSMUSG00000086245	1
ENSMUSG00000086246	0
ENSMUSG00000086247	9
ENSMUSG00000086248	0
ENSMUSG00000086249	0
ENSMUSG00000086250	0
ENSMUSG00000086251	0
ENSMUSG00000086253	0
ENSMUSG00000086254	0
ENSMUSG00000086255	0
ENSMUSG00000086256	2
ENSMUSG00000086257	0
ENSMUSG00000086258	0
ENSMUSG00000086259	0
ENSMUSG00000086260	0
ENSMUSG00000086261	0
ENSMUSG00000086262	0
ENSMUSG00000086263	0
ENSMUSG00000086264	0
ENSMUSG00000086265	0
ENSMUSG00000086266	1
ENSMUSG00000086267	0
ENSMUSG00000086268	0
ENSMUSG00000086269	0
ENSMUSG00000086272	0
ENSMUSG00000086273	0
ENSMUSG00000086275	0
ENSMUSG00000086277	0
ENSMUSG00000086278	0
ENSMUSG00000086279	7
ENSMUSG00000086282	5
ENSMUSG00000086283	0
ENSMUSG00000086284	0
ENSMUSG00000086286	0
ENSMUSG00000086287	3
ENSMUSG00000086288	34
ENSMUSG00000086289	0
ENSMUSG00000086290	335
ENSMUSG00000086291	0
ENSMUSG00000086292	0
ENSMUSG00000086293	0
ENSMUSG00000086296	1
ENSMUSG00000086297	0
ENSMUSG00000086298	0
ENSMUSG00000086302	0
ENSMUSG00000086306	0
ENSMUSG00000086308	2
ENSMUSG00000086310	0
ENSMUSG00000086311	0
ENSMUSG00000086312	0
ENSMUSG00000086313	0
ENSMUSG00000086315	0
ENSMUSG00000086316	33
ENSMUSG00000086319	0
ENSMUSG00000086320	0
ENSMUSG00000086321	0
ENSMUSG00000086322	0
ENSMUSG00000086324	0
ENSMUSG00000086326	0
ENSMUSG00000086327	0
ENSMUSG00000086328	11
ENSMUSG00000086329	0
ENSMUSG00000086330	0
ENSMUSG00000086331	0
ENSMUSG00000086332	100
ENSMUSG00000086333	0
ENSMUSG00000086335	0
ENSMUSG00000086336	1
ENSMUSG00000086337	0
ENSMUSG00000086338	0
ENSMUSG00000086339	0
ENSMUSG00000086340	0
ENSMUSG00000086341	0
ENSMUSG00000086342	0
ENSMUSG00000086346	0
ENSMUSG00000086347	0
ENSMUSG00000086348	0
ENSMUSG00000086349	0
ENSMUSG00000086350	7
ENSMUSG00000086352	0
ENSMUSG00000086353	4
ENSMUSG00000086354	0
ENSMUSG00000086355	0
ENSMUSG00000086356	0
ENSMUSG00000086358	0
ENSMUSG00000086359	0
ENSMUSG00000086360	0
ENSMUSG00000086361	0
ENSMUSG00000086363	0
ENSMUSG00000086364	0
ENSMUSG00000086365	0
ENSMUSG00000086366	0
ENSMUSG00000086367	0
ENSMUSG00000086368	1
ENSMUSG00000086369	0
ENSMUSG00000086370	206
ENSMUSG00000086371	0
ENSMUSG00000086372	1
ENSMUSG00000086373	0
ENSMUSG00000086375	0
ENSMUSG00000086376	0
ENSMUSG00000086377	0
ENSMUSG00000086379	0
ENSMUSG00000086380	0
ENSMUSG00000086381	0
ENSMUSG00000086382	93
ENSMUSG00000086384	0
ENSMUSG00000086385	0
ENSMUSG00000086386	0
ENSMUSG00000086387	0
ENSMUSG00000086389	308
ENSMUSG00000086390	494
ENSMUSG00000086391	1
ENSMUSG00000086392	0
ENSMUSG00000086395	1
ENSMUSG00000086396	0
ENSMUSG00000086399	0
ENSMUSG00000086401	0
ENSMUSG00000086402	0
ENSMUSG00000086404	5
ENSMUSG00000086405	0
ENSMUSG00000086407	0
ENSMUSG00000086408	0
ENSMUSG00000086409	0
ENSMUSG00000086410	0
ENSMUSG00000086411	0
ENSMUSG00000086413	0
ENSMUSG00000086414	0
ENSMUSG00000086415	0
ENSMUSG00000086416	0
ENSMUSG00000086417	2
ENSMUSG00000086418	0
ENSMUSG00000086420	0
ENSMUSG00000086421	0
ENSMUSG00000086422	0
ENSMUSG00000086423	0
ENSMUSG00000086424	0
ENSMUSG00000086425	0
ENSMUSG00000086426	0
ENSMUSG00000086427	0
ENSMUSG00000086428	2
ENSMUSG00000086429	246
ENSMUSG00000086430	0
ENSMUSG00000086431	0
ENSMUSG00000086432	0
ENSMUSG00000086433	0
ENSMUSG00000086434	0
ENSMUSG00000086436	0
ENSMUSG00000086437	95
ENSMUSG00000086438	0
ENSMUSG00000086439	0
ENSMUSG00000086441	0
ENSMUSG00000086442	1
ENSMUSG00000086443	1
ENSMUSG00000086444	0
ENSMUSG00000086445	0
ENSMUSG00000086446	0
ENSMUSG00000086447	37
ENSMUSG00000086448	122
ENSMUSG00000086449	0
ENSMUSG00000086450	0
ENSMUSG00000086451	0
ENSMUSG00000086452	0
ENSMUSG00000086453	0
ENSMUSG00000086454	1
ENSMUSG00000086455	0
ENSMUSG00000086458	0
ENSMUSG00000086459	0
ENSMUSG00000086460	0
ENSMUSG00000086462	0
ENSMUSG00000086464	0
ENSMUSG00000086465	0
ENSMUSG00000086467	0
ENSMUSG00000086468	22
ENSMUSG00000086470	0
ENSMUSG00000086472	0
ENSMUSG00000086473	0
ENSMUSG00000086474	4
ENSMUSG00000086475	0
ENSMUSG00000086477	2
ENSMUSG00000086478	1
ENSMUSG00000086479	0
ENSMUSG00000086480	0
ENSMUSG00000086481	17
ENSMUSG00000086482	0
ENSMUSG00000086483	0
ENSMUSG00000086484	0
ENSMUSG00000086485	0
ENSMUSG00000086486	0
ENSMUSG00000086487	0
ENSMUSG00000086489	0
ENSMUSG00000086490	0
ENSMUSG00000086491	0
ENSMUSG00000086493	0
ENSMUSG00000086494	93
ENSMUSG00000086495	1
ENSMUSG00000086496	0
ENSMUSG00000086497	0
ENSMUSG00000086498	0
ENSMUSG00000086499	0
ENSMUSG00000086500	0
ENSMUSG00000086501	0
ENSMUSG00000086502	8
ENSMUSG00000086503	4
ENSMUSG00000086504	0
ENSMUSG00000086505	0
ENSMUSG00000086506	0
ENSMUSG00000086507	0
ENSMUSG00000086509	0
ENSMUSG00000086512	0
ENSMUSG00000086513	6
ENSMUSG00000086514	0
ENSMUSG00000086515	0
ENSMUSG00000086517	0
ENSMUSG00000086518	0
ENSMUSG00000086519	0
ENSMUSG00000086521	0
ENSMUSG00000086522	0
ENSMUSG00000086523	0
ENSMUSG00000086524	0
ENSMUSG00000086525	0
ENSMUSG00000086526	0
ENSMUSG00000086527	0
ENSMUSG00000086528	1
ENSMUSG00000086529	0
ENSMUSG00000086530	2
ENSMUSG00000086531	0
ENSMUSG00000086533	9
ENSMUSG00000086534	0
ENSMUSG00000086536	0
ENSMUSG00000086537	0
ENSMUSG00000086539	0
ENSMUSG00000086540	0
ENSMUSG00000086541	0
ENSMUSG00000086542	0
ENSMUSG00000086544	48
ENSMUSG00000086545	0
ENSMUSG00000086546	0
ENSMUSG00000086547	2
ENSMUSG00000086548	0
ENSMUSG00000086549	1
ENSMUSG00000086550	0
ENSMUSG00000086552	1
ENSMUSG00000086554	5
ENSMUSG00000086555	0
ENSMUSG00000086556	0
ENSMUSG00000086557	0
ENSMUSG00000086558	0
ENSMUSG00000086559	0
ENSMUSG00000086560	0
ENSMUSG00000086561	0
ENSMUSG00000086562	0
ENSMUSG00000086563	0
ENSMUSG00000086564	3
ENSMUSG00000086565	0
ENSMUSG00000086567	0
ENSMUSG00000086569	0
ENSMUSG00000086573	0
ENSMUSG00000086575	0
ENSMUSG00000086576	0
ENSMUSG00000086577	0
ENSMUSG00000086578	0
ENSMUSG00000086580	0
ENSMUSG00000086582	0
ENSMUSG00000086583	16
ENSMUSG00000086584	0
ENSMUSG00000086585	0
ENSMUSG00000086586	0
ENSMUSG00000086587	97
ENSMUSG00000086588	0
ENSMUSG00000086589	6
ENSMUSG00000086591	3
ENSMUSG00000086592	0
ENSMUSG00000086593	516
ENSMUSG00000086594	0
ENSMUSG00000086595	0
ENSMUSG00000086596	1
ENSMUSG00000086598	2
ENSMUSG00000086600	0
ENSMUSG00000086601	0
ENSMUSG00000086602	0
ENSMUSG00000086603	0
ENSMUSG00000086604	7
ENSMUSG00000086606	16
ENSMUSG00000086607	1
ENSMUSG00000086608	0
ENSMUSG00000086610	213
ENSMUSG00000086612	0
ENSMUSG00000086613	0
ENSMUSG00000086614	0
ENSMUSG00000086617	0
ENSMUSG00000086618	0
ENSMUSG00000086620	0
ENSMUSG00000086621	0
ENSMUSG00000086624	0
ENSMUSG00000086625	0
ENSMUSG00000086628	226
ENSMUSG00000086629	45
ENSMUSG00000086630	0
ENSMUSG00000086631	0
ENSMUSG00000086632	0
ENSMUSG00000086633	0
ENSMUSG00000086636	0
ENSMUSG00000086637	0
ENSMUSG00000086638	0
ENSMUSG00000086641	0
ENSMUSG00000086643	0
ENSMUSG00000086644	3
ENSMUSG00000086645	0
ENSMUSG00000086646	0
ENSMUSG00000086648	0
ENSMUSG00000086649	0
ENSMUSG00000086650	1
ENSMUSG00000086652	0
ENSMUSG00000086653	0
ENSMUSG00000086654	0
ENSMUSG00000086655	0
ENSMUSG00000086656	0
ENSMUSG00000086657	10
ENSMUSG00000086658	0
ENSMUSG00000086659	0
ENSMUSG00000086660	0
ENSMUSG00000086662	0
ENSMUSG00000086665	0
ENSMUSG00000086666	2
ENSMUSG00000086668	0
ENSMUSG00000086669	9
ENSMUSG00000086670	30
ENSMUSG00000086671	0
ENSMUSG00000086674	0
ENSMUSG00000086675	0
ENSMUSG00000086676	0
ENSMUSG00000086677	0
ENSMUSG00000086679	0
ENSMUSG00000086680	0
ENSMUSG00000086681	0
ENSMUSG00000086682	6
ENSMUSG00000086683	0
ENSMUSG00000086684	0
ENSMUSG00000086685	0
ENSMUSG00000086686	0
ENSMUSG00000086687	0
ENSMUSG00000086688	130
ENSMUSG00000086689	0
ENSMUSG00000086690	0
ENSMUSG00000086691	0
ENSMUSG00000086693	0
ENSMUSG00000086694	0
ENSMUSG00000086695	0
ENSMUSG00000086696	0
ENSMUSG00000086697	0
ENSMUSG00000086698	0
ENSMUSG00000086699	0
ENSMUSG00000086700	0
ENSMUSG00000086701	0
ENSMUSG00000086702	0
ENSMUSG00000086703	0
ENSMUSG00000086704	0
ENSMUSG00000086706	5
ENSMUSG00000086707	0
ENSMUSG00000086708	0
ENSMUSG00000086709	0
ENSMUSG00000086710	0
ENSMUSG00000086711	0
ENSMUSG00000086712	1
ENSMUSG00000086713	0
ENSMUSG00000086714	4
ENSMUSG00000086715	0
ENSMUSG00000086716	0
ENSMUSG00000086717	0
ENSMUSG00000086718	1
ENSMUSG00000086719	0
ENSMUSG00000086720	0
ENSMUSG00000086721	0
ENSMUSG00000086722	0
ENSMUSG00000086724	2
ENSMUSG00000086725	65
ENSMUSG00000086726	0
ENSMUSG00000086727	0
ENSMUSG00000086728	12
ENSMUSG00000086729	0
ENSMUSG00000086730	0
ENSMUSG00000086731	0
ENSMUSG00000086732	0
ENSMUSG00000086733	0
ENSMUSG00000086735	0
ENSMUSG00000086736	0
ENSMUSG00000086738	0
ENSMUSG00000086739	0
ENSMUSG00000086740	1
ENSMUSG00000086741	0
ENSMUSG00000086742	0
ENSMUSG00000086743	0
ENSMUSG00000086745	0
ENSMUSG00000086746	2
ENSMUSG00000086748	4
ENSMUSG00000086749	0
ENSMUSG00000086750	0
ENSMUSG00000086752	0
ENSMUSG00000086753	0
ENSMUSG00000086754	1
ENSMUSG00000086755	0
ENSMUSG00000086756	0
ENSMUSG00000086757	0
ENSMUSG00000086758	0
ENSMUSG00000086760	0
ENSMUSG00000086761	0
ENSMUSG00000086762	0
ENSMUSG00000086763	17
ENSMUSG00000086764	0
ENSMUSG00000086765	24
ENSMUSG00000086766	0
ENSMUSG00000086767	0
ENSMUSG00000086769	0
ENSMUSG00000086770	0
ENSMUSG00000086771	189
ENSMUSG00000086773	5
ENSMUSG00000086774	0
ENSMUSG00000086775	0
ENSMUSG00000086777	0
ENSMUSG00000086779	2
ENSMUSG00000086781	0
ENSMUSG00000086782	86
ENSMUSG00000086783	0
ENSMUSG00000086784	3796
ENSMUSG00000086785	0
ENSMUSG00000086786	0
ENSMUSG00000086788	0
ENSMUSG00000086789	0
ENSMUSG00000086790	0
ENSMUSG00000086791	0
ENSMUSG00000086792	0
ENSMUSG00000086794	2
ENSMUSG00000086795	0
ENSMUSG00000086796	0
ENSMUSG00000086798	0
ENSMUSG00000086799	0
ENSMUSG00000086800	0
ENSMUSG00000086801	0
ENSMUSG00000086804	0
ENSMUSG00000086805	0
ENSMUSG00000086806	0
ENSMUSG00000086807	0
ENSMUSG00000086808	0
ENSMUSG00000086810	0
ENSMUSG00000086812	0
ENSMUSG00000086813	61
ENSMUSG00000086814	0
ENSMUSG00000086815	0
ENSMUSG00000086816	0
ENSMUSG00000086817	0
ENSMUSG00000086818	0
ENSMUSG00000086819	0
ENSMUSG00000086820	0
ENSMUSG00000086821	0
ENSMUSG00000086822	0
ENSMUSG00000086823	0
ENSMUSG00000086824	2
ENSMUSG00000086825	354
ENSMUSG00000086826	0
ENSMUSG00000086827	0
ENSMUSG00000086828	0
ENSMUSG00000086830	1
ENSMUSG00000086831	0
ENSMUSG00000086833	0
ENSMUSG00000086834	0
ENSMUSG00000086835	0
ENSMUSG00000086836	0
ENSMUSG00000086837	1
ENSMUSG00000086838	0
ENSMUSG00000086839	17
ENSMUSG00000086840	0
ENSMUSG00000086841	355
ENSMUSG00000086842	4
ENSMUSG00000086843	2
ENSMUSG00000086844	0
ENSMUSG00000086845	0
ENSMUSG00000086846	0
ENSMUSG00000086847	1
ENSMUSG00000086848	1
ENSMUSG00000086849	11
ENSMUSG00000086850	0
ENSMUSG00000086851	0
ENSMUSG00000086854	0
ENSMUSG00000086855	0
ENSMUSG00000086856	0
ENSMUSG00000086858	0
ENSMUSG00000086859	242
ENSMUSG00000086860	1
ENSMUSG00000086861	0
ENSMUSG00000086862	1
ENSMUSG00000086863	0
ENSMUSG00000086866	1
ENSMUSG00000086867	0
ENSMUSG00000086868	78
ENSMUSG00000086870	0
ENSMUSG00000086872	0
ENSMUSG00000086873	2
ENSMUSG00000086874	0
ENSMUSG00000086875	0
ENSMUSG00000086876	0
ENSMUSG00000086877	19
ENSMUSG00000086879	0
ENSMUSG00000086881	11
ENSMUSG00000086882	0
ENSMUSG00000086884	1
ENSMUSG00000086887	1
ENSMUSG00000086889	4
ENSMUSG00000086890	0
ENSMUSG00000086891	0
ENSMUSG00000086892	0
ENSMUSG00000086893	0
ENSMUSG00000086894	29
ENSMUSG00000086896	0
ENSMUSG00000086898	0
ENSMUSG00000086899	0
ENSMUSG00000086900	0
ENSMUSG00000086902	0
ENSMUSG00000086903	0
ENSMUSG00000086904	2
ENSMUSG00000086905	0
ENSMUSG00000086906	0
ENSMUSG00000086907	0
ENSMUSG00000086908	0
ENSMUSG00000086909	14
ENSMUSG00000086910	0
ENSMUSG00000086911	0
ENSMUSG00000086912	0
ENSMUSG00000086913	0
ENSMUSG00000086914	86
ENSMUSG00000086915	2
ENSMUSG00000086916	1
ENSMUSG00000086917	0
ENSMUSG00000086918	0
ENSMUSG00000086919	0
ENSMUSG00000086920	1
ENSMUSG00000086921	0
ENSMUSG00000086922	152
ENSMUSG00000086923	0
ENSMUSG00000086924	1
ENSMUSG00000086925	0
ENSMUSG00000086926	0
ENSMUSG00000086927	0
ENSMUSG00000086928	0
ENSMUSG00000086929	6
ENSMUSG00000086930	0
ENSMUSG00000086931	0
ENSMUSG00000086932	0
ENSMUSG00000086933	0
ENSMUSG00000086935	0
ENSMUSG00000086936	0
ENSMUSG00000086937	0
ENSMUSG00000086938	308
ENSMUSG00000086939	0
ENSMUSG00000086940	0
ENSMUSG00000086941	0
ENSMUSG00000086942	0
ENSMUSG00000086943	0
ENSMUSG00000086944	0
ENSMUSG00000086945	1
ENSMUSG00000086946	0
ENSMUSG00000086947	0
ENSMUSG00000086948	0
ENSMUSG00000086949	0
ENSMUSG00000086951	3
ENSMUSG00000086952	0
ENSMUSG00000086953	0
ENSMUSG00000086954	0
ENSMUSG00000086955	0
ENSMUSG00000086957	0
ENSMUSG00000086959	0
ENSMUSG00000086960	7
ENSMUSG00000086961	8
ENSMUSG00000086962	0
ENSMUSG00000086963	0
ENSMUSG00000086964	0
ENSMUSG00000086965	5
ENSMUSG00000086968	78
ENSMUSG00000086969	0
ENSMUSG00000086970	0
ENSMUSG00000086971	0
ENSMUSG00000086974	0
ENSMUSG00000086975	0
ENSMUSG00000086976	0
ENSMUSG00000086978	0
ENSMUSG00000086980	0
ENSMUSG00000086981	0
ENSMUSG00000086984	0
ENSMUSG00000086986	0
ENSMUSG00000086987	0
ENSMUSG00000086989	0
ENSMUSG00000086991	0
ENSMUSG00000086992	0
ENSMUSG00000086993	0
ENSMUSG00000086994	0
ENSMUSG00000086995	0
ENSMUSG00000086996	0
ENSMUSG00000086997	0
ENSMUSG00000086998	0
ENSMUSG00000086999	0
ENSMUSG00000087001	0
ENSMUSG00000087002	0
ENSMUSG00000087003	0
ENSMUSG00000087004	4
ENSMUSG00000087006	108
ENSMUSG00000087007	0
ENSMUSG00000087008	4
ENSMUSG00000087009	0
ENSMUSG00000087010	0
ENSMUSG00000087011	0
ENSMUSG00000087013	1
ENSMUSG00000087014	1
ENSMUSG00000087015	0
ENSMUSG00000087016	0
ENSMUSG00000087017	2
ENSMUSG00000087018	0
ENSMUSG00000087020	8
ENSMUSG00000087021	0
ENSMUSG00000087022	1
ENSMUSG00000087024	0
ENSMUSG00000087026	11
ENSMUSG00000087027	0
ENSMUSG00000087028	3
ENSMUSG00000087029	0
ENSMUSG00000087030	0
ENSMUSG00000087031	0
ENSMUSG00000087032	0
ENSMUSG00000087033	0
ENSMUSG00000087034	2
ENSMUSG00000087035	0
ENSMUSG00000087036	0
ENSMUSG00000087037	0
ENSMUSG00000087038	0
ENSMUSG00000087039	0
ENSMUSG00000087040	0
ENSMUSG00000087041	0
ENSMUSG00000087042	7
ENSMUSG00000087043	0
ENSMUSG00000087044	0
ENSMUSG00000087045	0
ENSMUSG00000087047	0
ENSMUSG00000087049	4
ENSMUSG00000087050	0
ENSMUSG00000087051	0
ENSMUSG00000087052	5
ENSMUSG00000087053	0
ENSMUSG00000087054	4
ENSMUSG00000087055	0
ENSMUSG00000087056	0
ENSMUSG00000087057	0
ENSMUSG00000087058	0
ENSMUSG00000087059	0
ENSMUSG00000087060	4
ENSMUSG00000087061	0
ENSMUSG00000087062	0
ENSMUSG00000087063	0
ENSMUSG00000087064	0
ENSMUSG00000087066	0
ENSMUSG00000087067	1
ENSMUSG00000087069	0
ENSMUSG00000087070	0
ENSMUSG00000087071	0
ENSMUSG00000087072	0
ENSMUSG00000087074	0
ENSMUSG00000087075	0
ENSMUSG00000087076	0
ENSMUSG00000087077	0
ENSMUSG00000087079	0
ENSMUSG00000087080	0
ENSMUSG00000087082	0
ENSMUSG00000087083	0
ENSMUSG00000087084	0
ENSMUSG00000087085	0
ENSMUSG00000087086	0
ENSMUSG00000087088	26
ENSMUSG00000087089	0
ENSMUSG00000087090	0
ENSMUSG00000087093	0
ENSMUSG00000087094	10
ENSMUSG00000087095	0
ENSMUSG00000087097	0
ENSMUSG00000087098	0
ENSMUSG00000087099	0
ENSMUSG00000087100	0
ENSMUSG00000087102	0
ENSMUSG00000087103	0
ENSMUSG00000087104	0
ENSMUSG00000087106	0
ENSMUSG00000087107	34
ENSMUSG00000087108	0
ENSMUSG00000087109	0
ENSMUSG00000087110	0
ENSMUSG00000087111	0
ENSMUSG00000087112	0
ENSMUSG00000087113	1
ENSMUSG00000087114	0
ENSMUSG00000087115	0
ENSMUSG00000087116	0
ENSMUSG00000087117	1
ENSMUSG00000087119	6
ENSMUSG00000087120	0
ENSMUSG00000087121	0
ENSMUSG00000087122	0
ENSMUSG00000087123	1
ENSMUSG00000087124	0
ENSMUSG00000087125	0
ENSMUSG00000087127	0
ENSMUSG00000087128	38
ENSMUSG00000087129	0
ENSMUSG00000087131	0
ENSMUSG00000087132	80
ENSMUSG00000087133	0
ENSMUSG00000087135	1
ENSMUSG00000087136	0
ENSMUSG00000087137	0
ENSMUSG00000087138	60
ENSMUSG00000087139	0
ENSMUSG00000087140	0
ENSMUSG00000087141	1762
ENSMUSG00000087142	7
ENSMUSG00000087143	5
ENSMUSG00000087144	0
ENSMUSG00000087145	0
ENSMUSG00000087146	0
ENSMUSG00000087147	0
ENSMUSG00000087148	2
ENSMUSG00000087149	0
ENSMUSG00000087150	14
ENSMUSG00000087151	1
ENSMUSG00000087152	0
ENSMUSG00000087153	0
ENSMUSG00000087155	0
ENSMUSG00000087157	0
ENSMUSG00000087158	0
ENSMUSG00000087159	4
ENSMUSG00000087160	0
ENSMUSG00000087162	0
ENSMUSG00000087163	3
ENSMUSG00000087164	0
ENSMUSG00000087165	87
ENSMUSG00000087166	0
ENSMUSG00000087167	0
ENSMUSG00000087168	0
ENSMUSG00000087170	0
ENSMUSG00000087171	0
ENSMUSG00000087172	0
ENSMUSG00000087173	17
ENSMUSG00000087174	52
ENSMUSG00000087175	5
ENSMUSG00000087176	2
ENSMUSG00000087177	59
ENSMUSG00000087178	14
ENSMUSG00000087179	4
ENSMUSG00000087180	0
ENSMUSG00000087181	0
ENSMUSG00000087184	0
ENSMUSG00000087185	0
ENSMUSG00000087187	17
ENSMUSG00000087190	0
ENSMUSG00000087192	0
ENSMUSG00000087193	0
ENSMUSG00000087194	0
ENSMUSG00000087195	0
ENSMUSG00000087196	0
ENSMUSG00000087197	0
ENSMUSG00000087198	0
ENSMUSG00000087199	0
ENSMUSG00000087200	0
ENSMUSG00000087201	16
ENSMUSG00000087202	0
ENSMUSG00000087203	0
ENSMUSG00000087204	0
ENSMUSG00000087205	0
ENSMUSG00000087206	0
ENSMUSG00000087207	0
ENSMUSG00000087208	0
ENSMUSG00000087210	0
ENSMUSG00000087211	1
ENSMUSG00000087213	42
ENSMUSG00000087214	0
ENSMUSG00000087215	0
ENSMUSG00000087216	0
ENSMUSG00000087217	0
ENSMUSG00000087219	0
ENSMUSG00000087220	0
ENSMUSG00000087221	2
ENSMUSG00000087222	4
ENSMUSG00000087223	0
ENSMUSG00000087224	0
ENSMUSG00000087225	0
ENSMUSG00000087226	0
ENSMUSG00000087228	0
ENSMUSG00000087230	0
ENSMUSG00000087231	109
ENSMUSG00000087232	0
ENSMUSG00000087233	1
ENSMUSG00000087235	4
ENSMUSG00000087236	0
ENSMUSG00000087238	0
ENSMUSG00000087239	0
ENSMUSG00000087240	0
ENSMUSG00000087241	53
ENSMUSG00000087242	0
ENSMUSG00000087244	0
ENSMUSG00000087245	0
ENSMUSG00000087246	0
ENSMUSG00000087247	0
ENSMUSG00000087248	4
ENSMUSG00000087249	35
ENSMUSG00000087250	0
ENSMUSG00000087252	1
ENSMUSG00000087253	0
ENSMUSG00000087254	1
ENSMUSG00000087255	0
ENSMUSG00000087256	0
ENSMUSG00000087258	0
ENSMUSG00000087259	26
ENSMUSG00000087260	235
ENSMUSG00000087261	0
ENSMUSG00000087263	0
ENSMUSG00000087264	0
ENSMUSG00000087265	2
ENSMUSG00000087266	0
ENSMUSG00000087267	0
ENSMUSG00000087268	0
ENSMUSG00000087269	36
ENSMUSG00000087270	0
ENSMUSG00000087272	1
ENSMUSG00000087273	42
ENSMUSG00000087276	0
ENSMUSG00000087277	0
ENSMUSG00000087278	0
ENSMUSG00000087279	0
ENSMUSG00000087281	0
ENSMUSG00000087282	0
ENSMUSG00000087283	0
ENSMUSG00000087286	0
ENSMUSG00000087288	0
ENSMUSG00000087289	0
ENSMUSG00000087290	0
ENSMUSG00000087291	0
ENSMUSG00000087292	0
ENSMUSG00000087293	0
ENSMUSG00000087294	0
ENSMUSG00000087295	0
ENSMUSG00000087296	0
ENSMUSG00000087298	37
ENSMUSG00000087299	0
ENSMUSG00000087300	1
ENSMUSG00000087301	0
ENSMUSG00000087302	0
ENSMUSG00000087303	0
ENSMUSG00000087305	0
ENSMUSG00000087306	0
ENSMUSG00000087307	0
ENSMUSG00000087308	0
ENSMUSG00000087309	1
ENSMUSG00000087312	0
ENSMUSG00000087314	0
ENSMUSG00000087316	0
ENSMUSG00000087317	0
ENSMUSG00000087318	0
ENSMUSG00000087319	0
ENSMUSG00000087321	0
ENSMUSG00000087322	0
ENSMUSG00000087323	0
ENSMUSG00000087325	0
ENSMUSG00000087326	0
ENSMUSG00000087327	0
ENSMUSG00000087328	0
ENSMUSG00000087329	0
ENSMUSG00000087330	1
ENSMUSG00000087331	66
ENSMUSG00000087332	0
ENSMUSG00000087333	0
ENSMUSG00000087334	0
ENSMUSG00000087335	0
ENSMUSG00000087336	3
ENSMUSG00000087337	0
ENSMUSG00000087338	0
ENSMUSG00000087339	6
ENSMUSG00000087340	0
ENSMUSG00000087341	0
ENSMUSG00000087342	0
ENSMUSG00000087343	0
ENSMUSG00000087344	1
ENSMUSG00000087345	0
ENSMUSG00000087346	0
ENSMUSG00000087347	3
ENSMUSG00000087348	0
ENSMUSG00000087350	0
ENSMUSG00000087351	0
ENSMUSG00000087352	0
ENSMUSG00000087353	0
ENSMUSG00000087354	0
ENSMUSG00000087355	0
ENSMUSG00000087356	0
ENSMUSG00000087357	4
ENSMUSG00000087358	0
ENSMUSG00000087360	0
ENSMUSG00000087361	32
ENSMUSG00000087362	11
ENSMUSG00000087363	0
ENSMUSG00000087364	0
ENSMUSG00000087365	0
ENSMUSG00000087366	0
ENSMUSG00000087367	3
ENSMUSG00000087368	47
ENSMUSG00000087369	0
ENSMUSG00000087370	490
ENSMUSG00000087371	0
ENSMUSG00000087373	8
ENSMUSG00000087374	0
ENSMUSG00000087376	0
ENSMUSG00000087377	8
ENSMUSG00000087378	0
ENSMUSG00000087379	0
ENSMUSG00000087380	230
ENSMUSG00000087381	8
ENSMUSG00000087382	288
ENSMUSG00000087383	0
ENSMUSG00000087384	0
ENSMUSG00000087385	202
ENSMUSG00000087386	0
ENSMUSG00000087387	6
ENSMUSG00000087388	0
ENSMUSG00000087389	0
ENSMUSG00000087390	19
ENSMUSG00000087393	0
ENSMUSG00000087394	0
ENSMUSG00000087395	0
ENSMUSG00000087396	11
ENSMUSG00000087397	0
ENSMUSG00000087398	0
ENSMUSG00000087399	0
ENSMUSG00000087400	5
ENSMUSG00000087401	0
ENSMUSG00000087402	0
ENSMUSG00000087403	62
ENSMUSG00000087404	52
ENSMUSG00000087405	1
ENSMUSG00000087406	0
ENSMUSG00000087407	0
ENSMUSG00000087408	0
ENSMUSG00000087409	0
ENSMUSG00000087410	0
ENSMUSG00000087411	0
ENSMUSG00000087412	0
ENSMUSG00000087413	90
ENSMUSG00000087415	0
ENSMUSG00000087416	0
ENSMUSG00000087417	0
ENSMUSG00000087422	0
ENSMUSG00000087424	20
ENSMUSG00000087425	0
ENSMUSG00000087428	0
ENSMUSG00000087429	0
ENSMUSG00000087430	0
ENSMUSG00000087431	0
ENSMUSG00000087432	0
ENSMUSG00000087433	8
ENSMUSG00000087434	0
ENSMUSG00000087435	0
ENSMUSG00000087436	1
ENSMUSG00000087437	0
ENSMUSG00000087439	0
ENSMUSG00000087440	15
ENSMUSG00000087441	0
ENSMUSG00000087442	0
ENSMUSG00000087443	0
ENSMUSG00000087444	0
ENSMUSG00000087445	20
ENSMUSG00000087449	1
ENSMUSG00000087450	0
ENSMUSG00000087451	0
ENSMUSG00000087452	0
ENSMUSG00000087454	0
ENSMUSG00000087455	2
ENSMUSG00000087456	1
ENSMUSG00000087457	0
ENSMUSG00000087458	0
ENSMUSG00000087459	0
ENSMUSG00000087460	0
ENSMUSG00000087461	0
ENSMUSG00000087462	0
ENSMUSG00000087464	0
ENSMUSG00000087465	0
ENSMUSG00000087466	0
ENSMUSG00000087467	0
ENSMUSG00000087468	0
ENSMUSG00000087469	0
ENSMUSG00000087470	0
ENSMUSG00000087473	0
ENSMUSG00000087474	0
ENSMUSG00000087475	7
ENSMUSG00000087476	2
ENSMUSG00000087477	4
ENSMUSG00000087478	1
ENSMUSG00000087479	0
ENSMUSG00000087480	0
ENSMUSG00000087482	0
ENSMUSG00000087484	57
ENSMUSG00000087485	0
ENSMUSG00000087486	4
ENSMUSG00000087487	0
ENSMUSG00000087489	0
ENSMUSG00000087491	0
ENSMUSG00000087492	0
ENSMUSG00000087495	0
ENSMUSG00000087496	0
ENSMUSG00000087497	51
ENSMUSG00000087500	0
ENSMUSG00000087501	0
ENSMUSG00000087502	0
ENSMUSG00000087504	0
ENSMUSG00000087505	0
ENSMUSG00000087507	0
ENSMUSG00000087508	0
ENSMUSG00000087510	0
ENSMUSG00000087512	0
ENSMUSG00000087513	0
ENSMUSG00000087514	1
ENSMUSG00000087515	0
ENSMUSG00000087516	186
ENSMUSG00000087517	0
ENSMUSG00000087518	0
ENSMUSG00000087519	0
ENSMUSG00000087520	0
ENSMUSG00000087521	0
ENSMUSG00000087522	0
ENSMUSG00000087523	3
ENSMUSG00000087524	0
ENSMUSG00000087525	0
ENSMUSG00000087526	0
ENSMUSG00000087527	0
ENSMUSG00000087528	0
ENSMUSG00000087530	0
ENSMUSG00000087531	0
ENSMUSG00000087532	0
ENSMUSG00000087534	0
ENSMUSG00000087535	2
ENSMUSG00000087536	0
ENSMUSG00000087537	0
ENSMUSG00000087538	0
ENSMUSG00000087539	0
ENSMUSG00000087540	0
ENSMUSG00000087541	1
ENSMUSG00000087542	0
ENSMUSG00000087543	4
ENSMUSG00000087544	0
ENSMUSG00000087545	0
ENSMUSG00000087547	0
ENSMUSG00000087549	3
ENSMUSG00000087550	0
ENSMUSG00000087552	0
ENSMUSG00000087553	0
ENSMUSG00000087554	0
ENSMUSG00000087555	0
ENSMUSG00000087556	0
ENSMUSG00000087557	0
ENSMUSG00000087559	0
ENSMUSG00000087561	0
ENSMUSG00000087563	0
ENSMUSG00000087564	0
ENSMUSG00000087565	0
ENSMUSG00000087568	0
ENSMUSG00000087569	0
ENSMUSG00000087570	0
ENSMUSG00000087571	0
ENSMUSG00000087574	17
ENSMUSG00000087575	0
ENSMUSG00000087577	0
ENSMUSG00000087578	10
ENSMUSG00000087579	1942
ENSMUSG00000087581	0
ENSMUSG00000087582	0
ENSMUSG00000087584	0
ENSMUSG00000087585	0
ENSMUSG00000087586	0
ENSMUSG00000087587	0
ENSMUSG00000087588	0
ENSMUSG00000087589	0
ENSMUSG00000087590	263
ENSMUSG00000087591	0
ENSMUSG00000087592	0
ENSMUSG00000087593	54
ENSMUSG00000087594	25
ENSMUSG00000087595	0
ENSMUSG00000087596	0
ENSMUSG00000087597	0
ENSMUSG00000087598	110
ENSMUSG00000087600	0
ENSMUSG00000087601	0
ENSMUSG00000087602	0
ENSMUSG00000087603	0
ENSMUSG00000087604	0
ENSMUSG00000087605	0
ENSMUSG00000087606	0
ENSMUSG00000087607	0
ENSMUSG00000087608	0
ENSMUSG00000087609	0
ENSMUSG00000087610	0
ENSMUSG00000087611	6
ENSMUSG00000087612	17
ENSMUSG00000087613	3
ENSMUSG00000087614	0
ENSMUSG00000087615	0
ENSMUSG00000087616	0
ENSMUSG00000087617	0
ENSMUSG00000087618	0
ENSMUSG00000087620	0
ENSMUSG00000087621	0
ENSMUSG00000087622	0
ENSMUSG00000087623	1
ENSMUSG00000087624	25
ENSMUSG00000087625	0
ENSMUSG00000087626	7
ENSMUSG00000087627	1
ENSMUSG00000087628	0
ENSMUSG00000087629	0
ENSMUSG00000087630	0
ENSMUSG00000087632	0
ENSMUSG00000087633	0
ENSMUSG00000087635	0
ENSMUSG00000087636	0
ENSMUSG00000087637	0
ENSMUSG00000087638	13
ENSMUSG00000087639	2
ENSMUSG00000087640	0
ENSMUSG00000087641	0
ENSMUSG00000087642	0
ENSMUSG00000087643	0
ENSMUSG00000087644	15
ENSMUSG00000087646	0
ENSMUSG00000087647	0
ENSMUSG00000087648	0
ENSMUSG00000087649	0
ENSMUSG00000087651	0
ENSMUSG00000087652	1
ENSMUSG00000087654	0
ENSMUSG00000087657	0
ENSMUSG00000087658	6
ENSMUSG00000087659	0
ENSMUSG00000087660	5
ENSMUSG00000087662	0
ENSMUSG00000087663	0
ENSMUSG00000087666	0
ENSMUSG00000087667	0
ENSMUSG00000087668	0
ENSMUSG00000087669	2
ENSMUSG00000087670	0
ENSMUSG00000087672	0
ENSMUSG00000087674	0
ENSMUSG00000087675	0
ENSMUSG00000087677	0
ENSMUSG00000087678	0
ENSMUSG00000087679	2213
ENSMUSG00000087681	1
ENSMUSG00000087682	0
ENSMUSG00000087683	3
ENSMUSG00000087684	8
ENSMUSG00000087685	4
ENSMUSG00000087687	646
ENSMUSG00000087688	0
ENSMUSG00000087689	0
ENSMUSG00000087690	0
ENSMUSG00000087691	0
ENSMUSG00000087692	0
ENSMUSG00000087693	1
ENSMUSG00000087694	0
ENSMUSG00000087695	0
ENSMUSG00000087698	1
ENSMUSG00000087700	17
ENSMUSG00000087701	0
ENSMUSG00000087702	0
ENSMUSG00000087703	0
ENSMUSG00000087704	0
ENSMUSG00000087707	0
ENSMUSG00000087708	0
ENSMUSG00000087710	17
ENSMUSG00000087712	0
ENSMUSG00000087714	0
ENSMUSG00000087715	0
ENSMUSG00000087716	0
ENSMUSG00000087717	0
ENSMUSG00000087718	0
ENSMUSG00000087719	0
ENSMUSG00000087720	0
ENSMUSG00000087721	0
ENSMUSG00000087722	0
ENSMUSG00000087723	0
ENSMUSG00000087724	0
ENSMUSG00000087726	0
ENSMUSG00000087728	0
ENSMUSG00000087730	0
ENSMUSG00000087731	0
ENSMUSG00000087732	0
ENSMUSG00000087734	0
ENSMUSG00000087736	0
ENSMUSG00000087737	0
ENSMUSG00000087739	0
ENSMUSG00000087741	0
ENSMUSG00000087742	0
ENSMUSG00000087743	0
ENSMUSG00000087744	0
ENSMUSG00000087746	0
ENSMUSG00000087747	0
ENSMUSG00000087748	0
ENSMUSG00000087750	0
ENSMUSG00000087752	0
ENSMUSG00000087754	0
ENSMUSG00000087756	0
ENSMUSG00000087758	0
ENSMUSG00000087759	0
ENSMUSG00000087760	0
ENSMUSG00000087761	0
ENSMUSG00000087764	0
ENSMUSG00000087765	0
ENSMUSG00000087766	0
ENSMUSG00000087767	0
ENSMUSG00000087768	0
ENSMUSG00000087769	0
ENSMUSG00000087772	0
ENSMUSG00000087774	0
ENSMUSG00000087775	0
ENSMUSG00000087776	0
ENSMUSG00000087777	0
ENSMUSG00000087779	0
ENSMUSG00000087780	0
ENSMUSG00000087781	0
ENSMUSG00000087782	0
ENSMUSG00000087783	0
ENSMUSG00000087784	0
ENSMUSG00000087785	0
ENSMUSG00000087786	0
ENSMUSG00000087789	0
ENSMUSG00000087790	0
ENSMUSG00000087791	0
ENSMUSG00000087792	0
ENSMUSG00000087793	0
ENSMUSG00000087794	0
ENSMUSG00000087795	0
ENSMUSG00000087796	0
ENSMUSG00000087798	0
ENSMUSG00000087799	0
ENSMUSG00000087800	0
ENSMUSG00000087801	0
ENSMUSG00000087802	0
ENSMUSG00000087804	0
ENSMUSG00000087805	0
ENSMUSG00000087806	0
ENSMUSG00000087807	0
ENSMUSG00000087808	0
ENSMUSG00000087810	0
ENSMUSG00000087812	0
ENSMUSG00000087813	0
ENSMUSG00000087815	0
ENSMUSG00000087816	0
ENSMUSG00000087817	0
ENSMUSG00000087819	0
ENSMUSG00000087820	0
ENSMUSG00000087823	0
ENSMUSG00000087825	0
ENSMUSG00000087829	0
ENSMUSG00000087830	0
ENSMUSG00000087831	0
ENSMUSG00000087832	0
ENSMUSG00000087833	0
ENSMUSG00000087834	0
ENSMUSG00000087835	0
ENSMUSG00000087836	0
ENSMUSG00000087838	0
ENSMUSG00000087839	0
ENSMUSG00000087841	0
ENSMUSG00000087842	0
ENSMUSG00000087843	0
ENSMUSG00000087844	0
ENSMUSG00000087845	0
ENSMUSG00000087846	0
ENSMUSG00000087847	0
ENSMUSG00000087848	0
ENSMUSG00000087850	0
ENSMUSG00000087852	0
ENSMUSG00000087853	0
ENSMUSG00000087854	0
ENSMUSG00000087855	0
ENSMUSG00000087857	0
ENSMUSG00000087858	0
ENSMUSG00000087859	0
ENSMUSG00000087860	0
ENSMUSG00000087861	0
ENSMUSG00000087862	0
ENSMUSG00000087863	0
ENSMUSG00000087867	0
ENSMUSG00000087869	0
ENSMUSG00000087870	0
ENSMUSG00000087871	0
ENSMUSG00000087872	0
ENSMUSG00000087873	0
ENSMUSG00000087875	0
ENSMUSG00000087876	0
ENSMUSG00000087877	0
ENSMUSG00000087878	0
ENSMUSG00000087879	0
ENSMUSG00000087880	0
ENSMUSG00000087881	2
ENSMUSG00000087883	0
ENSMUSG00000087884	0
ENSMUSG00000087885	0
ENSMUSG00000087886	0
ENSMUSG00000087887	0
ENSMUSG00000087890	0
ENSMUSG00000087891	0
ENSMUSG00000087892	0
ENSMUSG00000087893	0
ENSMUSG00000087894	0
ENSMUSG00000087895	0
ENSMUSG00000087896	0
ENSMUSG00000087897	0
ENSMUSG00000087898	0
ENSMUSG00000087899	0
ENSMUSG00000087902	0
ENSMUSG00000087903	0
ENSMUSG00000087904	0
ENSMUSG00000087905	0
ENSMUSG00000087908	0
ENSMUSG00000087909	0
ENSMUSG00000087910	0
ENSMUSG00000087911	0
ENSMUSG00000087912	0
ENSMUSG00000087913	0
ENSMUSG00000087914	0
ENSMUSG00000087915	0
ENSMUSG00000087916	0
ENSMUSG00000087917	0
ENSMUSG00000087919	0
ENSMUSG00000087921	0
ENSMUSG00000087922	0
ENSMUSG00000087923	0
ENSMUSG00000087924	0
ENSMUSG00000087925	0
ENSMUSG00000087926	0
ENSMUSG00000087929	0
ENSMUSG00000087930	0
ENSMUSG00000087932	0
ENSMUSG00000087933	0
ENSMUSG00000087935	0
ENSMUSG00000087936	0
ENSMUSG00000087937	0
ENSMUSG00000087938	0
ENSMUSG00000087939	0
ENSMUSG00000087940	0
ENSMUSG00000087941	0
ENSMUSG00000087942	0
ENSMUSG00000087943	0
ENSMUSG00000087945	0
ENSMUSG00000087946	0
ENSMUSG00000087947	0
ENSMUSG00000087949	0
ENSMUSG00000087950	0
ENSMUSG00000087951	0
ENSMUSG00000087954	0
ENSMUSG00000087956	0
ENSMUSG00000087957	0
ENSMUSG00000087958	0
ENSMUSG00000087959	0
ENSMUSG00000087960	0
ENSMUSG00000087961	0
ENSMUSG00000087963	0
ENSMUSG00000087964	0
ENSMUSG00000087965	0
ENSMUSG00000087966	0
ENSMUSG00000087967	0
ENSMUSG00000087968	1
ENSMUSG00000087973	0
ENSMUSG00000087975	0
ENSMUSG00000087979	0
ENSMUSG00000087980	0
ENSMUSG00000087981	0
ENSMUSG00000087982	0
ENSMUSG00000087983	0
ENSMUSG00000087985	0
ENSMUSG00000087987	0
ENSMUSG00000087989	0
ENSMUSG00000087990	0
ENSMUSG00000087991	0
ENSMUSG00000087992	0
ENSMUSG00000087993	5
ENSMUSG00000087994	0
ENSMUSG00000087995	0
ENSMUSG00000087997	0
ENSMUSG00000087999	0
ENSMUSG00000088000	0
ENSMUSG00000088001	0
ENSMUSG00000088002	0
ENSMUSG00000088004	0
ENSMUSG00000088005	0
ENSMUSG00000088008	0
ENSMUSG00000088009	0
ENSMUSG00000088010	0
ENSMUSG00000088014	0
ENSMUSG00000088015	0
ENSMUSG00000088016	0
ENSMUSG00000088017	0
ENSMUSG00000088018	0
ENSMUSG00000088019	0
ENSMUSG00000088020	0
ENSMUSG00000088021	0
ENSMUSG00000088022	0
ENSMUSG00000088025	0
ENSMUSG00000088026	0
ENSMUSG00000088027	0
ENSMUSG00000088028	0
ENSMUSG00000088030	0
ENSMUSG00000088031	0
ENSMUSG00000088036	0
ENSMUSG00000088037	0
ENSMUSG00000088039	0
ENSMUSG00000088040	0
ENSMUSG00000088041	0
ENSMUSG00000088043	0
ENSMUSG00000088044	0
ENSMUSG00000088045	0
ENSMUSG00000088046	0
ENSMUSG00000088047	0
ENSMUSG00000088048	0
ENSMUSG00000088049	0
ENSMUSG00000088050	0
ENSMUSG00000088051	0
ENSMUSG00000088052	0
ENSMUSG00000088054	0
ENSMUSG00000088055	0
ENSMUSG00000088056	0
ENSMUSG00000088057	0
ENSMUSG00000088058	0
ENSMUSG00000088059	0
ENSMUSG00000088060	0
ENSMUSG00000088062	0
ENSMUSG00000088063	0
ENSMUSG00000088064	0
ENSMUSG00000088066	0
ENSMUSG00000088067	0
ENSMUSG00000088068	0
ENSMUSG00000088069	0
ENSMUSG00000088070	0
ENSMUSG00000088071	0
ENSMUSG00000088073	0
ENSMUSG00000088075	0
ENSMUSG00000088076	0
ENSMUSG00000088077	0
ENSMUSG00000088083	0
ENSMUSG00000088084	0
ENSMUSG00000088085	0
ENSMUSG00000088086	0
ENSMUSG00000088088	5
ENSMUSG00000088090	0
ENSMUSG00000088091	0
ENSMUSG00000088093	0
ENSMUSG00000088094	0
ENSMUSG00000088095	0
ENSMUSG00000088096	0
ENSMUSG00000088097	0
ENSMUSG00000088098	0
ENSMUSG00000088099	0
ENSMUSG00000088102	0
ENSMUSG00000088103	0
ENSMUSG00000088104	0
ENSMUSG00000088105	0
ENSMUSG00000088106	0
ENSMUSG00000088108	0
ENSMUSG00000088111	0
ENSMUSG00000088112	0
ENSMUSG00000088113	0
ENSMUSG00000088114	0
ENSMUSG00000088115	0
ENSMUSG00000088116	0
ENSMUSG00000088118	0
ENSMUSG00000088119	1
ENSMUSG00000088121	0
ENSMUSG00000088122	0
ENSMUSG00000088123	0
ENSMUSG00000088124	0
ENSMUSG00000088125	0
ENSMUSG00000088126	0
ENSMUSG00000088128	0
ENSMUSG00000088132	0
ENSMUSG00000088133	0
ENSMUSG00000088134	0
ENSMUSG00000088135	0
ENSMUSG00000088136	0
ENSMUSG00000088138	0
ENSMUSG00000088139	0
ENSMUSG00000088141	0
ENSMUSG00000088143	0
ENSMUSG00000088144	0
ENSMUSG00000088145	0
ENSMUSG00000088146	0
ENSMUSG00000088147	0
ENSMUSG00000088148	0
ENSMUSG00000088149	0
ENSMUSG00000088150	0
ENSMUSG00000088151	0
ENSMUSG00000088152	0
ENSMUSG00000088153	0
ENSMUSG00000088154	0
ENSMUSG00000088155	0
ENSMUSG00000088156	0
ENSMUSG00000088157	0
ENSMUSG00000088158	0
ENSMUSG00000088159	0
ENSMUSG00000088160	0
ENSMUSG00000088161	0
ENSMUSG00000088162	0
ENSMUSG00000088164	0
ENSMUSG00000088165	0
ENSMUSG00000088166	0
ENSMUSG00000088167	0
ENSMUSG00000088168	0
ENSMUSG00000088169	0
ENSMUSG00000088170	0
ENSMUSG00000088171	0
ENSMUSG00000088172	0
ENSMUSG00000088175	0
ENSMUSG00000088176	0
ENSMUSG00000088177	0
ENSMUSG00000088179	0
ENSMUSG00000088180	0
ENSMUSG00000088181	0
ENSMUSG00000088182	0
ENSMUSG00000088183	0
ENSMUSG00000088184	0
ENSMUSG00000088185	1
ENSMUSG00000088187	0
ENSMUSG00000088188	0
ENSMUSG00000088189	0
ENSMUSG00000088191	0
ENSMUSG00000088192	0
ENSMUSG00000088193	0
ENSMUSG00000088194	0
ENSMUSG00000088195	0
ENSMUSG00000088196	0
ENSMUSG00000088197	0
ENSMUSG00000088198	0
ENSMUSG00000088200	0
ENSMUSG00000088201	0
ENSMUSG00000088203	0
ENSMUSG00000088204	0
ENSMUSG00000088205	0
ENSMUSG00000088207	0
ENSMUSG00000088208	0
ENSMUSG00000088209	0
ENSMUSG00000088210	0
ENSMUSG00000088211	0
ENSMUSG00000088212	0
ENSMUSG00000088213	0
ENSMUSG00000088216	0
ENSMUSG00000088217	1
ENSMUSG00000088218	0
ENSMUSG00000088219	2
ENSMUSG00000088220	0
ENSMUSG00000088221	0
ENSMUSG00000088222	0
ENSMUSG00000088223	0
ENSMUSG00000088224	0
ENSMUSG00000088225	0
ENSMUSG00000088226	0
ENSMUSG00000088227	0
ENSMUSG00000088228	0
ENSMUSG00000088229	0
ENSMUSG00000088230	0
ENSMUSG00000088231	0
ENSMUSG00000088232	0
ENSMUSG00000088233	0
ENSMUSG00000088234	0
ENSMUSG00000088236	0
ENSMUSG00000088237	0
ENSMUSG00000088239	0
ENSMUSG00000088240	0
ENSMUSG00000088241	0
ENSMUSG00000088242	0
ENSMUSG00000088243	0
ENSMUSG00000088244	0
ENSMUSG00000088245	0
ENSMUSG00000088246	0
ENSMUSG00000088248	0
ENSMUSG00000088249	0
ENSMUSG00000088250	0
ENSMUSG00000088252	1
ENSMUSG00000088253	0
ENSMUSG00000088254	0
ENSMUSG00000088255	0
ENSMUSG00000088257	0
ENSMUSG00000088258	0
ENSMUSG00000088259	0
ENSMUSG00000088260	0
ENSMUSG00000088261	0
ENSMUSG00000088264	0
ENSMUSG00000088265	0
ENSMUSG00000088266	0
ENSMUSG00000088268	0
ENSMUSG00000088269	0
ENSMUSG00000088270	0
ENSMUSG00000088273	0
ENSMUSG00000088275	0
ENSMUSG00000088276	0
ENSMUSG00000088278	0
ENSMUSG00000088279	0
ENSMUSG00000088280	0
ENSMUSG00000088281	0
ENSMUSG00000088282	0
ENSMUSG00000088283	0
ENSMUSG00000088284	0
ENSMUSG00000088285	0
ENSMUSG00000088286	0
ENSMUSG00000088288	0
ENSMUSG00000088291	0
ENSMUSG00000088293	0
ENSMUSG00000088294	0
ENSMUSG00000088295	0
ENSMUSG00000088296	0
ENSMUSG00000088297	0
ENSMUSG00000088298	0
ENSMUSG00000088299	0
ENSMUSG00000088301	0
ENSMUSG00000088302	0
ENSMUSG00000088303	0
ENSMUSG00000088304	0
ENSMUSG00000088307	0
ENSMUSG00000088308	1
ENSMUSG00000088310	0
ENSMUSG00000088311	0
ENSMUSG00000088312	0
ENSMUSG00000088313	0
ENSMUSG00000088314	0
ENSMUSG00000088317	0
ENSMUSG00000088318	0
ENSMUSG00000088320	0
ENSMUSG00000088322	0
ENSMUSG00000088323	0
ENSMUSG00000088324	0
ENSMUSG00000088325	0
ENSMUSG00000088326	1
ENSMUSG00000088327	0
ENSMUSG00000088329	0
ENSMUSG00000088331	0
ENSMUSG00000088332	0
ENSMUSG00000088333	0
ENSMUSG00000088334	0
ENSMUSG00000088335	0
ENSMUSG00000088337	0
ENSMUSG00000088338	0
ENSMUSG00000088339	0
ENSMUSG00000088340	0
ENSMUSG00000088342	0
ENSMUSG00000088343	0
ENSMUSG00000088344	0
ENSMUSG00000088346	0
ENSMUSG00000088348	0
ENSMUSG00000088349	0
ENSMUSG00000088350	0
ENSMUSG00000088351	0
ENSMUSG00000088352	0
ENSMUSG00000088353	0
ENSMUSG00000088354	0
ENSMUSG00000088356	0
ENSMUSG00000088357	0
ENSMUSG00000088358	0
ENSMUSG00000088359	0
ENSMUSG00000088360	0
ENSMUSG00000088361	0
ENSMUSG00000088362	0
ENSMUSG00000088363	0
ENSMUSG00000088364	0
ENSMUSG00000088365	0
ENSMUSG00000088366	0
ENSMUSG00000088367	0
ENSMUSG00000088368	0
ENSMUSG00000088369	0
ENSMUSG00000088370	0
ENSMUSG00000088371	0
ENSMUSG00000088372	0
ENSMUSG00000088373	0
ENSMUSG00000088374	0
ENSMUSG00000088377	0
ENSMUSG00000088378	7
ENSMUSG00000088379	0
ENSMUSG00000088380	0
ENSMUSG00000088383	0
ENSMUSG00000088384	0
ENSMUSG00000088385	0
ENSMUSG00000088386	0
ENSMUSG00000088387	0
ENSMUSG00000088389	0
ENSMUSG00000088391	0
ENSMUSG00000088392	0
ENSMUSG00000088393	0
ENSMUSG00000088394	0
ENSMUSG00000088395	0
ENSMUSG00000088397	0
ENSMUSG00000088398	0
ENSMUSG00000088400	0
ENSMUSG00000088402	0
ENSMUSG00000088403	0
ENSMUSG00000088404	0
ENSMUSG00000088405	0
ENSMUSG00000088406	0
ENSMUSG00000088407	0
ENSMUSG00000088408	0
ENSMUSG00000088409	0
ENSMUSG00000088410	0
ENSMUSG00000088412	0
ENSMUSG00000088414	0
ENSMUSG00000088415	0
ENSMUSG00000088416	0
ENSMUSG00000088417	0
ENSMUSG00000088418	0
ENSMUSG00000088419	0
ENSMUSG00000088420	0
ENSMUSG00000088421	0
ENSMUSG00000088422	0
ENSMUSG00000088423	0
ENSMUSG00000088425	0
ENSMUSG00000088426	0
ENSMUSG00000088428	0
ENSMUSG00000088429	0
ENSMUSG00000088432	0
ENSMUSG00000088433	0
ENSMUSG00000088435	0
ENSMUSG00000088436	0
ENSMUSG00000088437	0
ENSMUSG00000088438	0
ENSMUSG00000088439	0
ENSMUSG00000088440	0
ENSMUSG00000088441	0
ENSMUSG00000088442	0
ENSMUSG00000088443	0
ENSMUSG00000088444	0
ENSMUSG00000088445	0
ENSMUSG00000088446	0
ENSMUSG00000088447	0
ENSMUSG00000088448	0
ENSMUSG00000088449	0
ENSMUSG00000088450	0
ENSMUSG00000088451	0
ENSMUSG00000088453	0
ENSMUSG00000088454	0
ENSMUSG00000088456	0
ENSMUSG00000088458	0
ENSMUSG00000088459	0
ENSMUSG00000088460	0
ENSMUSG00000088461	0
ENSMUSG00000088463	0
ENSMUSG00000088464	0
ENSMUSG00000088465	0
ENSMUSG00000088468	0
ENSMUSG00000088469	0
ENSMUSG00000088470	0
ENSMUSG00000088471	0
ENSMUSG00000088472	0
ENSMUSG00000088473	0
ENSMUSG00000088474	0
ENSMUSG00000088475	1
ENSMUSG00000088476	0
ENSMUSG00000088477	0
ENSMUSG00000088478	0
ENSMUSG00000088479	0
ENSMUSG00000088480	0
ENSMUSG00000088481	0
ENSMUSG00000088482	0
ENSMUSG00000088483	0
ENSMUSG00000088484	0
ENSMUSG00000088485	0
ENSMUSG00000088487	0
ENSMUSG00000088490	0
ENSMUSG00000088491	0
ENSMUSG00000088493	0
ENSMUSG00000088494	0
ENSMUSG00000088495	0
ENSMUSG00000088497	0
ENSMUSG00000088498	2
ENSMUSG00000088499	0
ENSMUSG00000088500	0
ENSMUSG00000088501	0
ENSMUSG00000088502	0
ENSMUSG00000088504	0
ENSMUSG00000088505	0
ENSMUSG00000088506	0
ENSMUSG00000088509	0
ENSMUSG00000088510	0
ENSMUSG00000088511	0
ENSMUSG00000088512	0
ENSMUSG00000088514	0
ENSMUSG00000088515	0
ENSMUSG00000088516	0
ENSMUSG00000088517	0
ENSMUSG00000088518	0
ENSMUSG00000088519	0
ENSMUSG00000088521	0
ENSMUSG00000088522	0
ENSMUSG00000088523	0
ENSMUSG00000088524	0
ENSMUSG00000088525	0
ENSMUSG00000088526	0
ENSMUSG00000088527	0
ENSMUSG00000088528	0
ENSMUSG00000088529	0
ENSMUSG00000088530	0
ENSMUSG00000088532	0
ENSMUSG00000088533	0
ENSMUSG00000088535	0
ENSMUSG00000088536	0
ENSMUSG00000088537	0
ENSMUSG00000088538	0
ENSMUSG00000088539	0
ENSMUSG00000088541	0
ENSMUSG00000088542	0
ENSMUSG00000088543	0
ENSMUSG00000088544	0
ENSMUSG00000088545	0
ENSMUSG00000088546	0
ENSMUSG00000088547	0
ENSMUSG00000088548	0
ENSMUSG00000088549	0
ENSMUSG00000088550	0
ENSMUSG00000088551	0
ENSMUSG00000088552	0
ENSMUSG00000088553	0
ENSMUSG00000088554	0
ENSMUSG00000088555	0
ENSMUSG00000088558	0
ENSMUSG00000088559	0
ENSMUSG00000088562	0
ENSMUSG00000088563	0
ENSMUSG00000088564	0
ENSMUSG00000088565	0
ENSMUSG00000088566	0
ENSMUSG00000088570	0
ENSMUSG00000088571	0
ENSMUSG00000088572	0
ENSMUSG00000088573	0
ENSMUSG00000088574	0
ENSMUSG00000088575	0
ENSMUSG00000088576	0
ENSMUSG00000088577	0
ENSMUSG00000088578	0
ENSMUSG00000088579	0
ENSMUSG00000088580	0
ENSMUSG00000088581	0
ENSMUSG00000088582	0
ENSMUSG00000088583	0
ENSMUSG00000088585	0
ENSMUSG00000088587	0
ENSMUSG00000088589	0
ENSMUSG00000088591	0
ENSMUSG00000088594	0
ENSMUSG00000088595	0
ENSMUSG00000088596	0
ENSMUSG00000088597	0
ENSMUSG00000088598	0
ENSMUSG00000088600	0
ENSMUSG00000088601	0
ENSMUSG00000088602	0
ENSMUSG00000088603	0
ENSMUSG00000088605	0
ENSMUSG00000088606	0
ENSMUSG00000088608	0
ENSMUSG00000088609	0
ENSMUSG00000088611	0
ENSMUSG00000088614	0
ENSMUSG00000088615	0
ENSMUSG00000088616	0
ENSMUSG00000088617	0
ENSMUSG00000088618	0
ENSMUSG00000088620	0
ENSMUSG00000088621	0
ENSMUSG00000088622	0
ENSMUSG00000088623	0
ENSMUSG00000088624	0
ENSMUSG00000088625	3
ENSMUSG00000088626	0
ENSMUSG00000088627	0
ENSMUSG00000088628	0
ENSMUSG00000088629	0
ENSMUSG00000088630	0
ENSMUSG00000088631	0
ENSMUSG00000088632	0
ENSMUSG00000088633	0
ENSMUSG00000088634	0
ENSMUSG00000088635	0
ENSMUSG00000088637	0
ENSMUSG00000088638	0
ENSMUSG00000088639	0
ENSMUSG00000088640	0
ENSMUSG00000088641	0
ENSMUSG00000088643	0
ENSMUSG00000088644	0
ENSMUSG00000088646	0
ENSMUSG00000088647	0
ENSMUSG00000088649	0
ENSMUSG00000088650	0
ENSMUSG00000088651	0
ENSMUSG00000088653	0
ENSMUSG00000088654	0
ENSMUSG00000088656	0
ENSMUSG00000088657	0
ENSMUSG00000088658	0
ENSMUSG00000088659	0
ENSMUSG00000088660	0
ENSMUSG00000088661	0
ENSMUSG00000088663	0
ENSMUSG00000088666	0
ENSMUSG00000088668	0
ENSMUSG00000088669	0
ENSMUSG00000088670	0
ENSMUSG00000088671	0
ENSMUSG00000088672	0
ENSMUSG00000088674	0
ENSMUSG00000088675	0
ENSMUSG00000088677	0
ENSMUSG00000088678	0
ENSMUSG00000088679	0
ENSMUSG00000088680	0
ENSMUSG00000088682	0
ENSMUSG00000088683	0
ENSMUSG00000088684	0
ENSMUSG00000088685	0
ENSMUSG00000088686	0
ENSMUSG00000088687	0
ENSMUSG00000088688	0
ENSMUSG00000088689	0
ENSMUSG00000088691	0
ENSMUSG00000088692	0
ENSMUSG00000088693	0
ENSMUSG00000088695	0
ENSMUSG00000088696	0
ENSMUSG00000088697	0
ENSMUSG00000088699	0
ENSMUSG00000088700	0
ENSMUSG00000088701	0
ENSMUSG00000088702	0
ENSMUSG00000088703	0
ENSMUSG00000088704	0
ENSMUSG00000088705	0
ENSMUSG00000088706	0
ENSMUSG00000088707	0
ENSMUSG00000088708	0
ENSMUSG00000088709	0
ENSMUSG00000088710	0
ENSMUSG00000088711	0
ENSMUSG00000088712	3
ENSMUSG00000088713	0
ENSMUSG00000088714	0
ENSMUSG00000088715	0
ENSMUSG00000088716	0
ENSMUSG00000088717	0
ENSMUSG00000088718	0
ENSMUSG00000088719	0
ENSMUSG00000088721	0
ENSMUSG00000088722	0
ENSMUSG00000088726	0
ENSMUSG00000088730	0
ENSMUSG00000088731	0
ENSMUSG00000088732	0
ENSMUSG00000088733	0
ENSMUSG00000088734	0
ENSMUSG00000088735	0
ENSMUSG00000088736	0
ENSMUSG00000088737	0
ENSMUSG00000088738	0
ENSMUSG00000088739	0
ENSMUSG00000088740	0
ENSMUSG00000088742	0
ENSMUSG00000088743	0
ENSMUSG00000088744	0
ENSMUSG00000088746	0
ENSMUSG00000088747	0
ENSMUSG00000088748	0
ENSMUSG00000088749	1
ENSMUSG00000088750	0
ENSMUSG00000088751	0
ENSMUSG00000088752	0
ENSMUSG00000088753	0
ENSMUSG00000088754	0
ENSMUSG00000088756	0
ENSMUSG00000088758	0
ENSMUSG00000088760	0
ENSMUSG00000088761	0
ENSMUSG00000088763	0
ENSMUSG00000088764	0
ENSMUSG00000088766	0
ENSMUSG00000088767	0
ENSMUSG00000088768	0
ENSMUSG00000088769	3
ENSMUSG00000088772	0
ENSMUSG00000088773	0
ENSMUSG00000088774	0
ENSMUSG00000088775	0
ENSMUSG00000088776	0
ENSMUSG00000088777	0
ENSMUSG00000088779	0
ENSMUSG00000088781	0
ENSMUSG00000088782	0
ENSMUSG00000088783	0
ENSMUSG00000088784	0
ENSMUSG00000088786	0
ENSMUSG00000088787	0
ENSMUSG00000088789	2
ENSMUSG00000088790	0
ENSMUSG00000088791	0
ENSMUSG00000088792	0
ENSMUSG00000088793	0
ENSMUSG00000088794	0
ENSMUSG00000088796	0
ENSMUSG00000088797	0
ENSMUSG00000088798	0
ENSMUSG00000088799	0
ENSMUSG00000088800	0
ENSMUSG00000088802	0
ENSMUSG00000088803	0
ENSMUSG00000088804	0
ENSMUSG00000088808	0
ENSMUSG00000088809	0
ENSMUSG00000088810	0
ENSMUSG00000088811	0
ENSMUSG00000088812	0
ENSMUSG00000088813	0
ENSMUSG00000088814	0
ENSMUSG00000088816	0
ENSMUSG00000088817	0
ENSMUSG00000088818	0
ENSMUSG00000088819	0
ENSMUSG00000088820	0
ENSMUSG00000088822	0
ENSMUSG00000088823	0
ENSMUSG00000088824	0
ENSMUSG00000088825	0
ENSMUSG00000088829	0
ENSMUSG00000088830	0
ENSMUSG00000088832	0
ENSMUSG00000088833	0
ENSMUSG00000088835	2
ENSMUSG00000088836	0
ENSMUSG00000088839	0
ENSMUSG00000088840	0
ENSMUSG00000088842	0
ENSMUSG00000088843	0
ENSMUSG00000088845	0
ENSMUSG00000088846	0
ENSMUSG00000088848	0
ENSMUSG00000088849	0
ENSMUSG00000088850	0
ENSMUSG00000088851	0
ENSMUSG00000088852	0
ENSMUSG00000088853	0
ENSMUSG00000088854	0
ENSMUSG00000088855	0
ENSMUSG00000088856	0
ENSMUSG00000088857	0
ENSMUSG00000088858	0
ENSMUSG00000088860	0
ENSMUSG00000088861	0
ENSMUSG00000088862	0
ENSMUSG00000088863	0
ENSMUSG00000088864	0
ENSMUSG00000088865	0
ENSMUSG00000088867	0
ENSMUSG00000088868	0
ENSMUSG00000088870	0
ENSMUSG00000088872	0
ENSMUSG00000088873	0
ENSMUSG00000088874	0
ENSMUSG00000088875	0
ENSMUSG00000088876	0
ENSMUSG00000088877	0
ENSMUSG00000088878	0
ENSMUSG00000088879	0
ENSMUSG00000088880	0
ENSMUSG00000088883	0
ENSMUSG00000088884	0
ENSMUSG00000088885	0
ENSMUSG00000088888	0
ENSMUSG00000088889	0
ENSMUSG00000088890	0
ENSMUSG00000088891	0
ENSMUSG00000088892	0
ENSMUSG00000088894	0
ENSMUSG00000088895	0
ENSMUSG00000088896	0
ENSMUSG00000088897	0
ENSMUSG00000088898	0
ENSMUSG00000088900	0
ENSMUSG00000088901	0
ENSMUSG00000088902	0
ENSMUSG00000088903	0
ENSMUSG00000088904	0
ENSMUSG00000088905	0
ENSMUSG00000088906	0
ENSMUSG00000088907	0
ENSMUSG00000088908	0
ENSMUSG00000088909	0
ENSMUSG00000088910	0
ENSMUSG00000088911	0
ENSMUSG00000088913	0
ENSMUSG00000088914	0
ENSMUSG00000088915	0
ENSMUSG00000088916	0
ENSMUSG00000088918	0
ENSMUSG00000088920	0
ENSMUSG00000088922	0
ENSMUSG00000088923	0
ENSMUSG00000088924	0
ENSMUSG00000088925	0
ENSMUSG00000088926	0
ENSMUSG00000088928	0
ENSMUSG00000088929	1
ENSMUSG00000088930	0
ENSMUSG00000088932	0
ENSMUSG00000088933	0
ENSMUSG00000088935	0
ENSMUSG00000088937	0
ENSMUSG00000088938	0
ENSMUSG00000088939	0
ENSMUSG00000088940	0
ENSMUSG00000088941	0
ENSMUSG00000088942	0
ENSMUSG00000088943	0
ENSMUSG00000088944	0
ENSMUSG00000088947	0
ENSMUSG00000088948	4
ENSMUSG00000088949	0
ENSMUSG00000088950	0
ENSMUSG00000088951	0
ENSMUSG00000088953	0
ENSMUSG00000088954	0
ENSMUSG00000088955	0
ENSMUSG00000088956	0
ENSMUSG00000088957	0
ENSMUSG00000088958	0
ENSMUSG00000088959	0
ENSMUSG00000088960	0
ENSMUSG00000088961	0
ENSMUSG00000088964	0
ENSMUSG00000088966	0
ENSMUSG00000088969	0
ENSMUSG00000088970	0
ENSMUSG00000088971	0
ENSMUSG00000088972	0
ENSMUSG00000088973	0
ENSMUSG00000088975	0
ENSMUSG00000088976	0
ENSMUSG00000088978	0
ENSMUSG00000088979	0
ENSMUSG00000088980	0
ENSMUSG00000088981	0
ENSMUSG00000088982	0
ENSMUSG00000088983	0
ENSMUSG00000088984	0
ENSMUSG00000088985	0
ENSMUSG00000088986	0
ENSMUSG00000088987	0
ENSMUSG00000088988	0
ENSMUSG00000088989	0
ENSMUSG00000088990	0
ENSMUSG00000088991	0
ENSMUSG00000088992	0
ENSMUSG00000088993	0
ENSMUSG00000088994	0
ENSMUSG00000088995	0
ENSMUSG00000088996	0
ENSMUSG00000088997	0
ENSMUSG00000088999	0
ENSMUSG00000089000	0
ENSMUSG00000089001	0
ENSMUSG00000089002	0
ENSMUSG00000089003	0
ENSMUSG00000089004	0
ENSMUSG00000089005	0
ENSMUSG00000089007	0
ENSMUSG00000089008	0
ENSMUSG00000089009	0
ENSMUSG00000089011	0
ENSMUSG00000089014	0
ENSMUSG00000089015	0
ENSMUSG00000089016	0
ENSMUSG00000089017	0
ENSMUSG00000089018	0
ENSMUSG00000089019	0
ENSMUSG00000089021	0
ENSMUSG00000089023	0
ENSMUSG00000089024	0
ENSMUSG00000089025	0
ENSMUSG00000089026	0
ENSMUSG00000089027	0
ENSMUSG00000089028	0
ENSMUSG00000089029	0
ENSMUSG00000089030	0
ENSMUSG00000089033	0
ENSMUSG00000089034	0
ENSMUSG00000089035	0
ENSMUSG00000089036	0
ENSMUSG00000089037	0
ENSMUSG00000089038	0
ENSMUSG00000089039	0
ENSMUSG00000089040	0
ENSMUSG00000089041	0
ENSMUSG00000089043	0
ENSMUSG00000089044	0
ENSMUSG00000089045	0
ENSMUSG00000089046	0
ENSMUSG00000089047	0
ENSMUSG00000089048	0
ENSMUSG00000089049	0
ENSMUSG00000089050	0
ENSMUSG00000089051	1
ENSMUSG00000089052	0
ENSMUSG00000089053	0
ENSMUSG00000089054	0
ENSMUSG00000089055	0
ENSMUSG00000089057	0
ENSMUSG00000089060	0
ENSMUSG00000089061	0
ENSMUSG00000089062	0
ENSMUSG00000089065	0
ENSMUSG00000089066	0
ENSMUSG00000089068	0
ENSMUSG00000089069	0
ENSMUSG00000089070	0
ENSMUSG00000089071	0
ENSMUSG00000089072	0
ENSMUSG00000089073	0
ENSMUSG00000089074	0
ENSMUSG00000089075	0
ENSMUSG00000089077	0
ENSMUSG00000089078	0
ENSMUSG00000089079	0
ENSMUSG00000089080	0
ENSMUSG00000089081	0
ENSMUSG00000089082	0
ENSMUSG00000089083	0
ENSMUSG00000089084	0
ENSMUSG00000089085	0
ENSMUSG00000089087	0
ENSMUSG00000089088	0
ENSMUSG00000089090	0
ENSMUSG00000089091	0
ENSMUSG00000089092	0
ENSMUSG00000089093	0
ENSMUSG00000089094	0
ENSMUSG00000089095	0
ENSMUSG00000089096	0
ENSMUSG00000089097	0
ENSMUSG00000089098	0
ENSMUSG00000089102	0
ENSMUSG00000089103	0
ENSMUSG00000089105	0
ENSMUSG00000089106	0
ENSMUSG00000089107	0
ENSMUSG00000089109	0
ENSMUSG00000089111	0
ENSMUSG00000089113	0
ENSMUSG00000089114	0
ENSMUSG00000089115	0
ENSMUSG00000089116	0
ENSMUSG00000089117	0
ENSMUSG00000089118	0
ENSMUSG00000089119	0
ENSMUSG00000089120	0
ENSMUSG00000089123	0
ENSMUSG00000089124	0
ENSMUSG00000089125	0
ENSMUSG00000089127	0
ENSMUSG00000089128	0
ENSMUSG00000089129	0
ENSMUSG00000089130	0
ENSMUSG00000089131	0
ENSMUSG00000089132	0
ENSMUSG00000089133	0
ENSMUSG00000089134	0
ENSMUSG00000089136	0
ENSMUSG00000089137	0
ENSMUSG00000089138	0
ENSMUSG00000089139	0
ENSMUSG00000089141	0
ENSMUSG00000089143	0
ENSMUSG00000089144	0
ENSMUSG00000089145	0
ENSMUSG00000089146	0
ENSMUSG00000089147	0
ENSMUSG00000089148	0
ENSMUSG00000089149	0
ENSMUSG00000089151	0
ENSMUSG00000089152	0
ENSMUSG00000089153	0
ENSMUSG00000089155	0
ENSMUSG00000089156	0
ENSMUSG00000089157	0
ENSMUSG00000089158	0
ENSMUSG00000089161	0
ENSMUSG00000089162	0
ENSMUSG00000089163	0
ENSMUSG00000089164	0
ENSMUSG00000089168	0
ENSMUSG00000089169	0
ENSMUSG00000089170	0
ENSMUSG00000089171	0
ENSMUSG00000089174	0
ENSMUSG00000089175	0
ENSMUSG00000089177	0
ENSMUSG00000089178	0
ENSMUSG00000089179	0
ENSMUSG00000089182	0
ENSMUSG00000089183	0
ENSMUSG00000089184	0
ENSMUSG00000089185	0
ENSMUSG00000089186	0
ENSMUSG00000089187	0
ENSMUSG00000089188	0
ENSMUSG00000089189	0
ENSMUSG00000089190	0
ENSMUSG00000089191	0
ENSMUSG00000089194	0
ENSMUSG00000089195	0
ENSMUSG00000089197	0
ENSMUSG00000089199	0
ENSMUSG00000089203	0
ENSMUSG00000089204	0
ENSMUSG00000089205	0
ENSMUSG00000089206	0
ENSMUSG00000089207	0
ENSMUSG00000089208	0
ENSMUSG00000089209	0
ENSMUSG00000089210	0
ENSMUSG00000089211	0
ENSMUSG00000089213	0
ENSMUSG00000089214	0
ENSMUSG00000089217	0
ENSMUSG00000089218	0
ENSMUSG00000089219	0
ENSMUSG00000089220	0
ENSMUSG00000089222	0
ENSMUSG00000089223	0
ENSMUSG00000089224	0
ENSMUSG00000089226	0
ENSMUSG00000089227	0
ENSMUSG00000089228	0
ENSMUSG00000089229	0
ENSMUSG00000089230	0
ENSMUSG00000089231	0
ENSMUSG00000089233	0
ENSMUSG00000089234	0
ENSMUSG00000089235	2
ENSMUSG00000089237	0
ENSMUSG00000089239	0
ENSMUSG00000089241	0
ENSMUSG00000089242	0
ENSMUSG00000089244	0
ENSMUSG00000089245	0
ENSMUSG00000089247	0
ENSMUSG00000089248	0
ENSMUSG00000089250	0
ENSMUSG00000089251	0
ENSMUSG00000089252	0
ENSMUSG00000089253	0
ENSMUSG00000089255	1
ENSMUSG00000089256	0
ENSMUSG00000089257	0
ENSMUSG00000089258	0
ENSMUSG00000089259	0
ENSMUSG00000089260	0
ENSMUSG00000089261	0
ENSMUSG00000089262	0
ENSMUSG00000089263	0
ENSMUSG00000089264	0
ENSMUSG00000089265	0
ENSMUSG00000089266	0
ENSMUSG00000089267	0
ENSMUSG00000089268	0
ENSMUSG00000089269	0
ENSMUSG00000089270	0
ENSMUSG00000089271	0
ENSMUSG00000089272	0
ENSMUSG00000089273	0
ENSMUSG00000089274	0
ENSMUSG00000089275	0
ENSMUSG00000089276	0
ENSMUSG00000089277	0
ENSMUSG00000089278	0
ENSMUSG00000089279	0
ENSMUSG00000089280	0
ENSMUSG00000089281	0
ENSMUSG00000089282	0
ENSMUSG00000089284	0
ENSMUSG00000089285	0
ENSMUSG00000089286	0
ENSMUSG00000089287	0
ENSMUSG00000089288	0
ENSMUSG00000089289	0
ENSMUSG00000089290	0
ENSMUSG00000089291	0
ENSMUSG00000089292	0
ENSMUSG00000089293	0
ENSMUSG00000089294	0
ENSMUSG00000089296	0
ENSMUSG00000089297	0
ENSMUSG00000089298	0
ENSMUSG00000089299	0
ENSMUSG00000089301	0
ENSMUSG00000089302	0
ENSMUSG00000089304	0
ENSMUSG00000089305	0
ENSMUSG00000089306	0
ENSMUSG00000089307	0
ENSMUSG00000089308	0
ENSMUSG00000089309	0
ENSMUSG00000089310	0
ENSMUSG00000089311	0
ENSMUSG00000089312	0
ENSMUSG00000089313	0
ENSMUSG00000089314	0
ENSMUSG00000089316	0
ENSMUSG00000089317	0
ENSMUSG00000089318	0
ENSMUSG00000089320	0
ENSMUSG00000089321	0
ENSMUSG00000089322	0
ENSMUSG00000089323	0
ENSMUSG00000089324	0
ENSMUSG00000089326	0
ENSMUSG00000089327	0
ENSMUSG00000089331	0
ENSMUSG00000089333	0
ENSMUSG00000089334	0
ENSMUSG00000089335	0
ENSMUSG00000089336	0
ENSMUSG00000089337	0
ENSMUSG00000089338	0
ENSMUSG00000089341	0
ENSMUSG00000089342	0
ENSMUSG00000089343	0
ENSMUSG00000089344	0
ENSMUSG00000089345	0
ENSMUSG00000089346	0
ENSMUSG00000089348	0
ENSMUSG00000089349	0
ENSMUSG00000089350	0
ENSMUSG00000089351	0
ENSMUSG00000089352	0
ENSMUSG00000089353	0
ENSMUSG00000089357	0
ENSMUSG00000089358	0
ENSMUSG00000089359	0
ENSMUSG00000089363	0
ENSMUSG00000089364	0
ENSMUSG00000089365	0
ENSMUSG00000089366	0
ENSMUSG00000089369	0
ENSMUSG00000089370	0
ENSMUSG00000089371	0
ENSMUSG00000089372	0
ENSMUSG00000089373	0
ENSMUSG00000089375	0
ENSMUSG00000089376	0
ENSMUSG00000089377	0
ENSMUSG00000089380	0
ENSMUSG00000089381	0
ENSMUSG00000089382	0
ENSMUSG00000089383	0
ENSMUSG00000089384	0
ENSMUSG00000089385	0
ENSMUSG00000089387	0
ENSMUSG00000089389	0
ENSMUSG00000089390	0
ENSMUSG00000089391	0
ENSMUSG00000089392	0
ENSMUSG00000089393	0
ENSMUSG00000089394	0
ENSMUSG00000089395	0
ENSMUSG00000089396	0
ENSMUSG00000089397	0
ENSMUSG00000089398	0
ENSMUSG00000089399	0
ENSMUSG00000089401	0
ENSMUSG00000089404	0
ENSMUSG00000089405	0
ENSMUSG00000089406	0
ENSMUSG00000089407	0
ENSMUSG00000089408	0
ENSMUSG00000089409	0
ENSMUSG00000089410	0
ENSMUSG00000089413	0
ENSMUSG00000089414	0
ENSMUSG00000089415	0
ENSMUSG00000089416	0
ENSMUSG00000089417	5
ENSMUSG00000089418	0
ENSMUSG00000089420	0
ENSMUSG00000089422	0
ENSMUSG00000089423	0
ENSMUSG00000089424	0
ENSMUSG00000089425	0
ENSMUSG00000089427	0
ENSMUSG00000089429	0
ENSMUSG00000089431	0
ENSMUSG00000089432	0
ENSMUSG00000089434	0
ENSMUSG00000089436	0
ENSMUSG00000089437	0
ENSMUSG00000089438	0
ENSMUSG00000089439	0
ENSMUSG00000089441	0
ENSMUSG00000089442	0
ENSMUSG00000089443	0
ENSMUSG00000089444	0
ENSMUSG00000089445	0
ENSMUSG00000089446	0
ENSMUSG00000089447	0
ENSMUSG00000089450	0
ENSMUSG00000089451	0
ENSMUSG00000089452	0
ENSMUSG00000089453	0
ENSMUSG00000089454	0
ENSMUSG00000089455	0
ENSMUSG00000089458	0
ENSMUSG00000089459	0
ENSMUSG00000089460	0
ENSMUSG00000089461	0
ENSMUSG00000089462	0
ENSMUSG00000089464	0
ENSMUSG00000089465	0
ENSMUSG00000089467	0
ENSMUSG00000089468	0
ENSMUSG00000089469	0
ENSMUSG00000089470	0
ENSMUSG00000089471	0
ENSMUSG00000089472	0
ENSMUSG00000089473	0
ENSMUSG00000089475	3
ENSMUSG00000089476	0
ENSMUSG00000089477	0
ENSMUSG00000089479	0
ENSMUSG00000089480	0
ENSMUSG00000089481	0
ENSMUSG00000089482	0
ENSMUSG00000089484	0
ENSMUSG00000089485	0
ENSMUSG00000089486	0
ENSMUSG00000089487	0
ENSMUSG00000089488	0
ENSMUSG00000089489	0
ENSMUSG00000089490	0
ENSMUSG00000089491	0
ENSMUSG00000089493	0
ENSMUSG00000089497	0
ENSMUSG00000089498	0
ENSMUSG00000089499	0
ENSMUSG00000089501	0
ENSMUSG00000089504	0
ENSMUSG00000089506	0
ENSMUSG00000089507	0
ENSMUSG00000089508	0
ENSMUSG00000089509	0
ENSMUSG00000089510	0
ENSMUSG00000089512	0
ENSMUSG00000089513	0
ENSMUSG00000089514	0
ENSMUSG00000089516	0
ENSMUSG00000089517	0
ENSMUSG00000089520	0
ENSMUSG00000089522	0
ENSMUSG00000089524	0
ENSMUSG00000089525	0
ENSMUSG00000089528	0
ENSMUSG00000089529	0
ENSMUSG00000089530	0
ENSMUSG00000089531	0
ENSMUSG00000089533	0
ENSMUSG00000089534	0
ENSMUSG00000089536	0
ENSMUSG00000089538	0
ENSMUSG00000089539	0
ENSMUSG00000089541	0
ENSMUSG00000089542	0
ENSMUSG00000089543	0
ENSMUSG00000089544	0
ENSMUSG00000089545	0
ENSMUSG00000089546	0
ENSMUSG00000089548	0
ENSMUSG00000089549	0
ENSMUSG00000089550	0
ENSMUSG00000089551	0
ENSMUSG00000089552	0
ENSMUSG00000089553	0
ENSMUSG00000089555	0
ENSMUSG00000089556	0
ENSMUSG00000089558	0
ENSMUSG00000089560	0
ENSMUSG00000089561	0
ENSMUSG00000089562	0
ENSMUSG00000089563	0
ENSMUSG00000089564	0
ENSMUSG00000089570	0
ENSMUSG00000089571	1
ENSMUSG00000089575	0
ENSMUSG00000089576	0
ENSMUSG00000089578	0
ENSMUSG00000089580	0
ENSMUSG00000089581	0
ENSMUSG00000089583	0
ENSMUSG00000089584	0
ENSMUSG00000089585	0
ENSMUSG00000089586	0
ENSMUSG00000089587	0
ENSMUSG00000089588	0
ENSMUSG00000089589	0
ENSMUSG00000089590	0
ENSMUSG00000089591	0
ENSMUSG00000089593	0
ENSMUSG00000089596	0
ENSMUSG00000089597	0
ENSMUSG00000089598	0
ENSMUSG00000089599	0
ENSMUSG00000089601	0
ENSMUSG00000089603	0
ENSMUSG00000089605	0
ENSMUSG00000089606	0
ENSMUSG00000089607	0
ENSMUSG00000089608	0
ENSMUSG00000089609	0
ENSMUSG00000089610	0
ENSMUSG00000089612	0
ENSMUSG00000089613	0
ENSMUSG00000089614	0
ENSMUSG00000089615	0
ENSMUSG00000089616	0
ENSMUSG00000089617	0
ENSMUSG00000089618	0
ENSMUSG00000089619	0
ENSMUSG00000089621	0
ENSMUSG00000089622	0
ENSMUSG00000089624	0
ENSMUSG00000089625	0
ENSMUSG00000089627	0
ENSMUSG00000089628	9
ENSMUSG00000089630	0
ENSMUSG00000089631	0
ENSMUSG00000089633	0
ENSMUSG00000089634	1
ENSMUSG00000089635	0
ENSMUSG00000089636	0
ENSMUSG00000089639	0
ENSMUSG00000089640	0
ENSMUSG00000089642	0
ENSMUSG00000089643	0
ENSMUSG00000089645	0
ENSMUSG00000089646	0
ENSMUSG00000089647	0
ENSMUSG00000089648	58
ENSMUSG00000089651	0
ENSMUSG00000089652	0
ENSMUSG00000089653	0
ENSMUSG00000089654	0
ENSMUSG00000089655	0
ENSMUSG00000089656	0
ENSMUSG00000089657	0
ENSMUSG00000089659	6
ENSMUSG00000089661	3
ENSMUSG00000089662	30
ENSMUSG00000089663	0
ENSMUSG00000089664	0
ENSMUSG00000089665	56
ENSMUSG00000089666	0
ENSMUSG00000089667	0
ENSMUSG00000089669	4
ENSMUSG00000089670	88
ENSMUSG00000089671	1
ENSMUSG00000089673	0
ENSMUSG00000089675	0
ENSMUSG00000089678	6626
ENSMUSG00000089679	0
ENSMUSG00000089680	1
ENSMUSG00000089682	447
ENSMUSG00000089683	0
ENSMUSG00000089684	0
ENSMUSG00000089685	0
ENSMUSG00000089686	4
ENSMUSG00000089687	0
ENSMUSG00000089689	0
ENSMUSG00000089690	0
ENSMUSG00000089694	0
ENSMUSG00000089695	52
ENSMUSG00000089696	0
ENSMUSG00000089697	0
ENSMUSG00000089698	0
ENSMUSG00000089699	0
ENSMUSG00000089700	2
ENSMUSG00000089701	0
ENSMUSG00000089702	0
ENSMUSG00000089703	13
ENSMUSG00000089704	0
ENSMUSG00000089705	0
ENSMUSG00000089706	1
ENSMUSG00000089707	0
ENSMUSG00000089708	0
ENSMUSG00000089709	0
ENSMUSG00000089710	0
ENSMUSG00000089711	0
ENSMUSG00000089712	52
ENSMUSG00000089713	0
ENSMUSG00000089714	0
ENSMUSG00000089715	136
ENSMUSG00000089716	0
ENSMUSG00000089717	0
ENSMUSG00000089718	0
ENSMUSG00000089719	0
ENSMUSG00000089722	0
ENSMUSG00000089723	0
ENSMUSG00000089724	0
ENSMUSG00000089726	122
ENSMUSG00000089727	1
ENSMUSG00000089728	0
ENSMUSG00000089729	0
ENSMUSG00000089730	0
ENSMUSG00000089731	0
ENSMUSG00000089732	0
ENSMUSG00000089733	0
ENSMUSG00000089735	19
ENSMUSG00000089736	10
ENSMUSG00000089737	0
ENSMUSG00000089739	0
ENSMUSG00000089742	0
ENSMUSG00000089743	0
ENSMUSG00000089744	0
ENSMUSG00000089745	0
ENSMUSG00000089746	0
ENSMUSG00000089748	0
ENSMUSG00000089749	0
ENSMUSG00000089753	0
ENSMUSG00000089754	0
ENSMUSG00000089755	1
ENSMUSG00000089756	0
ENSMUSG00000089757	0
ENSMUSG00000089759	0
ENSMUSG00000089760	0
ENSMUSG00000089761	0
ENSMUSG00000089762	35
ENSMUSG00000089764	39
ENSMUSG00000089766	0
ENSMUSG00000089767	0
ENSMUSG00000089768	5
ENSMUSG00000089769	3
ENSMUSG00000089771	0
ENSMUSG00000089773	0
ENSMUSG00000089774	127
ENSMUSG00000089775	0
ENSMUSG00000089776	0
ENSMUSG00000089779	0
ENSMUSG00000089780	0
ENSMUSG00000089781	0
ENSMUSG00000089782	466
ENSMUSG00000089783	0
ENSMUSG00000089785	6
ENSMUSG00000089787	0
ENSMUSG00000089789	14
ENSMUSG00000089790	0
ENSMUSG00000089791	9
ENSMUSG00000089792	0
ENSMUSG00000089793	0
ENSMUSG00000089794	0
ENSMUSG00000089795	0
ENSMUSG00000089796	0
ENSMUSG00000089797	1
ENSMUSG00000089798	1
ENSMUSG00000089800	0
ENSMUSG00000089802	0
ENSMUSG00000089803	0
ENSMUSG00000089804	0
ENSMUSG00000089806	0
ENSMUSG00000089807	0
ENSMUSG00000089808	0
ENSMUSG00000089809	510
ENSMUSG00000089810	389
ENSMUSG00000089811	0
ENSMUSG00000089812	0
ENSMUSG00000089814	0
ENSMUSG00000089815	0
ENSMUSG00000089816	0
ENSMUSG00000089817	2
ENSMUSG00000089818	0
ENSMUSG00000089819	0
ENSMUSG00000089820	0
ENSMUSG00000089821	0
ENSMUSG00000089822	0
ENSMUSG00000089824	187
ENSMUSG00000089826	0
ENSMUSG00000089827	0
ENSMUSG00000089828	0
ENSMUSG00000089829	8
ENSMUSG00000089830	0
ENSMUSG00000089831	0
ENSMUSG00000089832	219
ENSMUSG00000089833	0
ENSMUSG00000089834	0
ENSMUSG00000089835	0
ENSMUSG00000089836	0
ENSMUSG00000089837	0
ENSMUSG00000089838	4
ENSMUSG00000089839	0
ENSMUSG00000089840	0
ENSMUSG00000089842	0
ENSMUSG00000089844	0
ENSMUSG00000089847	430
ENSMUSG00000089849	0
ENSMUSG00000089851	0
ENSMUSG00000089853	0
ENSMUSG00000089854	0
ENSMUSG00000089857	31
ENSMUSG00000089859	0
ENSMUSG00000089861	0
ENSMUSG00000089862	471
ENSMUSG00000089865	0
ENSMUSG00000089866	0
ENSMUSG00000089868	0
ENSMUSG00000089870	0
ENSMUSG00000089871	0
ENSMUSG00000089872	216
ENSMUSG00000089873	2
ENSMUSG00000089874	0
ENSMUSG00000089875	22
ENSMUSG00000089876	210
ENSMUSG00000089877	0
ENSMUSG00000089879	0
ENSMUSG00000089881	0
ENSMUSG00000089883	1
ENSMUSG00000089885	0
ENSMUSG00000089886	0
ENSMUSG00000089887	0
ENSMUSG00000089888	0
ENSMUSG00000089889	74
ENSMUSG00000089890	0
ENSMUSG00000089891	0
ENSMUSG00000089892	0
ENSMUSG00000089893	0
ENSMUSG00000089894	0
ENSMUSG00000089898	0
ENSMUSG00000089900	1
ENSMUSG00000089901	6
ENSMUSG00000089902	16
ENSMUSG00000089904	0
ENSMUSG00000089905	0
ENSMUSG00000089906	0
ENSMUSG00000089907	0
ENSMUSG00000089908	0
ENSMUSG00000089909	0
ENSMUSG00000089910	0
ENSMUSG00000089911	902
ENSMUSG00000089914	0
ENSMUSG00000089916	0
ENSMUSG00000089917	582
ENSMUSG00000089922	0
ENSMUSG00000089924	0
ENSMUSG00000089926	0
ENSMUSG00000089927	0
ENSMUSG00000089929	0
ENSMUSG00000089931	0
ENSMUSG00000089932	0
ENSMUSG00000089933	0
ENSMUSG00000089934	0
ENSMUSG00000089935	0
ENSMUSG00000089936	0
ENSMUSG00000089937	0
ENSMUSG00000089938	0
ENSMUSG00000089940	4
ENSMUSG00000089941	0
ENSMUSG00000089942	1
ENSMUSG00000089943	234
ENSMUSG00000089945	0
ENSMUSG00000089947	2
ENSMUSG00000089948	0
ENSMUSG00000089949	0
ENSMUSG00000089950	0
ENSMUSG00000089951	0
ENSMUSG00000089952	0
ENSMUSG00000089953	0
ENSMUSG00000089956	0
ENSMUSG00000089957	0
ENSMUSG00000089958	0
ENSMUSG00000089959	0
ENSMUSG00000089960	1596
ENSMUSG00000089961	1
ENSMUSG00000089963	0
ENSMUSG00000089964	0
ENSMUSG00000089965	0
ENSMUSG00000089966	0
ENSMUSG00000089967	1
ENSMUSG00000089968	0
ENSMUSG00000089972	0
ENSMUSG00000089973	0
ENSMUSG00000089975	0
ENSMUSG00000089976	0
ENSMUSG00000089978	0
ENSMUSG00000089979	44
ENSMUSG00000089982	0
ENSMUSG00000089983	0
ENSMUSG00000089984	1
ENSMUSG00000089987	0
ENSMUSG00000089988	0
ENSMUSG00000089989	0
ENSMUSG00000089990	2
ENSMUSG00000089991	395
ENSMUSG00000089992	0
ENSMUSG00000089993	4
ENSMUSG00000089994	0
ENSMUSG00000089995	0
ENSMUSG00000089996	0
ENSMUSG00000089997	0
ENSMUSG00000089998	4
ENSMUSG00000089999	0
ENSMUSG00000090000	402
ENSMUSG00000090001	0
ENSMUSG00000090002	16
ENSMUSG00000090003	0
ENSMUSG00000090004	0
ENSMUSG00000090005	1
ENSMUSG00000090006	0
ENSMUSG00000090007	0
ENSMUSG00000090008	0
ENSMUSG00000090009	0
ENSMUSG00000090012	0
ENSMUSG00000090013	0
ENSMUSG00000090015	89
ENSMUSG00000090016	0
ENSMUSG00000090017	0
ENSMUSG00000090019	43
ENSMUSG00000090021	27
ENSMUSG00000090023	0
ENSMUSG00000090024	0
ENSMUSG00000090026	0
ENSMUSG00000090027	6
ENSMUSG00000090030	0
ENSMUSG00000090031	20
ENSMUSG00000090033	0
ENSMUSG00000090034	0
ENSMUSG00000090035	401
ENSMUSG00000090036	0
ENSMUSG00000090038	83
ENSMUSG00000090039	0
ENSMUSG00000090040	0
ENSMUSG00000090041	0
ENSMUSG00000090042	2
ENSMUSG00000090043	0
ENSMUSG00000090044	0
ENSMUSG00000090047	0
ENSMUSG00000090048	0
ENSMUSG00000090050	0
ENSMUSG00000090051	0
ENSMUSG00000090053	0
ENSMUSG00000090054	0
ENSMUSG00000090057	0
ENSMUSG00000090059	0
ENSMUSG00000090061	5
ENSMUSG00000090062	0
ENSMUSG00000090063	0
ENSMUSG00000090066	0
ENSMUSG00000090067	0
ENSMUSG00000090069	1
ENSMUSG00000090070	0
ENSMUSG00000090071	0
ENSMUSG00000090073	0
ENSMUSG00000090074	0
ENSMUSG00000090075	0
ENSMUSG00000090077	835
ENSMUSG00000090078	0
ENSMUSG00000090079	0
ENSMUSG00000090080	1
ENSMUSG00000090081	20
ENSMUSG00000090083	193
ENSMUSG00000090084	5
ENSMUSG00000090086	416
ENSMUSG00000090087	0
ENSMUSG00000090088	0
ENSMUSG00000090089	0
ENSMUSG00000090090	7
ENSMUSG00000090093	1
ENSMUSG00000090095	0
ENSMUSG00000090097	0
ENSMUSG00000090098	0
ENSMUSG00000090099	9
ENSMUSG00000090100	149
ENSMUSG00000090101	2
ENSMUSG00000090102	0
ENSMUSG00000090103	0
ENSMUSG00000090104	0
ENSMUSG00000090105	0
ENSMUSG00000090106	0
ENSMUSG00000090107	0
ENSMUSG00000090109	0
ENSMUSG00000090110	222
ENSMUSG00000090111	0
ENSMUSG00000090112	497
ENSMUSG00000090113	0
ENSMUSG00000090114	0
ENSMUSG00000090115	146
ENSMUSG00000090116	0
ENSMUSG00000090117	0
ENSMUSG00000090118	0
ENSMUSG00000090119	42
ENSMUSG00000090120	1
ENSMUSG00000090121	0
ENSMUSG00000090122	1
ENSMUSG00000090124	11
ENSMUSG00000090125	0
ENSMUSG00000090126	29
ENSMUSG00000090128	0
ENSMUSG00000090129	0
ENSMUSG00000090131	0
ENSMUSG00000090132	0
ENSMUSG00000090135	0
ENSMUSG00000090136	6
ENSMUSG00000090137	11
ENSMUSG00000090138	0
ENSMUSG00000090141	0
ENSMUSG00000090142	0
ENSMUSG00000090145	176
ENSMUSG00000090146	0
ENSMUSG00000090147	0
ENSMUSG00000090150	7443
ENSMUSG00000090151	0
ENSMUSG00000090152	0
ENSMUSG00000090157	0
ENSMUSG00000090159	0
ENSMUSG00000090160	0
ENSMUSG00000090162	0
ENSMUSG00000090163	0
ENSMUSG00000090164	13
ENSMUSG00000090165	9
ENSMUSG00000090166	0
ENSMUSG00000090168	0
ENSMUSG00000090171	30
ENSMUSG00000090173	2
ENSMUSG00000090174	0
ENSMUSG00000090175	90
ENSMUSG00000090176	0
ENSMUSG00000090179	0
ENSMUSG00000090180	0
ENSMUSG00000090185	0
ENSMUSG00000090186	0
ENSMUSG00000090188	0
ENSMUSG00000090191	2
ENSMUSG00000090192	4
ENSMUSG00000090193	0
ENSMUSG00000090194	0
ENSMUSG00000090197	0
ENSMUSG00000090199	0
ENSMUSG00000090200	0
ENSMUSG00000090202	0
ENSMUSG00000090203	0
ENSMUSG00000090206	0
ENSMUSG00000090207	52
ENSMUSG00000090208	0
ENSMUSG00000090210	81
ENSMUSG00000090211	0
ENSMUSG00000090212	0
ENSMUSG00000090213	374
ENSMUSG00000090214	0
ENSMUSG00000090215	1
ENSMUSG00000090216	0
ENSMUSG00000090217	1
ENSMUSG00000090219	0
ENSMUSG00000090220	1
ENSMUSG00000090222	148
ENSMUSG00000090223	1
ENSMUSG00000090224	11
ENSMUSG00000090225	0
ENSMUSG00000090226	0
ENSMUSG00000090227	0
ENSMUSG00000090228	0
ENSMUSG00000090230	1
ENSMUSG00000090231	3014
ENSMUSG00000090232	0
ENSMUSG00000090235	6
ENSMUSG00000090236	3
ENSMUSG00000090237	0
ENSMUSG00000090242	0
ENSMUSG00000090243	1
ENSMUSG00000090244	0
ENSMUSG00000090246	0
ENSMUSG00000090247	1361
ENSMUSG00000090248	12
ENSMUSG00000090249	0
ENSMUSG00000090252	0
ENSMUSG00000090254	1
ENSMUSG00000090255	0
ENSMUSG00000090256	0
ENSMUSG00000090257	0
ENSMUSG00000090258	256
ENSMUSG00000090259	0
ENSMUSG00000090260	3
ENSMUSG00000090263	0
ENSMUSG00000090264	793
ENSMUSG00000090265	0
ENSMUSG00000090266	102
ENSMUSG00000090268	0
ENSMUSG00000090270	0
ENSMUSG00000090272	453
ENSMUSG00000090273	34
ENSMUSG00000090277	0
ENSMUSG00000090284	0
ENSMUSG00000090286	0
ENSMUSG00000090290	128
ENSMUSG00000090291	0
ENSMUSG00000090292	0
ENSMUSG00000090293	0
ENSMUSG00000090298	0
ENSMUSG00000090300	6
ENSMUSG00000090302	0
ENSMUSG00000090303	0
ENSMUSG00000090304	0
ENSMUSG00000090305	0
ENSMUSG00000090306	570
ENSMUSG00000090307	0
ENSMUSG00000090308	0
ENSMUSG00000090314	0
ENSMUSG00000090315	0
ENSMUSG00000090317	0
ENSMUSG00000090318	0
ENSMUSG00000090319	1
ENSMUSG00000090322	0
ENSMUSG00000090323	0
ENSMUSG00000090326	0
ENSMUSG00000090327	0
ENSMUSG00000090328	0
ENSMUSG00000090329	0
ENSMUSG00000090330	143
ENSMUSG00000090331	0
ENSMUSG00000090332	0
ENSMUSG00000090333	0
ENSMUSG00000090334	6
ENSMUSG00000090336	0
ENSMUSG00000090338	0
ENSMUSG00000090341	0
ENSMUSG00000090342	0
ENSMUSG00000090346	1
ENSMUSG00000090350	0
ENSMUSG00000090351	0
ENSMUSG00000090352	0
ENSMUSG00000090353	0
ENSMUSG00000090355	0
ENSMUSG00000090356	0
ENSMUSG00000090357	0
ENSMUSG00000090358	0
ENSMUSG00000090362	0
ENSMUSG00000090363	0
ENSMUSG00000090364	0
ENSMUSG00000090365	0
ENSMUSG00000090369	26
ENSMUSG00000090370	0
ENSMUSG00000090374	0
ENSMUSG00000090379	0
ENSMUSG00000090381	30
ENSMUSG00000090383	0
ENSMUSG00000090385	0
ENSMUSG00000090386	72
ENSMUSG00000090387	0
ENSMUSG00000090389	0
ENSMUSG00000090394	30
ENSMUSG00000090395	0
ENSMUSG00000090396	0
ENSMUSG00000090397	4
ENSMUSG00000090399	2
ENSMUSG00000090404	0
ENSMUSG00000090406	0
ENSMUSG00000090408	0
ENSMUSG00000090411	0
ENSMUSG00000090417	0
ENSMUSG00000090427	0
ENSMUSG00000090429	9
ENSMUSG00000090436	0
ENSMUSG00000090439	0
ENSMUSG00000090440	0
ENSMUSG00000090441	0
ENSMUSG00000090448	0
ENSMUSG00000090449	0
ENSMUSG00000090451	0
ENSMUSG00000090455	0
ENSMUSG00000090457	0
ENSMUSG00000090458	0
ENSMUSG00000090459	0
ENSMUSG00000090460	1
ENSMUSG00000090461	0
ENSMUSG00000090462	0
ENSMUSG00000090464	0
ENSMUSG00000090465	0
ENSMUSG00000090466	0
ENSMUSG00000090467	2
ENSMUSG00000090468	0
ENSMUSG00000090470	0
ENSMUSG00000090471	0
ENSMUSG00000090472	0
ENSMUSG00000090474	1
ENSMUSG00000090475	0
ENSMUSG00000090476	0
ENSMUSG00000090478	0
ENSMUSG00000090481	0
ENSMUSG00000090482	0
ENSMUSG00000090485	0
ENSMUSG00000090486	4
ENSMUSG00000090487	1
ENSMUSG00000090489	0
ENSMUSG00000090494	0
ENSMUSG00000090497	0
ENSMUSG00000090500	0
ENSMUSG00000090505	0
ENSMUSG00000090509	0
ENSMUSG00000090512	0
ENSMUSG00000090515	0
ENSMUSG00000090516	4
ENSMUSG00000090519	0
ENSMUSG00000090523	291
ENSMUSG00000090527	0
ENSMUSG00000090533	0
ENSMUSG00000090534	0
ENSMUSG00000090535	0
ENSMUSG00000090538	0
ENSMUSG00000090539	0
ENSMUSG00000090544	0
ENSMUSG00000090546	0
ENSMUSG00000090547	0
ENSMUSG00000090549	0
ENSMUSG00000090550	0
ENSMUSG00000090551	0
ENSMUSG00000090552	0
ENSMUSG00000090553	185
ENSMUSG00000090555	590
ENSMUSG00000090556	0
ENSMUSG00000090558	0
ENSMUSG00000090559	0
ENSMUSG00000090561	0
ENSMUSG00000090564	5
ENSMUSG00000090565	1
ENSMUSG00000090570	0
ENSMUSG00000090572	0
ENSMUSG00000090574	0
ENSMUSG00000090576	4
ENSMUSG00000090577	0
ENSMUSG00000090578	0
ENSMUSG00000090581	0
ENSMUSG00000090582	2
ENSMUSG00000090584	3
ENSMUSG00000090585	0
ENSMUSG00000090588	0
ENSMUSG00000090589	0
ENSMUSG00000090592	0
ENSMUSG00000090594	0
ENSMUSG00000090598	0
ENSMUSG00000090602	0
ENSMUSG00000090603	0
ENSMUSG00000090607	0
ENSMUSG00000090608	0
ENSMUSG00000090610	208
ENSMUSG00000090618	0
ENSMUSG00000090619	0
ENSMUSG00000090622	180
ENSMUSG00000090623	237
ENSMUSG00000090624	1
ENSMUSG00000090625	0
ENSMUSG00000090626	43
ENSMUSG00000090627	0
ENSMUSG00000090628	0
ENSMUSG00000090629	0
ENSMUSG00000090631	0
ENSMUSG00000090634	0
ENSMUSG00000090635	0
ENSMUSG00000090636	0
ENSMUSG00000090637	7
ENSMUSG00000090638	0
ENSMUSG00000090639	0
ENSMUSG00000090641	18
ENSMUSG00000090642	1
ENSMUSG00000090643	0
ENSMUSG00000090655	0
ENSMUSG00000090657	0
ENSMUSG00000090658	0
ENSMUSG00000090659	31
ENSMUSG00000090660	0
ENSMUSG00000090662	0
ENSMUSG00000090665	1
ENSMUSG00000090667	23
ENSMUSG00000090671	0
ENSMUSG00000090673	46
ENSMUSG00000090674	1
ENSMUSG00000090675	1
ENSMUSG00000090681	0
ENSMUSG00000090682	0
ENSMUSG00000090684	0
ENSMUSG00000090685	0
ENSMUSG00000090688	0
ENSMUSG00000090690	0
ENSMUSG00000090691	0
ENSMUSG00000090692	0
ENSMUSG00000090693	0
ENSMUSG00000090698	46
ENSMUSG00000090699	0
ENSMUSG00000090700	1
ENSMUSG00000090701	0
ENSMUSG00000090704	0
ENSMUSG00000090706	0
ENSMUSG00000090707	0
ENSMUSG00000090708	31
ENSMUSG00000090709	0
ENSMUSG00000090710	0
ENSMUSG00000090713	0
ENSMUSG00000090714	0
ENSMUSG00000090715	0
ENSMUSG00000090716	0
ENSMUSG00000090718	0
ENSMUSG00000090722	0
ENSMUSG00000090724	0
ENSMUSG00000090726	0
ENSMUSG00000090727	0
ENSMUSG00000090728	0
ENSMUSG00000090731	0
ENSMUSG00000090732	0
ENSMUSG00000090733	21
ENSMUSG00000090736	0
ENSMUSG00000090737	0
ENSMUSG00000090738	0
ENSMUSG00000090740	0
ENSMUSG00000090742	0
ENSMUSG00000090743	0
ENSMUSG00000090744	0
ENSMUSG00000090747	0
ENSMUSG00000090750	0
ENSMUSG00000090751	0
ENSMUSG00000090753	0
ENSMUSG00000090758	0
ENSMUSG00000090761	0
ENSMUSG00000090762	0
ENSMUSG00000090764	0
ENSMUSG00000090765	1
ENSMUSG00000090772	0
ENSMUSG00000090773	0
ENSMUSG00000090774	0
ENSMUSG00000090777	0
ENSMUSG00000090778	0
ENSMUSG00000090779	1
ENSMUSG00000090781	0
ENSMUSG00000090782	0
ENSMUSG00000090785	12
ENSMUSG00000090788	0
ENSMUSG00000090790	8
ENSMUSG00000090793	0
ENSMUSG00000090794	0
ENSMUSG00000090795	0
ENSMUSG00000090796	0
ENSMUSG00000090798	0
ENSMUSG00000090799	2
ENSMUSG00000090801	0
ENSMUSG00000090802	0
ENSMUSG00000090805	0
ENSMUSG00000090806	0
ENSMUSG00000090808	0
ENSMUSG00000090812	0
ENSMUSG00000090816	0
ENSMUSG00000090817	0
ENSMUSG00000090818	0
ENSMUSG00000090821	0
ENSMUSG00000090824	0
ENSMUSG00000090827	0
ENSMUSG00000090839	0
ENSMUSG00000090840	0
ENSMUSG00000090841	688
ENSMUSG00000090843	0
ENSMUSG00000090849	0
ENSMUSG00000090853	0
ENSMUSG00000090854	0
ENSMUSG00000090855	0
ENSMUSG00000090860	0
ENSMUSG00000090861	2
ENSMUSG00000090862	25
ENSMUSG00000090863	12
ENSMUSG00000090864	0
ENSMUSG00000090865	0
ENSMUSG00000090868	0
ENSMUSG00000090872	0
ENSMUSG00000090873	0
ENSMUSG00000090874	0
ENSMUSG00000090877	148
ENSMUSG00000090881	0
ENSMUSG00000090882	0
ENSMUSG00000090889	0
ENSMUSG00000090891	0
ENSMUSG00000090892	0
ENSMUSG00000090894	0
ENSMUSG00000090897	0
ENSMUSG00000090900	0
ENSMUSG00000090907	0
ENSMUSG00000090919	17
ENSMUSG00000090925	103
ENSMUSG00000090927	0
ENSMUSG00000090935	646
ENSMUSG00000090936	9
ENSMUSG00000090939	0
ENSMUSG00000090941	0
ENSMUSG00000090942	1453
ENSMUSG00000090946	198
ENSMUSG00000090947	0
ENSMUSG00000090949	0
ENSMUSG00000090951	0
ENSMUSG00000090952	77
ENSMUSG00000090955	1
ENSMUSG00000090957	52
ENSMUSG00000090958	673
ENSMUSG00000090961	0
ENSMUSG00000090963	18
ENSMUSG00000090964	0
ENSMUSG00000090965	0
ENSMUSG00000090966	0
ENSMUSG00000090967	0
ENSMUSG00000090968	0
ENSMUSG00000090975	0
ENSMUSG00000090981	0
ENSMUSG00000090989	0
ENSMUSG00000090990	1
ENSMUSG00000090991	0
ENSMUSG00000090994	0
ENSMUSG00000090996	0
ENSMUSG00000091002	0
ENSMUSG00000091003	1
ENSMUSG00000091004	26
ENSMUSG00000091005	0
ENSMUSG00000091006	0
ENSMUSG00000091007	2
ENSMUSG00000091008	0
ENSMUSG00000091010	0
ENSMUSG00000091011	0
ENSMUSG00000091012	0
ENSMUSG00000091013	0
ENSMUSG00000091014	0
ENSMUSG00000091016	0
ENSMUSG00000091017	0
ENSMUSG00000091019	0
ENSMUSG00000091020	1
ENSMUSG00000091021	0
ENSMUSG00000091022	0
ENSMUSG00000091027	0
ENSMUSG00000091028	0
ENSMUSG00000091031	0
ENSMUSG00000091034	0
ENSMUSG00000091037	0
ENSMUSG00000091039	0
ENSMUSG00000091040	0
ENSMUSG00000091041	0
ENSMUSG00000091043	0
ENSMUSG00000091045	0
ENSMUSG00000091048	0
ENSMUSG00000091049	0
ENSMUSG00000091050	58
ENSMUSG00000091055	0
ENSMUSG00000091058	9
ENSMUSG00000091059	0
ENSMUSG00000091060	0
ENSMUSG00000091061	0
ENSMUSG00000091071	0
ENSMUSG00000091076	0
ENSMUSG00000091077	0
ENSMUSG00000091078	0
ENSMUSG00000091079	0
ENSMUSG00000091080	0
ENSMUSG00000091083	0
ENSMUSG00000091086	0
ENSMUSG00000091087	0
ENSMUSG00000091089	0
ENSMUSG00000091091	0
ENSMUSG00000091096	0
ENSMUSG00000091099	0
ENSMUSG00000091101	0
ENSMUSG00000091102	0
ENSMUSG00000091105	6
ENSMUSG00000091109	0
ENSMUSG00000091110	2
ENSMUSG00000091114	0
ENSMUSG00000091116	0
ENSMUSG00000091117	0
ENSMUSG00000091119	14
ENSMUSG00000091122	0
ENSMUSG00000091123	0
ENSMUSG00000091129	0
ENSMUSG00000091131	0
ENSMUSG00000091132	0
ENSMUSG00000091133	10
ENSMUSG00000091135	0
ENSMUSG00000091140	0
ENSMUSG00000091142	0
ENSMUSG00000091144	316
ENSMUSG00000091146	0
ENSMUSG00000091147	0
ENSMUSG00000091148	0
ENSMUSG00000091149	0
ENSMUSG00000091151	0
ENSMUSG00000091154	21
ENSMUSG00000091155	0
ENSMUSG00000091157	1
ENSMUSG00000091159	0
ENSMUSG00000091160	0
ENSMUSG00000091163	0
ENSMUSG00000091165	0
ENSMUSG00000091172	1
ENSMUSG00000091174	0
ENSMUSG00000091175	0
ENSMUSG00000091177	0
ENSMUSG00000091183	0
ENSMUSG00000091184	0
ENSMUSG00000091185	0
ENSMUSG00000091189	0
ENSMUSG00000091191	5
ENSMUSG00000091192	0
ENSMUSG00000091193	0
ENSMUSG00000091194	0
ENSMUSG00000091195	0
ENSMUSG00000091198	0
ENSMUSG00000091199	0
ENSMUSG00000091204	0
ENSMUSG00000091205	0
ENSMUSG00000091206	0
ENSMUSG00000091212	0
ENSMUSG00000091215	0
ENSMUSG00000091216	0
ENSMUSG00000091221	0
ENSMUSG00000091223	0
ENSMUSG00000091227	0
ENSMUSG00000091228	0
ENSMUSG00000091230	0
ENSMUSG00000091233	0
ENSMUSG00000091237	0
ENSMUSG00000091238	0
ENSMUSG00000091239	0
ENSMUSG00000091243	1
ENSMUSG00000091248	0
ENSMUSG00000091255	0
ENSMUSG00000091259	0
ENSMUSG00000091260	0
ENSMUSG00000091264	261
ENSMUSG00000091268	0
ENSMUSG00000091269	0
ENSMUSG00000091272	0
ENSMUSG00000091273	0
ENSMUSG00000091275	0
ENSMUSG00000091277	13
ENSMUSG00000091280	0
ENSMUSG00000091281	0
ENSMUSG00000091283	0
ENSMUSG00000091285	0
ENSMUSG00000091286	0
ENSMUSG00000091288	0
ENSMUSG00000091289	0
ENSMUSG00000091290	0
ENSMUSG00000091292	0
ENSMUSG00000091293	0
ENSMUSG00000091296	0
ENSMUSG00000091297	0
ENSMUSG00000091304	0
ENSMUSG00000091305	1
ENSMUSG00000091306	0
ENSMUSG00000091307	0
ENSMUSG00000091311	0
ENSMUSG00000091312	0
ENSMUSG00000091313	6
ENSMUSG00000091315	0
ENSMUSG00000091318	0
ENSMUSG00000091325	0
ENSMUSG00000091326	0
ENSMUSG00000091329	0
ENSMUSG00000091336	0
ENSMUSG00000091337	210
ENSMUSG00000091345	6
ENSMUSG00000091347	0
ENSMUSG00000091350	0
ENSMUSG00000091351	0
ENSMUSG00000091355	0
ENSMUSG00000091358	0
ENSMUSG00000091361	0
ENSMUSG00000091363	216
ENSMUSG00000091366	14
ENSMUSG00000091367	0
ENSMUSG00000091368	0
ENSMUSG00000091370	17
ENSMUSG00000091373	0
ENSMUSG00000091375	0
ENSMUSG00000091376	0
ENSMUSG00000091378	0
ENSMUSG00000091381	0
ENSMUSG00000091382	0
ENSMUSG00000091383	0
ENSMUSG00000091386	0
ENSMUSG00000091387	187
ENSMUSG00000091390	0
ENSMUSG00000091393	0
ENSMUSG00000091396	0
ENSMUSG00000091400	0
ENSMUSG00000091401	0
ENSMUSG00000091402	0
ENSMUSG00000091404	0
ENSMUSG00000091405	0
ENSMUSG00000091407	0
ENSMUSG00000091408	57
ENSMUSG00000091410	0
ENSMUSG00000091411	0
ENSMUSG00000091412	0
ENSMUSG00000091415	0
ENSMUSG00000091416	0
ENSMUSG00000091418	0
ENSMUSG00000091419	0
ENSMUSG00000091421	11
ENSMUSG00000091422	0
ENSMUSG00000091423	0
ENSMUSG00000091425	0
ENSMUSG00000091426	0
ENSMUSG00000091429	0
ENSMUSG00000091430	0
ENSMUSG00000091435	0
ENSMUSG00000091438	13
ENSMUSG00000091441	0
ENSMUSG00000091442	0
ENSMUSG00000091443	18
ENSMUSG00000091449	1
ENSMUSG00000091450	0
ENSMUSG00000091453	0
ENSMUSG00000091455	0
ENSMUSG00000091457	0
ENSMUSG00000091459	0
ENSMUSG00000091460	0
ENSMUSG00000091462	0
ENSMUSG00000091466	0
ENSMUSG00000091468	0
ENSMUSG00000091470	0
ENSMUSG00000091471	1
ENSMUSG00000091472	0
ENSMUSG00000091474	467
ENSMUSG00000091475	8
ENSMUSG00000091476	4
ENSMUSG00000091477	0
ENSMUSG00000091478	341
ENSMUSG00000091479	0
ENSMUSG00000091481	0
ENSMUSG00000091483	0
ENSMUSG00000091486	0
ENSMUSG00000091487	0
ENSMUSG00000091490	0
ENSMUSG00000091491	0
ENSMUSG00000091492	10
ENSMUSG00000091494	0
ENSMUSG00000091496	0
ENSMUSG00000091497	0
ENSMUSG00000091498	114
ENSMUSG00000091504	0
ENSMUSG00000091507	0
ENSMUSG00000091509	215
ENSMUSG00000091510	0
ENSMUSG00000091511	0
ENSMUSG00000091512	40
ENSMUSG00000091514	0
ENSMUSG00000091515	0
ENSMUSG00000091519	0
ENSMUSG00000091523	0
ENSMUSG00000091526	0
ENSMUSG00000091528	0
ENSMUSG00000091530	26
ENSMUSG00000091531	0
ENSMUSG00000091534	5
ENSMUSG00000091537	25
ENSMUSG00000091539	0
ENSMUSG00000091541	0
ENSMUSG00000091542	0
ENSMUSG00000091548	0
ENSMUSG00000091549	101
ENSMUSG00000091550	0
ENSMUSG00000091552	0
ENSMUSG00000091553	0
ENSMUSG00000091556	0
ENSMUSG00000091557	0
ENSMUSG00000091558	0
ENSMUSG00000091561	6
ENSMUSG00000091562	12
ENSMUSG00000091563	0
ENSMUSG00000091568	0
ENSMUSG00000091569	0
ENSMUSG00000091570	4
ENSMUSG00000091572	2
ENSMUSG00000091573	0
ENSMUSG00000091575	15
ENSMUSG00000091577	0
ENSMUSG00000091580	19
ENSMUSG00000091583	0
ENSMUSG00000091584	0
ENSMUSG00000091585	0
ENSMUSG00000091586	165
ENSMUSG00000091587	0
ENSMUSG00000091594	0
ENSMUSG00000091595	0
ENSMUSG00000091601	0
ENSMUSG00000091604	1
ENSMUSG00000091605	0
ENSMUSG00000091606	0
ENSMUSG00000091613	1
ENSMUSG00000091614	0
ENSMUSG00000091615	0
ENSMUSG00000091617	0
ENSMUSG00000091618	0
ENSMUSG00000091619	0
ENSMUSG00000091620	0
ENSMUSG00000091623	0
ENSMUSG00000091624	0
ENSMUSG00000091625	0
ENSMUSG00000091627	0
ENSMUSG00000091631	0
ENSMUSG00000091635	0
ENSMUSG00000091636	0
ENSMUSG00000091638	0
ENSMUSG00000091639	0
ENSMUSG00000091648	14
ENSMUSG00000091649	36
ENSMUSG00000091650	0
ENSMUSG00000091651	0
ENSMUSG00000091652	0
ENSMUSG00000091655	0
ENSMUSG00000091656	0
ENSMUSG00000091657	0
ENSMUSG00000091659	0
ENSMUSG00000091661	3
ENSMUSG00000091662	0
ENSMUSG00000091665	0
ENSMUSG00000091668	0
ENSMUSG00000091669	0
ENSMUSG00000091670	0
ENSMUSG00000091671	0
ENSMUSG00000091672	0
ENSMUSG00000091676	0
ENSMUSG00000091679	3
ENSMUSG00000091680	0
ENSMUSG00000091682	0
ENSMUSG00000091685	2
ENSMUSG00000091686	0
ENSMUSG00000091692	0
ENSMUSG00000091694	8
ENSMUSG00000091695	0
ENSMUSG00000091697	0
ENSMUSG00000091698	0
ENSMUSG00000091700	0
ENSMUSG00000091703	0
ENSMUSG00000091705	3
ENSMUSG00000091707	0
ENSMUSG00000091709	0
ENSMUSG00000091712	2
ENSMUSG00000091713	0
ENSMUSG00000091718	0
ENSMUSG00000091721	92
ENSMUSG00000091722	0
ENSMUSG00000091723	0
ENSMUSG00000091725	0
ENSMUSG00000091730	29
ENSMUSG00000091731	0
ENSMUSG00000091732	0
ENSMUSG00000091733	0
ENSMUSG00000091734	0
ENSMUSG00000091735	0
ENSMUSG00000091736	0
ENSMUSG00000091740	0
ENSMUSG00000091741	0
ENSMUSG00000091742	0
ENSMUSG00000091743	0
ENSMUSG00000091744	0
ENSMUSG00000091745	0
ENSMUSG00000091749	0
ENSMUSG00000091752	0
ENSMUSG00000091754	0
ENSMUSG00000091756	0
ENSMUSG00000091757	0
ENSMUSG00000091762	0
ENSMUSG00000091764	23
ENSMUSG00000091768	0
ENSMUSG00000091771	0
ENSMUSG00000091775	0
ENSMUSG00000091776	0
ENSMUSG00000091779	0
ENSMUSG00000091780	933
ENSMUSG00000091784	0
ENSMUSG00000091785	0
ENSMUSG00000091786	0
ENSMUSG00000091788	0
ENSMUSG00000091792	0
ENSMUSG00000091794	0
ENSMUSG00000091800	0
ENSMUSG00000091803	144
ENSMUSG00000091805	0
ENSMUSG00000091806	1
ENSMUSG00000091808	0
ENSMUSG00000091809	0
ENSMUSG00000091811	274
ENSMUSG00000091812	0
ENSMUSG00000091813	23
ENSMUSG00000091814	0
ENSMUSG00000091815	0
ENSMUSG00000091816	0
ENSMUSG00000091817	0
ENSMUSG00000091818	0
ENSMUSG00000091821	0
ENSMUSG00000091825	31
ENSMUSG00000091827	0
ENSMUSG00000091831	0
ENSMUSG00000091832	0
ENSMUSG00000091834	0
ENSMUSG00000091842	0
ENSMUSG00000091844	7
ENSMUSG00000091845	4
ENSMUSG00000091847	0
ENSMUSG00000091849	0
ENSMUSG00000091859	0
ENSMUSG00000091863	0
ENSMUSG00000091864	18
ENSMUSG00000091866	23
ENSMUSG00000091867	74
ENSMUSG00000091873	0
ENSMUSG00000091874	0
ENSMUSG00000091876	0
ENSMUSG00000091879	0
ENSMUSG00000091881	0
ENSMUSG00000091882	0
ENSMUSG00000091887	0
ENSMUSG00000091888	0
ENSMUSG00000091890	0
ENSMUSG00000091894	0
ENSMUSG00000091896	603
ENSMUSG00000091897	0
ENSMUSG00000091898	37
ENSMUSG00000091900	5
ENSMUSG00000091902	0
ENSMUSG00000091903	0
ENSMUSG00000091905	0
ENSMUSG00000091906	0
ENSMUSG00000091908	0
ENSMUSG00000091911	0
ENSMUSG00000091922	0
ENSMUSG00000091923	0
ENSMUSG00000091924	0
ENSMUSG00000091926	0
ENSMUSG00000091929	0
ENSMUSG00000091930	0
ENSMUSG00000091931	80
ENSMUSG00000091933	0
ENSMUSG00000091936	0
ENSMUSG00000091937	0
ENSMUSG00000091938	0
ENSMUSG00000091941	0
ENSMUSG00000091942	8
ENSMUSG00000091945	0
ENSMUSG00000091947	0
ENSMUSG00000091950	0
ENSMUSG00000091952	0
ENSMUSG00000091955	0
ENSMUSG00000091956	0
ENSMUSG00000091957	0
ENSMUSG00000091960	0
ENSMUSG00000091961	0
ENSMUSG00000091962	0
ENSMUSG00000091967	0
ENSMUSG00000091968	9
ENSMUSG00000091970	0
ENSMUSG00000091971	9
ENSMUSG00000091972	0
ENSMUSG00000091980	0
ENSMUSG00000091983	0
ENSMUSG00000091985	11
ENSMUSG00000091987	0
ENSMUSG00000091989	1
ENSMUSG00000091990	0
ENSMUSG00000091993	7
ENSMUSG00000091994	13
ENSMUSG00000091995	0
ENSMUSG00000091996	4
ENSMUSG00000091997	0
ENSMUSG00000091998	0
ENSMUSG00000092004	0
ENSMUSG00000092006	0
ENSMUSG00000092008	14
ENSMUSG00000092009	0
ENSMUSG00000092014	7
ENSMUSG00000092019	0
ENSMUSG00000092021	356
ENSMUSG00000092027	0
ENSMUSG00000092029	0
ENSMUSG00000092031	0
ENSMUSG00000092032	0
ENSMUSG00000092035	60
ENSMUSG00000092036	0
ENSMUSG00000092039	0
ENSMUSG00000092040	0
ENSMUSG00000092042	0
ENSMUSG00000092043	0
ENSMUSG00000092045	0
ENSMUSG00000092047	0
ENSMUSG00000092048	0
ENSMUSG00000092049	0
ENSMUSG00000092051	14
ENSMUSG00000092054	1
ENSMUSG00000092055	0
ENSMUSG00000092056	0
ENSMUSG00000092060	25
ENSMUSG00000092066	0
ENSMUSG00000092071	0
ENSMUSG00000092072	35
ENSMUSG00000092073	0
ENSMUSG00000092074	0
ENSMUSG00000092075	4385
ENSMUSG00000092077	0
ENSMUSG00000092080	0
ENSMUSG00000092083	0
ENSMUSG00000092085	1
ENSMUSG00000092086	0
ENSMUSG00000092090	0
ENSMUSG00000092092	0
ENSMUSG00000092093	0
ENSMUSG00000092094	0
ENSMUSG00000092097	4
ENSMUSG00000092103	0
ENSMUSG00000092107	0
ENSMUSG00000092109	0
ENSMUSG00000092111	0
ENSMUSG00000092116	16
ENSMUSG00000092118	104
ENSMUSG00000092120	0
ENSMUSG00000092123	0
ENSMUSG00000092124	9
ENSMUSG00000092125	0
ENSMUSG00000092130	0
ENSMUSG00000092131	3
ENSMUSG00000092134	4
ENSMUSG00000092137	0
ENSMUSG00000092142	0
ENSMUSG00000092144	0
ENSMUSG00000092147	0
ENSMUSG00000092148	0
ENSMUSG00000092152	0
ENSMUSG00000092157	0
ENSMUSG00000092162	0
ENSMUSG00000092164	0
ENSMUSG00000092165	0
ENSMUSG00000092166	0
ENSMUSG00000092167	0
ENSMUSG00000092168	0
ENSMUSG00000092171	0
ENSMUSG00000092172	0
ENSMUSG00000092173	0
ENSMUSG00000092174	0
ENSMUSG00000092175	0
ENSMUSG00000092176	0
ENSMUSG00000092178	3
ENSMUSG00000092179	0
ENSMUSG00000092181	3
ENSMUSG00000092182	0
ENSMUSG00000092183	4
ENSMUSG00000092184	0
ENSMUSG00000092185	0
ENSMUSG00000092186	0
ENSMUSG00000092187	48
ENSMUSG00000092188	0
ENSMUSG00000092190	0
ENSMUSG00000092191	16
ENSMUSG00000092192	13
ENSMUSG00000092193	53
ENSMUSG00000092195	0
ENSMUSG00000092196	0
ENSMUSG00000092197	0
ENSMUSG00000092199	0
ENSMUSG00000092200	3
ENSMUSG00000092201	0
ENSMUSG00000092202	0
ENSMUSG00000092203	344
ENSMUSG00000092204	0
ENSMUSG00000092208	0
ENSMUSG00000092210	0
ENSMUSG00000092211	0
ENSMUSG00000092212	7
ENSMUSG00000092213	0
ENSMUSG00000092214	0
ENSMUSG00000092216	3
ENSMUSG00000092217	0
ENSMUSG00000092218	0
ENSMUSG00000092219	0
ENSMUSG00000092220	1
ENSMUSG00000092221	0
ENSMUSG00000092222	2
ENSMUSG00000092223	16
ENSMUSG00000092224	0
ENSMUSG00000092225	0
ENSMUSG00000092227	0
ENSMUSG00000092228	0
ENSMUSG00000092229	0
ENSMUSG00000092230	32
ENSMUSG00000092231	0
ENSMUSG00000092232	0
ENSMUSG00000092233	0
ENSMUSG00000092237	0
ENSMUSG00000092238	0
ENSMUSG00000092239	0
ENSMUSG00000092240	3
ENSMUSG00000092241	47
ENSMUSG00000092242	0
ENSMUSG00000092243	0
ENSMUSG00000092244	0
ENSMUSG00000092245	0
ENSMUSG00000092246	0
ENSMUSG00000092247	0
ENSMUSG00000092248	0
ENSMUSG00000092250	0
ENSMUSG00000092251	0
ENSMUSG00000092252	0
ENSMUSG00000092253	0
ENSMUSG00000092255	0
ENSMUSG00000092256	0
ENSMUSG00000092257	0
ENSMUSG00000092258	0
ENSMUSG00000092259	0
ENSMUSG00000092260	127
ENSMUSG00000092261	0
ENSMUSG00000092263	0
ENSMUSG00000092264	0
ENSMUSG00000092265	0
ENSMUSG00000092266	0
ENSMUSG00000092267	0
ENSMUSG00000092268	5
ENSMUSG00000092269	2
ENSMUSG00000092270	0
ENSMUSG00000092271	0
ENSMUSG00000092272	0
ENSMUSG00000092274	11521
ENSMUSG00000092275	0
ENSMUSG00000092276	0
ENSMUSG00000092277	5
ENSMUSG00000092278	0
ENSMUSG00000092281	0
ENSMUSG00000092283	0
ENSMUSG00000092284	0
ENSMUSG00000092285	0
ENSMUSG00000092286	0
ENSMUSG00000092287	0
ENSMUSG00000092289	0
ENSMUSG00000092290	0
ENSMUSG00000092292	0
ENSMUSG00000092293	0
ENSMUSG00000092294	0
ENSMUSG00000092295	0
ENSMUSG00000092296	0
ENSMUSG00000092297	0
ENSMUSG00000092298	0
ENSMUSG00000092300	3
ENSMUSG00000092301	0
ENSMUSG00000092303	0
ENSMUSG00000092304	0
ENSMUSG00000092305	0
ENSMUSG00000092306	0
ENSMUSG00000092307	0
ENSMUSG00000092308	0
ENSMUSG00000092309	0
ENSMUSG00000092310	0
ENSMUSG00000092311	0
ENSMUSG00000092312	0
ENSMUSG00000092313	0
ENSMUSG00000092314	0
ENSMUSG00000092316	0
ENSMUSG00000092317	0
ENSMUSG00000092318	0
ENSMUSG00000092322	0
ENSMUSG00000092323	0
ENSMUSG00000092325	74
ENSMUSG00000092326	0
ENSMUSG00000092328	0
ENSMUSG00000092329	0
ENSMUSG00000092330	0
ENSMUSG00000092331	0
ENSMUSG00000092332	0
ENSMUSG00000092335	8
ENSMUSG00000092336	0
ENSMUSG00000092338	0
ENSMUSG00000092339	0
ENSMUSG00000092340	0
ENSMUSG00000092341	11442
ENSMUSG00000092342	1
ENSMUSG00000092343	0
ENSMUSG00000092344	0
ENSMUSG00000092345	0
ENSMUSG00000092346	0
ENSMUSG00000092349	1
ENSMUSG00000092350	0
ENSMUSG00000092351	0
ENSMUSG00000092352	0
ENSMUSG00000092353	1
ENSMUSG00000092354	0
ENSMUSG00000092356	0
ENSMUSG00000092357	0
ENSMUSG00000092358	0
ENSMUSG00000092359	0
ENSMUSG00000092360	0
ENSMUSG00000092362	0
ENSMUSG00000092363	0
ENSMUSG00000092364	0
ENSMUSG00000092365	0
ENSMUSG00000092366	0
ENSMUSG00000092367	0
ENSMUSG00000092368	16
ENSMUSG00000092369	0
ENSMUSG00000092370	0
ENSMUSG00000092371	0
ENSMUSG00000092372	0
ENSMUSG00000092373	1
ENSMUSG00000092374	0
ENSMUSG00000092375	0
ENSMUSG00000092376	4
ENSMUSG00000092377	0
ENSMUSG00000092381	3
ENSMUSG00000092382	0
ENSMUSG00000092383	0
ENSMUSG00000092384	19
ENSMUSG00000092385	0
ENSMUSG00000092386	0
ENSMUSG00000092387	0
ENSMUSG00000092388	0
ENSMUSG00000092389	0
ENSMUSG00000092390	1
ENSMUSG00000092392	0
ENSMUSG00000092393	0
ENSMUSG00000092394	0
ENSMUSG00000092395	0
ENSMUSG00000092396	0
ENSMUSG00000092397	1
ENSMUSG00000092398	0
ENSMUSG00000092399	0
ENSMUSG00000092401	0
ENSMUSG00000092402	0
ENSMUSG00000092404	0
ENSMUSG00000092405	0
ENSMUSG00000092406	0
ENSMUSG00000092408	0
ENSMUSG00000092409	0
ENSMUSG00000092410	0
ENSMUSG00000092411	0
ENSMUSG00000092412	18
ENSMUSG00000092413	0
ENSMUSG00000092414	0
ENSMUSG00000092415	0
ENSMUSG00000092416	311
ENSMUSG00000092417	192
ENSMUSG00000092418	0
ENSMUSG00000092419	0
ENSMUSG00000092422	0
ENSMUSG00000092425	0
ENSMUSG00000092426	0
ENSMUSG00000092427	0
ENSMUSG00000092428	0
ENSMUSG00000092429	0
ENSMUSG00000092431	0
ENSMUSG00000092433	0
ENSMUSG00000092435	0
ENSMUSG00000092437	0
ENSMUSG00000092438	0
ENSMUSG00000092439	0
ENSMUSG00000092440	0
ENSMUSG00000092441	0
ENSMUSG00000092443	0
ENSMUSG00000092444	0
ENSMUSG00000092447	0
ENSMUSG00000092448	0
ENSMUSG00000092450	0
ENSMUSG00000092451	0
ENSMUSG00000092452	0
ENSMUSG00000092454	0
ENSMUSG00000092455	0
ENSMUSG00000092456	0
ENSMUSG00000092457	0
ENSMUSG00000092458	6
ENSMUSG00000092460	0
ENSMUSG00000092461	0
ENSMUSG00000092462	0
ENSMUSG00000092463	0
ENSMUSG00000092464	2
ENSMUSG00000092465	0
ENSMUSG00000092466	0
ENSMUSG00000092467	0
ENSMUSG00000092468	0
ENSMUSG00000092469	0
ENSMUSG00000092470	16
ENSMUSG00000092471	404
ENSMUSG00000092472	0
ENSMUSG00000092473	0
ENSMUSG00000092474	0
ENSMUSG00000092476	0
ENSMUSG00000092477	0
ENSMUSG00000092480	0
ENSMUSG00000092482	0
ENSMUSG00000092483	0
ENSMUSG00000092485	0
ENSMUSG00000092486	6
ENSMUSG00000092487	0
ENSMUSG00000092488	0
ENSMUSG00000092489	0
ENSMUSG00000092490	0
ENSMUSG00000092492	0
ENSMUSG00000092493	0
ENSMUSG00000092494	0
ENSMUSG00000092495	0
ENSMUSG00000092496	0
ENSMUSG00000092499	23
ENSMUSG00000092500	0
ENSMUSG00000092502	0
ENSMUSG00000092503	0
ENSMUSG00000092504	0
ENSMUSG00000092505	0
ENSMUSG00000092506	0
ENSMUSG00000092508	0
ENSMUSG00000092509	0
ENSMUSG00000092510	0
ENSMUSG00000092511	0
ENSMUSG00000092512	2
ENSMUSG00000092513	0
ENSMUSG00000092514	0
ENSMUSG00000092515	0
ENSMUSG00000092516	0
ENSMUSG00000092517	1
ENSMUSG00000092518	0
ENSMUSG00000092519	1
ENSMUSG00000092520	0
ENSMUSG00000092521	0
ENSMUSG00000092522	0
ENSMUSG00000092523	0
ENSMUSG00000092524	0
ENSMUSG00000092525	0
ENSMUSG00000092526	0
ENSMUSG00000092528	8
ENSMUSG00000092529	0
ENSMUSG00000092530	0
ENSMUSG00000092532	0
ENSMUSG00000092533	0
ENSMUSG00000092534	0
ENSMUSG00000092535	0
ENSMUSG00000092536	0
ENSMUSG00000092538	0
ENSMUSG00000092539	1
ENSMUSG00000092540	2
ENSMUSG00000092541	0
ENSMUSG00000092542	0
ENSMUSG00000092543	0
ENSMUSG00000092544	0
ENSMUSG00000092545	948
ENSMUSG00000092547	0
ENSMUSG00000092548	0
ENSMUSG00000092549	1
ENSMUSG00000092550	0
ENSMUSG00000092551	0
ENSMUSG00000092552	6
ENSMUSG00000092553	0
ENSMUSG00000092554	0
ENSMUSG00000092555	0
ENSMUSG00000092556	0
ENSMUSG00000092557	0
ENSMUSG00000092558	605
ENSMUSG00000092559	0
ENSMUSG00000092560	0
ENSMUSG00000092561	0
ENSMUSG00000092562	0
ENSMUSG00000092563	0
ENSMUSG00000092564	46
ENSMUSG00000092565	0
ENSMUSG00000092566	0
ENSMUSG00000092567	0
ENSMUSG00000092568	0
ENSMUSG00000092569	15
ENSMUSG00000092570	0
ENSMUSG00000092571	0
ENSMUSG00000092572	4
ENSMUSG00000092573	0
ENSMUSG00000092574	0
ENSMUSG00000092575	0
ENSMUSG00000092576	0
ENSMUSG00000092577	0
ENSMUSG00000092578	0
ENSMUSG00000092579	0
ENSMUSG00000092580	0
ENSMUSG00000092581	0
ENSMUSG00000092583	0
ENSMUSG00000092584	0
ENSMUSG00000092586	0
ENSMUSG00000092587	0
ENSMUSG00000092588	0
ENSMUSG00000092591	1
ENSMUSG00000092592	2
ENSMUSG00000092593	9
ENSMUSG00000092595	178
ENSMUSG00000092596	0
ENSMUSG00000092597	0
ENSMUSG00000092599	0
ENSMUSG00000092600	0
ENSMUSG00000092601	0
ENSMUSG00000092602	0
ENSMUSG00000092603	0
ENSMUSG00000092604	0
ENSMUSG00000092606	0
ENSMUSG00000092607	532
ENSMUSG00000092608	0
ENSMUSG00000092609	0
ENSMUSG00000092610	0
ENSMUSG00000092611	0
ENSMUSG00000092612	0
ENSMUSG00000092614	0
ENSMUSG00000092615	0
ENSMUSG00000092616	0
ENSMUSG00000092617	0
ENSMUSG00000092618	0
ENSMUSG00000092619	0
ENSMUSG00000092620	0
ENSMUSG00000092621	0
ENSMUSG00000092622	2
ENSMUSG00000092624	0
ENSMUSG00000092625	0
ENSMUSG00000092626	19
ENSMUSG00000092627	0
ENSMUSG00000092629	0
ENSMUSG00000092633	0
ENSMUSG00000092636	0
ENSMUSG00000092638	0
ENSMUSG00000092639	0
ENSMUSG00000092641	0
ENSMUSG00000092643	0
ENSMUSG00000092644	0
ENSMUSG00000092647	0
ENSMUSG00000092648	0
ENSMUSG00000092650	0
ENSMUSG00000092652	0
ENSMUSG00000092653	0
ENSMUSG00000092655	0
ENSMUSG00000092656	0
ENSMUSG00000092657	0
ENSMUSG00000092659	0
ENSMUSG00000092660	0
ENSMUSG00000092661	0
ENSMUSG00000092664	0
ENSMUSG00000092666	0
ENSMUSG00000092668	0
ENSMUSG00000092671	0
ENSMUSG00000092673	0
ENSMUSG00000092674	0
ENSMUSG00000092675	0
ENSMUSG00000092677	0
ENSMUSG00000092679	0
ENSMUSG00000092680	0
ENSMUSG00000092683	0
ENSMUSG00000092685	0
ENSMUSG00000092686	0
ENSMUSG00000092687	0
ENSMUSG00000092693	0
ENSMUSG00000092695	0
ENSMUSG00000092696	0
ENSMUSG00000092697	0
ENSMUSG00000092698	0
ENSMUSG00000092701	0
ENSMUSG00000092702	0
ENSMUSG00000092704	0
ENSMUSG00000092705	0
ENSMUSG00000092706	0
ENSMUSG00000092710	0
ENSMUSG00000092713	0
ENSMUSG00000092714	0
ENSMUSG00000092715	0
ENSMUSG00000092718	0
ENSMUSG00000092719	0
ENSMUSG00000092720	0
ENSMUSG00000092723	0
ENSMUSG00000092724	0
ENSMUSG00000092725	0
ENSMUSG00000092727	0
ENSMUSG00000092730	5
ENSMUSG00000092731	0
ENSMUSG00000092732	0
ENSMUSG00000092734	0
ENSMUSG00000092737	0
ENSMUSG00000092738	0
ENSMUSG00000092741	0
ENSMUSG00000092743	0
ENSMUSG00000092745	0
ENSMUSG00000092746	0
ENSMUSG00000092747	0
ENSMUSG00000092748	0
ENSMUSG00000092751	0
ENSMUSG00000092752	0
ENSMUSG00000092753	0
ENSMUSG00000092758	0
ENSMUSG00000092759	0
ENSMUSG00000092760	0
ENSMUSG00000092761	0
ENSMUSG00000092762	0
ENSMUSG00000092763	0
ENSMUSG00000092764	0
ENSMUSG00000092765	0
ENSMUSG00000092767	0
ENSMUSG00000092770	0
ENSMUSG00000092774	0
ENSMUSG00000092776	0
ENSMUSG00000092777	0
ENSMUSG00000092781	1
ENSMUSG00000092784	0
ENSMUSG00000092787	0
ENSMUSG00000092790	0
ENSMUSG00000092792	0
ENSMUSG00000092793	0
ENSMUSG00000092794	0
ENSMUSG00000092795	0
ENSMUSG00000092796	0
ENSMUSG00000092799	0
ENSMUSG00000092802	0
ENSMUSG00000092805	1
ENSMUSG00000092806	0
ENSMUSG00000092807	0
ENSMUSG00000092811	0
ENSMUSG00000092812	0
ENSMUSG00000092813	0
ENSMUSG00000092814	0
ENSMUSG00000092815	0
ENSMUSG00000092816	0
ENSMUSG00000092818	0
ENSMUSG00000092819	3
ENSMUSG00000092821	0
ENSMUSG00000092822	0
ENSMUSG00000092825	0
ENSMUSG00000092826	0
ENSMUSG00000092827	0
ENSMUSG00000092829	0
ENSMUSG00000092830	0
ENSMUSG00000092832	0
ENSMUSG00000092833	0
ENSMUSG00000092834	0
ENSMUSG00000092835	0
ENSMUSG00000092837	8
ENSMUSG00000092838	0
ENSMUSG00000092840	0
ENSMUSG00000092841	0
ENSMUSG00000092842	0
ENSMUSG00000092843	0
ENSMUSG00000092845	0
ENSMUSG00000092847	0
ENSMUSG00000092848	0
ENSMUSG00000092849	0
ENSMUSG00000092850	0
ENSMUSG00000092851	0
ENSMUSG00000092852	0
ENSMUSG00000092853	0
ENSMUSG00000092855	0
ENSMUSG00000092856	0
ENSMUSG00000092862	0
ENSMUSG00000092866	0
ENSMUSG00000092867	0
ENSMUSG00000092868	0
ENSMUSG00000092870	0
ENSMUSG00000092871	0
ENSMUSG00000092875	0
ENSMUSG00000092876	0
ENSMUSG00000092878	0
ENSMUSG00000092879	0
ENSMUSG00000092880	0
ENSMUSG00000092885	0
ENSMUSG00000092887	0
ENSMUSG00000092888	0
ENSMUSG00000092889	0
ENSMUSG00000092891	0
ENSMUSG00000092894	0
ENSMUSG00000092896	0
ENSMUSG00000092897	0
ENSMUSG00000092898	0
ENSMUSG00000092901	0
ENSMUSG00000092903	0
ENSMUSG00000092905	0
ENSMUSG00000092906	0
ENSMUSG00000092907	0
ENSMUSG00000092908	0
ENSMUSG00000092909	0
ENSMUSG00000092912	0
ENSMUSG00000092913	0
ENSMUSG00000092914	0
ENSMUSG00000092915	0
ENSMUSG00000092916	0
ENSMUSG00000092917	0
ENSMUSG00000092918	0
ENSMUSG00000092919	0
ENSMUSG00000092920	10
ENSMUSG00000092921	0
ENSMUSG00000092922	0
ENSMUSG00000092923	0
ENSMUSG00000092928	0
ENSMUSG00000092931	0
ENSMUSG00000092932	0
ENSMUSG00000092934	0
ENSMUSG00000092935	0
ENSMUSG00000092939	0
ENSMUSG00000092948	0
ENSMUSG00000092949	0
ENSMUSG00000092952	0
ENSMUSG00000092953	0
ENSMUSG00000092956	0
ENSMUSG00000092957	0
ENSMUSG00000092958	0
ENSMUSG00000092961	0
ENSMUSG00000092963	0
ENSMUSG00000092965	0
ENSMUSG00000092966	0
ENSMUSG00000092972	0
ENSMUSG00000092973	0
ENSMUSG00000092974	0
ENSMUSG00000092978	0
ENSMUSG00000092979	0
ENSMUSG00000092981	2
ENSMUSG00000092985	0
ENSMUSG00000092986	0
ENSMUSG00000092988	0
ENSMUSG00000092990	0
ENSMUSG00000092994	0
ENSMUSG00000092995	0
ENSMUSG00000092997	0
ENSMUSG00000092998	0
ENSMUSG00000092999	0
ENSMUSG00000093000	0
ENSMUSG00000093002	0
ENSMUSG00000093003	0
ENSMUSG00000093004	0
ENSMUSG00000093005	0
ENSMUSG00000093006	0
ENSMUSG00000093007	0
ENSMUSG00000093009	0
ENSMUSG00000093010	0
ENSMUSG00000093011	0
ENSMUSG00000093013	0
ENSMUSG00000093014	0
ENSMUSG00000093015	0
ENSMUSG00000093017	0
ENSMUSG00000093019	0
ENSMUSG00000093021	0
ENSMUSG00000093023	0
ENSMUSG00000093024	0
ENSMUSG00000093025	0
ENSMUSG00000093026	0
ENSMUSG00000093029	0
ENSMUSG00000093030	0
ENSMUSG00000093031	0
ENSMUSG00000093032	0
ENSMUSG00000093033	0
ENSMUSG00000093034	0
ENSMUSG00000093036	0
ENSMUSG00000093037	0
ENSMUSG00000093039	0
ENSMUSG00000093040	0
ENSMUSG00000093041	0
ENSMUSG00000093042	0
ENSMUSG00000093044	0
ENSMUSG00000093046	0
ENSMUSG00000093051	0
ENSMUSG00000093052	0
ENSMUSG00000093054	0
ENSMUSG00000093056	2
ENSMUSG00000093058	0
ENSMUSG00000093059	0
ENSMUSG00000093060	0
ENSMUSG00000093061	0
ENSMUSG00000093063	0
ENSMUSG00000093064	0
ENSMUSG00000093065	0
ENSMUSG00000093067	0
ENSMUSG00000093070	0
ENSMUSG00000093071	0
ENSMUSG00000093072	0
ENSMUSG00000093073	0
ENSMUSG00000093074	0
ENSMUSG00000093075	0
ENSMUSG00000093076	2
ENSMUSG00000093079	0
ENSMUSG00000093080	0
ENSMUSG00000093081	0
ENSMUSG00000093082	0
ENSMUSG00000093083	0
ENSMUSG00000093085	0
ENSMUSG00000093087	0
ENSMUSG00000093089	0
ENSMUSG00000093090	0
ENSMUSG00000093091	0
ENSMUSG00000093092	0
ENSMUSG00000093093	0
ENSMUSG00000093096	1
ENSMUSG00000093097	0
ENSMUSG00000093100	0
ENSMUSG00000093101	0
ENSMUSG00000093102	0
ENSMUSG00000093105	0
ENSMUSG00000093106	0
ENSMUSG00000093107	0
ENSMUSG00000093108	0
ENSMUSG00000093112	0
ENSMUSG00000093113	0
ENSMUSG00000093114	0
ENSMUSG00000093115	0
ENSMUSG00000093116	0
ENSMUSG00000093117	0
ENSMUSG00000093118	0
ENSMUSG00000093119	0
ENSMUSG00000093120	0
ENSMUSG00000093122	0
ENSMUSG00000093124	0
ENSMUSG00000093125	0
ENSMUSG00000093128	0
ENSMUSG00000093129	0
ENSMUSG00000093132	0
ENSMUSG00000093133	50
ENSMUSG00000093134	0
ENSMUSG00000093137	0
ENSMUSG00000093138	0
ENSMUSG00000093139	0
ENSMUSG00000093140	0
ENSMUSG00000093142	0
ENSMUSG00000093147	0
ENSMUSG00000093148	0
ENSMUSG00000093149	0
ENSMUSG00000093152	0
ENSMUSG00000093153	0
ENSMUSG00000093155	0
ENSMUSG00000093156	0
ENSMUSG00000093157	0
ENSMUSG00000093158	0
ENSMUSG00000093159	0
ENSMUSG00000093160	0
ENSMUSG00000093161	0
ENSMUSG00000093162	0
ENSMUSG00000093163	0
ENSMUSG00000093164	0
ENSMUSG00000093167	0
ENSMUSG00000093168	0
ENSMUSG00000093169	0
ENSMUSG00000093170	0
ENSMUSG00000093172	0
ENSMUSG00000093173	0
ENSMUSG00000093176	0
ENSMUSG00000093178	1
ENSMUSG00000093180	0
ENSMUSG00000093183	0
ENSMUSG00000093184	0
ENSMUSG00000093185	0
ENSMUSG00000093187	0
ENSMUSG00000093189	0
ENSMUSG00000093190	0
ENSMUSG00000093191	0
ENSMUSG00000093192	0
ENSMUSG00000093202	0
ENSMUSG00000093203	0
ENSMUSG00000093206	0
ENSMUSG00000093207	0
ENSMUSG00000093208	0
ENSMUSG00000093211	0
ENSMUSG00000093212	0
ENSMUSG00000093214	0
ENSMUSG00000093215	0
ENSMUSG00000093216	0
ENSMUSG00000093217	0
ENSMUSG00000093218	0
ENSMUSG00000093219	0
ENSMUSG00000093221	0
ENSMUSG00000093223	0
ENSMUSG00000093224	0
ENSMUSG00000093226	0
ENSMUSG00000093227	0
ENSMUSG00000093228	0
ENSMUSG00000093230	0
ENSMUSG00000093231	0
ENSMUSG00000093232	0
ENSMUSG00000093234	0
ENSMUSG00000093236	0
ENSMUSG00000093238	0
ENSMUSG00000093239	0
ENSMUSG00000093240	0
ENSMUSG00000093241	0
ENSMUSG00000093242	0
ENSMUSG00000093243	0
ENSMUSG00000093245	0
ENSMUSG00000093246	0
ENSMUSG00000093249	0
ENSMUSG00000093251	0
ENSMUSG00000093254	0
ENSMUSG00000093256	0
ENSMUSG00000093258	0
ENSMUSG00000093260	0
ENSMUSG00000093261	0
ENSMUSG00000093262	0
ENSMUSG00000093264	0
ENSMUSG00000093266	0
ENSMUSG00000093269	0
ENSMUSG00000093270	0
ENSMUSG00000093271	0
ENSMUSG00000093273	46
ENSMUSG00000093274	0
ENSMUSG00000093276	0
ENSMUSG00000093277	0
ENSMUSG00000093278	0
ENSMUSG00000093279	0
ENSMUSG00000093280	0
ENSMUSG00000093281	0
ENSMUSG00000093282	0
ENSMUSG00000093283	0
ENSMUSG00000093286	0
ENSMUSG00000093289	0
ENSMUSG00000093290	0
ENSMUSG00000093291	0
ENSMUSG00000093292	0
ENSMUSG00000093293	0
ENSMUSG00000093294	0
ENSMUSG00000093296	0
ENSMUSG00000093298	0
ENSMUSG00000093300	0
ENSMUSG00000093301	0
ENSMUSG00000093302	0
ENSMUSG00000093303	0
ENSMUSG00000093306	0
ENSMUSG00000093311	0
ENSMUSG00000093314	0
ENSMUSG00000093315	0
ENSMUSG00000093317	0
ENSMUSG00000093319	0
ENSMUSG00000093322	0
ENSMUSG00000093323	0
ENSMUSG00000093325	0
ENSMUSG00000093327	2
ENSMUSG00000093329	0
ENSMUSG00000093331	0
ENSMUSG00000093334	0
ENSMUSG00000093335	0
ENSMUSG00000093336	0
ENSMUSG00000093338	0
ENSMUSG00000093340	0
ENSMUSG00000093341	0
ENSMUSG00000093342	0
ENSMUSG00000093344	0
ENSMUSG00000093345	0
ENSMUSG00000093346	0
ENSMUSG00000093348	0
ENSMUSG00000093351	0
ENSMUSG00000093352	0
ENSMUSG00000093354	0
ENSMUSG00000093355	0
ENSMUSG00000093356	0
ENSMUSG00000093358	0
ENSMUSG00000093359	0
ENSMUSG00000093362	0
ENSMUSG00000093363	0
ENSMUSG00000093365	0
ENSMUSG00000093368	0
ENSMUSG00000093373	0
ENSMUSG00000093376	0
ENSMUSG00000093378	0
ENSMUSG00000093379	0
ENSMUSG00000093380	0
ENSMUSG00000093381	0
ENSMUSG00000093382	0
ENSMUSG00000093383	0
ENSMUSG00000093384	0
ENSMUSG00000093385	0
ENSMUSG00000093386	0
ENSMUSG00000093387	0
ENSMUSG00000093388	0
ENSMUSG00000093390	0
ENSMUSG00000093392	0
ENSMUSG00000093394	1
ENSMUSG00000093395	0
ENSMUSG00000093397	0
ENSMUSG00000093398	0
ENSMUSG00000093400	1
ENSMUSG00000093401	0
ENSMUSG00000093402	37
ENSMUSG00000093403	0
ENSMUSG00000093404	0
ENSMUSG00000093405	3
ENSMUSG00000093406	0
ENSMUSG00000093408	0
ENSMUSG00000093409	0
ENSMUSG00000093410	0
ENSMUSG00000093411	0
ENSMUSG00000093413	0
ENSMUSG00000093414	0
ENSMUSG00000093416	0
ENSMUSG00000093419	1
ENSMUSG00000093420	0
ENSMUSG00000093421	0
ENSMUSG00000093424	3
ENSMUSG00000093426	0
ENSMUSG00000093427	0
ENSMUSG00000093428	0
ENSMUSG00000093429	0
ENSMUSG00000093433	0
ENSMUSG00000093434	0
ENSMUSG00000093436	0
ENSMUSG00000093437	0
ENSMUSG00000093441	0
ENSMUSG00000093443	0
ENSMUSG00000093444	0
ENSMUSG00000093445	0
ENSMUSG00000093446	0
ENSMUSG00000093447	0
ENSMUSG00000093449	0
ENSMUSG00000093451	0
ENSMUSG00000093452	0
ENSMUSG00000093453	0
ENSMUSG00000093454	0
ENSMUSG00000093456	0
ENSMUSG00000093458	7
ENSMUSG00000093460	0
ENSMUSG00000093461	0
ENSMUSG00000093465	2
ENSMUSG00000093467	0
ENSMUSG00000093469	0
ENSMUSG00000093472	0
ENSMUSG00000093473	0
ENSMUSG00000093474	0
ENSMUSG00000093476	0
ENSMUSG00000093479	0
ENSMUSG00000093480	0
ENSMUSG00000093482	0
ENSMUSG00000093483	13
ENSMUSG00000093484	0
ENSMUSG00000093485	2
ENSMUSG00000093487	0
ENSMUSG00000093489	0
ENSMUSG00000093490	0
ENSMUSG00000093492	0
ENSMUSG00000093493	0
ENSMUSG00000093495	0
ENSMUSG00000093497	0
ENSMUSG00000093498	0
ENSMUSG00000093499	0
ENSMUSG00000093501	0
ENSMUSG00000093502	0
ENSMUSG00000093503	0
ENSMUSG00000093504	0
ENSMUSG00000093505	1
ENSMUSG00000093507	0
ENSMUSG00000093508	0
ENSMUSG00000093509	0
ENSMUSG00000093510	0
ENSMUSG00000093511	0
ENSMUSG00000093513	0
ENSMUSG00000093514	4
ENSMUSG00000093515	0
ENSMUSG00000093516	0
ENSMUSG00000093518	0
ENSMUSG00000093519	0
ENSMUSG00000093520	0
ENSMUSG00000093522	0
ENSMUSG00000093523	0
ENSMUSG00000093525	0
ENSMUSG00000093528	0
ENSMUSG00000093529	0
ENSMUSG00000093530	0
ENSMUSG00000093531	0
ENSMUSG00000093533	0
ENSMUSG00000093534	0
ENSMUSG00000093535	0
ENSMUSG00000093536	2
ENSMUSG00000093537	0
ENSMUSG00000093538	0
ENSMUSG00000093539	0
ENSMUSG00000093540	0
ENSMUSG00000093541	0
ENSMUSG00000093543	2
ENSMUSG00000093544	0
ENSMUSG00000093545	2
ENSMUSG00000093546	0
ENSMUSG00000093547	0
ENSMUSG00000093548	0
ENSMUSG00000093549	0
ENSMUSG00000093550	0
ENSMUSG00000093551	0
ENSMUSG00000093552	0
ENSMUSG00000093553	5
ENSMUSG00000093554	0
ENSMUSG00000093556	0
ENSMUSG00000093557	0
ENSMUSG00000093559	1
ENSMUSG00000093560	0
ENSMUSG00000093562	0
ENSMUSG00000093563	0
ENSMUSG00000093564	0
ENSMUSG00000093565	47
ENSMUSG00000093567	0
ENSMUSG00000093568	0
ENSMUSG00000093570	0
ENSMUSG00000093571	1
ENSMUSG00000093572	0
ENSMUSG00000093573	0
ENSMUSG00000093574	0
ENSMUSG00000093575	0
ENSMUSG00000093577	17
ENSMUSG00000093579	6
ENSMUSG00000093580	0
ENSMUSG00000093581	0
ENSMUSG00000093582	0
ENSMUSG00000093584	0
ENSMUSG00000093587	0
ENSMUSG00000093588	0
ENSMUSG00000093589	0
ENSMUSG00000093590	0
ENSMUSG00000093592	0
ENSMUSG00000093593	8
ENSMUSG00000093594	4
ENSMUSG00000093595	0
ENSMUSG00000093598	0
ENSMUSG00000093599	0
ENSMUSG00000093601	0
ENSMUSG00000093602	0
ENSMUSG00000093606	20
ENSMUSG00000093607	0
ENSMUSG00000093610	41
ENSMUSG00000093614	0
ENSMUSG00000093615	0
ENSMUSG00000093616	0
ENSMUSG00000093617	0
ENSMUSG00000093618	0
ENSMUSG00000093619	0
ENSMUSG00000093621	0
ENSMUSG00000093622	42
ENSMUSG00000093623	0
ENSMUSG00000093624	42
ENSMUSG00000093625	0
ENSMUSG00000093626	0
ENSMUSG00000093627	0
ENSMUSG00000093628	0
ENSMUSG00000093629	26
ENSMUSG00000093632	0
ENSMUSG00000093634	0
ENSMUSG00000093635	0
ENSMUSG00000093637	0
ENSMUSG00000093639	0
ENSMUSG00000093642	0
ENSMUSG00000093644	0
ENSMUSG00000093645	0
ENSMUSG00000093648	0
ENSMUSG00000093649	0
ENSMUSG00000093650	0
ENSMUSG00000093651	32
ENSMUSG00000093652	0
ENSMUSG00000093656	2
ENSMUSG00000093658	0
ENSMUSG00000093660	0
ENSMUSG00000093661	74
ENSMUSG00000093662	0
ENSMUSG00000093663	0
ENSMUSG00000093664	0
ENSMUSG00000093665	0
ENSMUSG00000093666	0
ENSMUSG00000093668	0
ENSMUSG00000093669	0
ENSMUSG00000093671	2
ENSMUSG00000093672	3
ENSMUSG00000093673	0
ENSMUSG00000093674	1187
ENSMUSG00000093675	0
ENSMUSG00000093677	23
ENSMUSG00000093679	0
ENSMUSG00000093681	0
ENSMUSG00000093682	0
ENSMUSG00000093683	0
ENSMUSG00000093684	0
ENSMUSG00000093685	0
ENSMUSG00000093686	0
ENSMUSG00000093687	1
ENSMUSG00000093688	0
ENSMUSG00000093689	0
ENSMUSG00000093690	0
ENSMUSG00000093692	0
ENSMUSG00000093695	0
ENSMUSG00000093696	0
ENSMUSG00000093697	0
ENSMUSG00000093699	0
ENSMUSG00000093701	0
ENSMUSG00000093702	0
ENSMUSG00000093703	0
ENSMUSG00000093705	0
ENSMUSG00000093707	0
ENSMUSG00000093708	0
ENSMUSG00000093710	0
ENSMUSG00000093711	0
ENSMUSG00000093714	0
ENSMUSG00000093716	0
ENSMUSG00000093719	0
ENSMUSG00000093720	6
ENSMUSG00000093721	0
ENSMUSG00000093722	0
ENSMUSG00000093724	0
ENSMUSG00000093725	0
ENSMUSG00000093726	6
ENSMUSG00000093727	0
ENSMUSG00000093728	0
ENSMUSG00000093729	0
ENSMUSG00000093730	0
ENSMUSG00000093731	0
ENSMUSG00000093732	0
ENSMUSG00000093734	21
ENSMUSG00000093736	0
ENSMUSG00000093738	0
ENSMUSG00000093739	0
ENSMUSG00000093740	0
ENSMUSG00000093741	0
ENSMUSG00000093743	0
ENSMUSG00000093744	0
ENSMUSG00000093745	0
ENSMUSG00000093746	0
ENSMUSG00000093747	0
ENSMUSG00000093748	5
ENSMUSG00000093749	0
ENSMUSG00000093751	0
ENSMUSG00000093752	0
ENSMUSG00000093753	0
ENSMUSG00000093755	0
ENSMUSG00000093756	0
ENSMUSG00000093757	0
ENSMUSG00000093758	0
ENSMUSG00000093759	2
ENSMUSG00000093761	0
ENSMUSG00000093762	0
ENSMUSG00000093763	0
ENSMUSG00000093764	0
ENSMUSG00000093765	0
ENSMUSG00000093766	0
ENSMUSG00000093767	0
ENSMUSG00000093768	0
ENSMUSG00000093769	0
ENSMUSG00000093770	0
ENSMUSG00000093771	0
ENSMUSG00000093772	0
ENSMUSG00000093773	0
ENSMUSG00000093774	0
ENSMUSG00000093775	0
ENSMUSG00000093776	0
ENSMUSG00000093779	0
ENSMUSG00000093780	0
ENSMUSG00000093781	0
ENSMUSG00000093782	0
ENSMUSG00000093784	2
ENSMUSG00000093785	0
ENSMUSG00000093788	0
ENSMUSG00000093789	0
ENSMUSG00000093791	0
ENSMUSG00000093793	0
ENSMUSG00000093796	0
ENSMUSG00000093798	0
ENSMUSG00000093800	3
ENSMUSG00000093801	0
ENSMUSG00000093802	0
ENSMUSG00000093803	12
ENSMUSG00000093804	0
ENSMUSG00000093805	0
ENSMUSG00000093806	0
ENSMUSG00000093807	0
ENSMUSG00000093812	0
ENSMUSG00000093813	0
ENSMUSG00000093814	0
ENSMUSG00000093815	0
ENSMUSG00000093816	0
ENSMUSG00000093817	0
ENSMUSG00000093818	0
ENSMUSG00000093820	0
ENSMUSG00000093822	0
ENSMUSG00000093823	0
ENSMUSG00000093824	0
ENSMUSG00000093825	0
ENSMUSG00000093826	0
ENSMUSG00000093827	0
ENSMUSG00000093828	0
ENSMUSG00000093829	0
ENSMUSG00000093830	0
ENSMUSG00000093831	0
ENSMUSG00000093833	0
ENSMUSG00000093834	0
ENSMUSG00000093835	0
ENSMUSG00000093838	0
ENSMUSG00000093839	0
ENSMUSG00000093843	0
ENSMUSG00000093846	0
ENSMUSG00000093847	0
ENSMUSG00000093848	0
ENSMUSG00000093849	0
ENSMUSG00000093851	0
ENSMUSG00000093852	0
ENSMUSG00000093853	0
ENSMUSG00000093854	0
ENSMUSG00000093856	0
ENSMUSG00000093857	0
ENSMUSG00000093858	2
ENSMUSG00000093859	0
ENSMUSG00000093860	0
ENSMUSG00000093861	4
ENSMUSG00000093862	3
ENSMUSG00000093863	0
ENSMUSG00000093864	0
ENSMUSG00000093865	0
ENSMUSG00000093866	0
ENSMUSG00000093867	0
ENSMUSG00000093868	0
ENSMUSG00000093869	0
ENSMUSG00000093870	0
ENSMUSG00000093871	0
ENSMUSG00000093873	0
ENSMUSG00000093874	0
ENSMUSG00000093875	0
ENSMUSG00000093876	0
ENSMUSG00000093877	0
ENSMUSG00000093878	0
ENSMUSG00000093879	0
ENSMUSG00000093880	0
ENSMUSG00000093883	0
ENSMUSG00000093884	0
ENSMUSG00000093885	0
ENSMUSG00000093886	0
ENSMUSG00000093887	0
ENSMUSG00000093889	0
ENSMUSG00000093890	0
ENSMUSG00000093891	0
ENSMUSG00000093892	0
ENSMUSG00000093893	0
ENSMUSG00000093894	1
ENSMUSG00000093895	0
ENSMUSG00000093896	0
ENSMUSG00000093897	0
ENSMUSG00000093898	0
ENSMUSG00000093899	0
ENSMUSG00000093900	0
ENSMUSG00000093901	0
ENSMUSG00000093902	0
ENSMUSG00000093903	0
ENSMUSG00000093904	381
ENSMUSG00000093905	0
ENSMUSG00000093906	0
ENSMUSG00000093907	0
ENSMUSG00000093908	0
ENSMUSG00000093909	0
ENSMUSG00000093910	3
ENSMUSG00000093912	0
ENSMUSG00000093913	0
ENSMUSG00000093914	0
ENSMUSG00000093915	0
ENSMUSG00000093916	66
ENSMUSG00000093917	0
ENSMUSG00000093918	0
ENSMUSG00000093919	0
ENSMUSG00000093920	0
ENSMUSG00000093921	0
ENSMUSG00000093922	0
ENSMUSG00000093923	0
ENSMUSG00000093924	0
ENSMUSG00000093926	0
ENSMUSG00000093927	0
ENSMUSG00000093928	0
ENSMUSG00000093929	0
ENSMUSG00000093930	20956
ENSMUSG00000093931	0
ENSMUSG00000093932	0
ENSMUSG00000093933	0
ENSMUSG00000093934	0
ENSMUSG00000093935	0
ENSMUSG00000093937	0
ENSMUSG00000093938	0
ENSMUSG00000093939	0
ENSMUSG00000093940	0
ENSMUSG00000093941	0
ENSMUSG00000093942	0
ENSMUSG00000093943	0
ENSMUSG00000093944	0
ENSMUSG00000093945	0
ENSMUSG00000093946	0
ENSMUSG00000093947	0
ENSMUSG00000093948	0
ENSMUSG00000093949	0
ENSMUSG00000093950	0
ENSMUSG00000093952	0
ENSMUSG00000093953	0
ENSMUSG00000093954	0
ENSMUSG00000093955	0
ENSMUSG00000093956	0
ENSMUSG00000093957	0
ENSMUSG00000093958	0
ENSMUSG00000093959	0
ENSMUSG00000093960	0
ENSMUSG00000093961	0
ENSMUSG00000093962	0
ENSMUSG00000093963	0
ENSMUSG00000093964	0
ENSMUSG00000093965	0
ENSMUSG00000093966	0
ENSMUSG00000093967	0
ENSMUSG00000093968	0
ENSMUSG00000093969	0
ENSMUSG00000093970	0
ENSMUSG00000093971	0
ENSMUSG00000093973	0
ENSMUSG00000093974	0
ENSMUSG00000093975	1
ENSMUSG00000093976	0
ENSMUSG00000093977	0
ENSMUSG00000093978	0
ENSMUSG00000093979	0
ENSMUSG00000093980	0
ENSMUSG00000093981	0
ENSMUSG00000093983	0
ENSMUSG00000093984	0
ENSMUSG00000093985	0
ENSMUSG00000093986	0
ENSMUSG00000093987	0
ENSMUSG00000093988	0
ENSMUSG00000093989	19
ENSMUSG00000093990	0
ENSMUSG00000093992	0
ENSMUSG00000093993	0
ENSMUSG00000093994	0
ENSMUSG00000093995	0
ENSMUSG00000093996	0
ENSMUSG00000093997	0
ENSMUSG00000093998	0
ENSMUSG00000093999	0
ENSMUSG00000094001	0
ENSMUSG00000094002	0
ENSMUSG00000094003	0
ENSMUSG00000094004	0
ENSMUSG00000094005	0
ENSMUSG00000094006	3
ENSMUSG00000094007	0
ENSMUSG00000094008	0
ENSMUSG00000094009	0
ENSMUSG00000094010	0
ENSMUSG00000094011	0
ENSMUSG00000094012	0
ENSMUSG00000094013	0
ENSMUSG00000094015	0
ENSMUSG00000094016	0
ENSMUSG00000094017	0
ENSMUSG00000094018	1
ENSMUSG00000094020	0
ENSMUSG00000094021	0
ENSMUSG00000094023	0
ENSMUSG00000094024	0
ENSMUSG00000094025	0
ENSMUSG00000094026	0
ENSMUSG00000094027	0
ENSMUSG00000094028	0
ENSMUSG00000094029	0
ENSMUSG00000094030	0
ENSMUSG00000094031	0
ENSMUSG00000094032	0
ENSMUSG00000094033	0
ENSMUSG00000094034	0
ENSMUSG00000094035	0
ENSMUSG00000094036	0
ENSMUSG00000094037	0
ENSMUSG00000094038	0
ENSMUSG00000094039	0
ENSMUSG00000094041	0
ENSMUSG00000094043	0
ENSMUSG00000094044	0
ENSMUSG00000094048	0
ENSMUSG00000094049	0
ENSMUSG00000094050	0
ENSMUSG00000094051	0
ENSMUSG00000094052	0
ENSMUSG00000094053	0
ENSMUSG00000094054	1
ENSMUSG00000094057	0
ENSMUSG00000094059	0
ENSMUSG00000094060	0
ENSMUSG00000094063	0
ENSMUSG00000094064	0
ENSMUSG00000094065	0
ENSMUSG00000094066	0
ENSMUSG00000094067	0
ENSMUSG00000094068	0
ENSMUSG00000094069	0
ENSMUSG00000094071	0
ENSMUSG00000094072	0
ENSMUSG00000094074	0
ENSMUSG00000094075	3
ENSMUSG00000094076	0
ENSMUSG00000094077	0
ENSMUSG00000094078	0
ENSMUSG00000094079	0
ENSMUSG00000094080	0
ENSMUSG00000094081	0
ENSMUSG00000094082	1
ENSMUSG00000094083	0
ENSMUSG00000094084	0
ENSMUSG00000094085	0
ENSMUSG00000094086	0
ENSMUSG00000094087	0
ENSMUSG00000094088	0
ENSMUSG00000094090	1
ENSMUSG00000094091	15
ENSMUSG00000094092	0
ENSMUSG00000094093	0
ENSMUSG00000094094	0
ENSMUSG00000094095	0
ENSMUSG00000094096	0
ENSMUSG00000094097	0
ENSMUSG00000094098	0
ENSMUSG00000094099	0
ENSMUSG00000094101	0
ENSMUSG00000094102	0
ENSMUSG00000094103	0
ENSMUSG00000094105	0
ENSMUSG00000094107	0
ENSMUSG00000094108	0
ENSMUSG00000094109	0
ENSMUSG00000094111	0
ENSMUSG00000094112	0
ENSMUSG00000094113	0
ENSMUSG00000094115	0
ENSMUSG00000094116	0
ENSMUSG00000094117	1
ENSMUSG00000094118	0
ENSMUSG00000094119	0
ENSMUSG00000094120	0
ENSMUSG00000094121	0
ENSMUSG00000094122	0
ENSMUSG00000094123	0
ENSMUSG00000094124	1
ENSMUSG00000094125	0
ENSMUSG00000094127	0
ENSMUSG00000094128	0
ENSMUSG00000094129	0
ENSMUSG00000094131	0
ENSMUSG00000094132	0
ENSMUSG00000094133	0
ENSMUSG00000094134	0
ENSMUSG00000094135	0
ENSMUSG00000094136	0
ENSMUSG00000094137	0
ENSMUSG00000094139	0
ENSMUSG00000094140	0
ENSMUSG00000094144	0
ENSMUSG00000094145	0
ENSMUSG00000094146	0
ENSMUSG00000094147	0
ENSMUSG00000094148	0
ENSMUSG00000094149	0
ENSMUSG00000094150	0
ENSMUSG00000094151	0
ENSMUSG00000094152	71
ENSMUSG00000094153	0
ENSMUSG00000094154	0
ENSMUSG00000094155	0
ENSMUSG00000094156	173
ENSMUSG00000094157	0
ENSMUSG00000094158	0
ENSMUSG00000094159	0
ENSMUSG00000094160	0
ENSMUSG00000094161	0
ENSMUSG00000094162	0
ENSMUSG00000094163	0
ENSMUSG00000094164	0
ENSMUSG00000094165	0
ENSMUSG00000094167	0
ENSMUSG00000094168	0
ENSMUSG00000094170	0
ENSMUSG00000094172	0
ENSMUSG00000094173	0
ENSMUSG00000094174	0
ENSMUSG00000094175	0
ENSMUSG00000094176	0
ENSMUSG00000094177	0
ENSMUSG00000094178	0
ENSMUSG00000094179	0
ENSMUSG00000094180	0
ENSMUSG00000094181	0
ENSMUSG00000094182	0
ENSMUSG00000094183	0
ENSMUSG00000094184	0
ENSMUSG00000094185	0
ENSMUSG00000094186	0
ENSMUSG00000094187	0
ENSMUSG00000094188	0
ENSMUSG00000094189	0
ENSMUSG00000094190	0
ENSMUSG00000094191	0
ENSMUSG00000094192	0
ENSMUSG00000094194	0
ENSMUSG00000094195	0
ENSMUSG00000094196	0
ENSMUSG00000094197	0
ENSMUSG00000094198	0
ENSMUSG00000094199	0
ENSMUSG00000094200	0
ENSMUSG00000094201	0
ENSMUSG00000094202	0
ENSMUSG00000094203	0
ENSMUSG00000094204	0
ENSMUSG00000094205	0
ENSMUSG00000094206	0
ENSMUSG00000094208	0
ENSMUSG00000094210	0
ENSMUSG00000094211	0
ENSMUSG00000094212	0
ENSMUSG00000094213	0
ENSMUSG00000094214	0
ENSMUSG00000094215	2
ENSMUSG00000094217	0
ENSMUSG00000094218	0
ENSMUSG00000094219	0
ENSMUSG00000094220	0
ENSMUSG00000094221	0
ENSMUSG00000094222	0
ENSMUSG00000094226	3
ENSMUSG00000094227	0
ENSMUSG00000094229	0
ENSMUSG00000094230	0
ENSMUSG00000094231	0
ENSMUSG00000094232	0
ENSMUSG00000094233	0
ENSMUSG00000094235	0
ENSMUSG00000094236	0
ENSMUSG00000094237	0
ENSMUSG00000094238	0
ENSMUSG00000094239	0
ENSMUSG00000094240	0
ENSMUSG00000094241	0
ENSMUSG00000094242	0
ENSMUSG00000094243	0
ENSMUSG00000094244	0
ENSMUSG00000094245	0
ENSMUSG00000094247	0
ENSMUSG00000094248	0
ENSMUSG00000094249	0
ENSMUSG00000094250	0
ENSMUSG00000094251	0
ENSMUSG00000094252	0
ENSMUSG00000094253	0
ENSMUSG00000094254	0
ENSMUSG00000094255	0
ENSMUSG00000094256	0
ENSMUSG00000094257	2
ENSMUSG00000094258	0
ENSMUSG00000094259	0
ENSMUSG00000094261	0
ENSMUSG00000094262	0
ENSMUSG00000094263	0
ENSMUSG00000094264	0
ENSMUSG00000094265	0
ENSMUSG00000094266	0
ENSMUSG00000094267	0
ENSMUSG00000094268	0
ENSMUSG00000094269	0
ENSMUSG00000094270	0
ENSMUSG00000094271	0
ENSMUSG00000094273	0
ENSMUSG00000094274	0
ENSMUSG00000094275	0
ENSMUSG00000094276	0
ENSMUSG00000094277	0
ENSMUSG00000094278	0
ENSMUSG00000094280	0
ENSMUSG00000094281	3
ENSMUSG00000094282	0
ENSMUSG00000094283	0
ENSMUSG00000094284	0
ENSMUSG00000094285	0
ENSMUSG00000094286	0
ENSMUSG00000094287	0
ENSMUSG00000094288	0
ENSMUSG00000094290	0
ENSMUSG00000094291	0
ENSMUSG00000094292	0
ENSMUSG00000094293	0
ENSMUSG00000094294	0
ENSMUSG00000094295	0
ENSMUSG00000094296	0
ENSMUSG00000094297	0
ENSMUSG00000094298	0
ENSMUSG00000094301	0
ENSMUSG00000094303	0
ENSMUSG00000094304	0
ENSMUSG00000094305	0
ENSMUSG00000094306	0
ENSMUSG00000094307	0
ENSMUSG00000094308	0
ENSMUSG00000094309	0
ENSMUSG00000094310	0
ENSMUSG00000094311	0
ENSMUSG00000094312	0
ENSMUSG00000094313	0
ENSMUSG00000094314	0
ENSMUSG00000094315	0
ENSMUSG00000094316	0
ENSMUSG00000094317	0
ENSMUSG00000094318	0
ENSMUSG00000094319	0
ENSMUSG00000094320	1
ENSMUSG00000094321	0
ENSMUSG00000094322	0
ENSMUSG00000094323	0
ENSMUSG00000094325	0
ENSMUSG00000094326	0
ENSMUSG00000094327	0
ENSMUSG00000094328	0
ENSMUSG00000094330	0
ENSMUSG00000094334	0
ENSMUSG00000094335	3
ENSMUSG00000094336	0
ENSMUSG00000094337	0
ENSMUSG00000094338	0
ENSMUSG00000094342	0
ENSMUSG00000094344	22
ENSMUSG00000094345	19
ENSMUSG00000094346	0
ENSMUSG00000094347	0
ENSMUSG00000094349	0
ENSMUSG00000094350	0
ENSMUSG00000094351	0
ENSMUSG00000094352	0
ENSMUSG00000094353	0
ENSMUSG00000094354	0
ENSMUSG00000094356	6
ENSMUSG00000094357	0
ENSMUSG00000094358	0
ENSMUSG00000094359	0
ENSMUSG00000094360	0
ENSMUSG00000094361	0
ENSMUSG00000094362	0
ENSMUSG00000094363	0
ENSMUSG00000094364	0
ENSMUSG00000094365	5
ENSMUSG00000094366	0
ENSMUSG00000094367	0
ENSMUSG00000094369	0
ENSMUSG00000094370	0
ENSMUSG00000094371	0
ENSMUSG00000094372	0
ENSMUSG00000094374	2
ENSMUSG00000094377	0
ENSMUSG00000094378	0
ENSMUSG00000094379	0
ENSMUSG00000094380	0
ENSMUSG00000094381	0
ENSMUSG00000094382	0
ENSMUSG00000094383	0
ENSMUSG00000094384	0
ENSMUSG00000094385	0
ENSMUSG00000094386	0
ENSMUSG00000094388	0
ENSMUSG00000094389	0
ENSMUSG00000094390	0
ENSMUSG00000094391	0
ENSMUSG00000094392	0
ENSMUSG00000094394	0
ENSMUSG00000094396	0
ENSMUSG00000094399	0
ENSMUSG00000094400	0
ENSMUSG00000094401	0
ENSMUSG00000094402	0
ENSMUSG00000094403	0
ENSMUSG00000094404	0
ENSMUSG00000094405	0
ENSMUSG00000094406	0
ENSMUSG00000094407	0
ENSMUSG00000094408	0
ENSMUSG00000094409	0
ENSMUSG00000094410	42
ENSMUSG00000094411	2
ENSMUSG00000094412	0
ENSMUSG00000094413	0
ENSMUSG00000094415	0
ENSMUSG00000094416	0
ENSMUSG00000094417	0
ENSMUSG00000094419	0
ENSMUSG00000094420	8
ENSMUSG00000094421	0
ENSMUSG00000094422	0
ENSMUSG00000094423	0
ENSMUSG00000094424	0
ENSMUSG00000094426	0
ENSMUSG00000094427	0
ENSMUSG00000094428	0
ENSMUSG00000094429	0
ENSMUSG00000094430	2
ENSMUSG00000094431	0
ENSMUSG00000094432	0
ENSMUSG00000094433	4
ENSMUSG00000094435	0
ENSMUSG00000094436	0
ENSMUSG00000094437	0
ENSMUSG00000094438	0
ENSMUSG00000094439	5
ENSMUSG00000094440	0
ENSMUSG00000094441	7
ENSMUSG00000094442	0
ENSMUSG00000094443	0
ENSMUSG00000094444	0
ENSMUSG00000094445	0
ENSMUSG00000094446	0
ENSMUSG00000094447	0
ENSMUSG00000094449	0
ENSMUSG00000094452	0
ENSMUSG00000094454	0
ENSMUSG00000094455	0
ENSMUSG00000094456	0
ENSMUSG00000094457	0
ENSMUSG00000094458	0
ENSMUSG00000094460	0
ENSMUSG00000094461	0
ENSMUSG00000094462	0
ENSMUSG00000094463	0
ENSMUSG00000094464	0
ENSMUSG00000094465	0
ENSMUSG00000094466	0
ENSMUSG00000094467	0
ENSMUSG00000094468	0
ENSMUSG00000094470	0
ENSMUSG00000094471	0
ENSMUSG00000094472	0
ENSMUSG00000094473	0
ENSMUSG00000094474	0
ENSMUSG00000094475	0
ENSMUSG00000094476	0
ENSMUSG00000094477	0
ENSMUSG00000094478	0
ENSMUSG00000094481	0
ENSMUSG00000094482	0
ENSMUSG00000094483	1000
ENSMUSG00000094484	0
ENSMUSG00000094485	0
ENSMUSG00000094486	0
ENSMUSG00000094487	0
ENSMUSG00000094488	0
ENSMUSG00000094489	0
ENSMUSG00000094491	0
ENSMUSG00000094493	0
ENSMUSG00000094494	0
ENSMUSG00000094496	0
ENSMUSG00000094497	0
ENSMUSG00000094498	0
ENSMUSG00000094499	0
ENSMUSG00000094500	1
ENSMUSG00000094501	0
ENSMUSG00000094502	0
ENSMUSG00000094504	0
ENSMUSG00000094505	0
ENSMUSG00000094506	0
ENSMUSG00000094507	0
ENSMUSG00000094508	0
ENSMUSG00000094509	0
ENSMUSG00000094510	0
ENSMUSG00000094511	0
ENSMUSG00000094513	0
ENSMUSG00000094514	0
ENSMUSG00000094515	0
ENSMUSG00000094516	0
ENSMUSG00000094520	0
ENSMUSG00000094521	0
ENSMUSG00000094522	0
ENSMUSG00000094523	0
ENSMUSG00000094524	0
ENSMUSG00000094525	0
ENSMUSG00000094526	0
ENSMUSG00000094527	0
ENSMUSG00000094528	0
ENSMUSG00000094529	0
ENSMUSG00000094530	2333
ENSMUSG00000094531	0
ENSMUSG00000094532	0
ENSMUSG00000094533	0
ENSMUSG00000094534	0
ENSMUSG00000094535	0
ENSMUSG00000094537	0
ENSMUSG00000094538	0
ENSMUSG00000094539	0
ENSMUSG00000094540	0
ENSMUSG00000094541	0
ENSMUSG00000094542	0
ENSMUSG00000094543	0
ENSMUSG00000094545	0
ENSMUSG00000094546	3
ENSMUSG00000094548	0
ENSMUSG00000094550	0
ENSMUSG00000094551	0
ENSMUSG00000094552	0
ENSMUSG00000094553	0
ENSMUSG00000094554	0
ENSMUSG00000094555	0
ENSMUSG00000094556	0
ENSMUSG00000094557	0
ENSMUSG00000094558	0
ENSMUSG00000094559	1
ENSMUSG00000094560	0
ENSMUSG00000094561	2
ENSMUSG00000094562	0
ENSMUSG00000094563	0
ENSMUSG00000094564	0
ENSMUSG00000094565	0
ENSMUSG00000094566	0
ENSMUSG00000094567	0
ENSMUSG00000094568	7
ENSMUSG00000094569	0
ENSMUSG00000094570	0
ENSMUSG00000094571	0
ENSMUSG00000094572	0
ENSMUSG00000094573	0
ENSMUSG00000094574	0
ENSMUSG00000094575	0
ENSMUSG00000094576	0
ENSMUSG00000094577	0
ENSMUSG00000094578	0
ENSMUSG00000094579	0
ENSMUSG00000094581	0
ENSMUSG00000094582	0
ENSMUSG00000094584	0
ENSMUSG00000094585	0
ENSMUSG00000094586	0
ENSMUSG00000094587	0
ENSMUSG00000094588	0
ENSMUSG00000094589	0
ENSMUSG00000094590	0
ENSMUSG00000094592	0
ENSMUSG00000094593	0
ENSMUSG00000094594	16
ENSMUSG00000094595	2
ENSMUSG00000094596	0
ENSMUSG00000094597	1
ENSMUSG00000094598	0
ENSMUSG00000094599	0
ENSMUSG00000094600	0
ENSMUSG00000094601	0
ENSMUSG00000094602	0
ENSMUSG00000094603	0
ENSMUSG00000094604	0
ENSMUSG00000094605	0
ENSMUSG00000094606	0
ENSMUSG00000094607	0
ENSMUSG00000094608	0
ENSMUSG00000094609	0
ENSMUSG00000094610	0
ENSMUSG00000094612	0
ENSMUSG00000094613	0
ENSMUSG00000094615	1
ENSMUSG00000094616	0
ENSMUSG00000094618	0
ENSMUSG00000094619	0
ENSMUSG00000094620	0
ENSMUSG00000094621	0
ENSMUSG00000094622	0
ENSMUSG00000094623	0
ENSMUSG00000094624	0
ENSMUSG00000094625	0
ENSMUSG00000094626	1
ENSMUSG00000094627	0
ENSMUSG00000094628	0
ENSMUSG00000094630	0
ENSMUSG00000094631	0
ENSMUSG00000094632	0
ENSMUSG00000094634	0
ENSMUSG00000094635	11
ENSMUSG00000094636	0
ENSMUSG00000094637	0
ENSMUSG00000094638	4
ENSMUSG00000094639	0
ENSMUSG00000094641	0
ENSMUSG00000094642	0
ENSMUSG00000094643	0
ENSMUSG00000094647	0
ENSMUSG00000094648	0
ENSMUSG00000094649	1
ENSMUSG00000094650	0
ENSMUSG00000094651	1
ENSMUSG00000094652	0
ENSMUSG00000094654	0
ENSMUSG00000094655	0
ENSMUSG00000094656	0
ENSMUSG00000094657	0
ENSMUSG00000094658	0
ENSMUSG00000094659	0
ENSMUSG00000094660	0
ENSMUSG00000094661	0
ENSMUSG00000094662	0
ENSMUSG00000094663	0
ENSMUSG00000094664	0
ENSMUSG00000094665	0
ENSMUSG00000094667	0
ENSMUSG00000094668	0
ENSMUSG00000094669	0
ENSMUSG00000094670	0
ENSMUSG00000094672	0
ENSMUSG00000094673	0
ENSMUSG00000094675	0
ENSMUSG00000094676	0
ENSMUSG00000094677	0
ENSMUSG00000094678	0
ENSMUSG00000094679	0
ENSMUSG00000094680	0
ENSMUSG00000094681	0
ENSMUSG00000094682	0
ENSMUSG00000094683	6
ENSMUSG00000094684	0
ENSMUSG00000094685	5
ENSMUSG00000094686	0
ENSMUSG00000094687	0
ENSMUSG00000094688	0
ENSMUSG00000094689	0
ENSMUSG00000094690	0
ENSMUSG00000094691	0
ENSMUSG00000094692	0
ENSMUSG00000094693	0
ENSMUSG00000094694	0
ENSMUSG00000094695	0
ENSMUSG00000094696	0
ENSMUSG00000094698	0
ENSMUSG00000094699	0
ENSMUSG00000094700	0
ENSMUSG00000094701	0
ENSMUSG00000094702	0
ENSMUSG00000094703	0
ENSMUSG00000094704	0
ENSMUSG00000094706	0
ENSMUSG00000094707	3
ENSMUSG00000094708	0
ENSMUSG00000094709	0
ENSMUSG00000094710	0
ENSMUSG00000094712	0
ENSMUSG00000094713	0
ENSMUSG00000094714	0
ENSMUSG00000094715	0
ENSMUSG00000094717	0
ENSMUSG00000094718	0
ENSMUSG00000094719	0
ENSMUSG00000094720	0
ENSMUSG00000094721	0
ENSMUSG00000094722	0
ENSMUSG00000094723	0
ENSMUSG00000094724	2
ENSMUSG00000094725	0
ENSMUSG00000094726	0
ENSMUSG00000094727	0
ENSMUSG00000094728	0
ENSMUSG00000094729	0
ENSMUSG00000094730	0
ENSMUSG00000094732	0
ENSMUSG00000094733	0
ENSMUSG00000094734	0
ENSMUSG00000094735	0
ENSMUSG00000094736	0
ENSMUSG00000094737	0
ENSMUSG00000094738	0
ENSMUSG00000094739	0
ENSMUSG00000094741	0
ENSMUSG00000094743	6
ENSMUSG00000094745	0
ENSMUSG00000094746	0
ENSMUSG00000094747	0
ENSMUSG00000094748	0
ENSMUSG00000094750	0
ENSMUSG00000094751	0
ENSMUSG00000094752	0
ENSMUSG00000094753	0
ENSMUSG00000094754	0
ENSMUSG00000094755	0
ENSMUSG00000094757	0
ENSMUSG00000094758	0
ENSMUSG00000094759	0
ENSMUSG00000094760	0
ENSMUSG00000094762	0
ENSMUSG00000094763	0
ENSMUSG00000094764	0
ENSMUSG00000094765	0
ENSMUSG00000094766	0
ENSMUSG00000094767	0
ENSMUSG00000094768	0
ENSMUSG00000094771	0
ENSMUSG00000094772	0
ENSMUSG00000094773	0
ENSMUSG00000094775	0
ENSMUSG00000094777	0
ENSMUSG00000094778	0
ENSMUSG00000094779	0
ENSMUSG00000094780	0
ENSMUSG00000094782	0
ENSMUSG00000094784	0
ENSMUSG00000094785	0
ENSMUSG00000094786	90
ENSMUSG00000094787	0
ENSMUSG00000094789	0
ENSMUSG00000094790	0
ENSMUSG00000094791	0
ENSMUSG00000094792	0
ENSMUSG00000094793	2485
ENSMUSG00000094794	0
ENSMUSG00000094796	5
ENSMUSG00000094797	9
ENSMUSG00000094798	0
ENSMUSG00000094799	0
ENSMUSG00000094800	0
ENSMUSG00000094801	0
ENSMUSG00000094802	0
ENSMUSG00000094803	0
ENSMUSG00000094804	0
ENSMUSG00000094805	0
ENSMUSG00000094806	13509
ENSMUSG00000094807	0
ENSMUSG00000094808	0
ENSMUSG00000094810	0
ENSMUSG00000094811	0
ENSMUSG00000094812	0
ENSMUSG00000094813	0
ENSMUSG00000094814	1
ENSMUSG00000094815	0
ENSMUSG00000094817	0
ENSMUSG00000094818	0
ENSMUSG00000094819	0
ENSMUSG00000094820	0
ENSMUSG00000094821	0
ENSMUSG00000094822	0
ENSMUSG00000094823	0
ENSMUSG00000094824	0
ENSMUSG00000094825	0
ENSMUSG00000094826	0
ENSMUSG00000094827	0
ENSMUSG00000094828	0
ENSMUSG00000094829	0
ENSMUSG00000094830	0
ENSMUSG00000094831	0
ENSMUSG00000094832	0
ENSMUSG00000094833	0
ENSMUSG00000094834	0
ENSMUSG00000094836	0
ENSMUSG00000094837	0
ENSMUSG00000094838	0
ENSMUSG00000094840	1
ENSMUSG00000094841	0
ENSMUSG00000094842	0
ENSMUSG00000094843	0
ENSMUSG00000094845	0
ENSMUSG00000094846	0
ENSMUSG00000094847	0
ENSMUSG00000094848	0
ENSMUSG00000094849	0
ENSMUSG00000094850	0
ENSMUSG00000094852	0
ENSMUSG00000094854	0
ENSMUSG00000094855	0
ENSMUSG00000094856	0
ENSMUSG00000094858	0
ENSMUSG00000094860	0
ENSMUSG00000094861	0
ENSMUSG00000094862	17
ENSMUSG00000094864	0
ENSMUSG00000094865	0
ENSMUSG00000094866	0
ENSMUSG00000094867	0
ENSMUSG00000094868	0
ENSMUSG00000094869	0
ENSMUSG00000094870	488
ENSMUSG00000094872	0
ENSMUSG00000094873	0
ENSMUSG00000094874	0
ENSMUSG00000094875	0
ENSMUSG00000094876	0
ENSMUSG00000094877	0
ENSMUSG00000094878	0
ENSMUSG00000094879	0
ENSMUSG00000094880	0
ENSMUSG00000094881	0
ENSMUSG00000094883	0
ENSMUSG00000094884	0
ENSMUSG00000094885	0
ENSMUSG00000094886	2
ENSMUSG00000094887	0
ENSMUSG00000094888	0
ENSMUSG00000094889	0
ENSMUSG00000094890	0
ENSMUSG00000094891	0
ENSMUSG00000094892	0
ENSMUSG00000094893	0
ENSMUSG00000094894	0
ENSMUSG00000094895	0
ENSMUSG00000094896	0
ENSMUSG00000094897	0
ENSMUSG00000094898	0
ENSMUSG00000094901	0
ENSMUSG00000094902	0
ENSMUSG00000094903	0
ENSMUSG00000094904	0
ENSMUSG00000094905	0
ENSMUSG00000094906	0
ENSMUSG00000094910	41
ENSMUSG00000094911	0
ENSMUSG00000094912	0
ENSMUSG00000094913	0
ENSMUSG00000094914	0
ENSMUSG00000094915	0
ENSMUSG00000094916	0
ENSMUSG00000094917	0
ENSMUSG00000094918	0
ENSMUSG00000094919	0
ENSMUSG00000094920	0
ENSMUSG00000094921	0
ENSMUSG00000094922	0
ENSMUSG00000094923	0
ENSMUSG00000094925	0
ENSMUSG00000094926	0
ENSMUSG00000094927	0
ENSMUSG00000094928	0
ENSMUSG00000094929	0
ENSMUSG00000094930	0
ENSMUSG00000094931	0
ENSMUSG00000094932	0
ENSMUSG00000094933	0
ENSMUSG00000094934	0
ENSMUSG00000094935	4
ENSMUSG00000094936	26
ENSMUSG00000094937	0
ENSMUSG00000094938	0
ENSMUSG00000094939	0
ENSMUSG00000094940	2
ENSMUSG00000094941	0
ENSMUSG00000094942	2
ENSMUSG00000094943	0
ENSMUSG00000094945	0
ENSMUSG00000094946	0
ENSMUSG00000094948	1
ENSMUSG00000094950	0
ENSMUSG00000094951	0
ENSMUSG00000094952	0
ENSMUSG00000094954	0
ENSMUSG00000094955	0
ENSMUSG00000094956	0
ENSMUSG00000094957	0
ENSMUSG00000094958	2
ENSMUSG00000094959	0
ENSMUSG00000094960	0
ENSMUSG00000094962	0
ENSMUSG00000094963	0
ENSMUSG00000094964	0
ENSMUSG00000094965	0
ENSMUSG00000094966	0
ENSMUSG00000094967	0
ENSMUSG00000094968	0
ENSMUSG00000094969	0
ENSMUSG00000094970	0
ENSMUSG00000094971	0
ENSMUSG00000094972	0
ENSMUSG00000094973	0
ENSMUSG00000094974	0
ENSMUSG00000094975	0
ENSMUSG00000094976	0
ENSMUSG00000094977	0
ENSMUSG00000094978	0
ENSMUSG00000094979	0
ENSMUSG00000094980	0
ENSMUSG00000094981	0
ENSMUSG00000094982	0
ENSMUSG00000094983	0
ENSMUSG00000094985	1
ENSMUSG00000094986	0
ENSMUSG00000094987	0
ENSMUSG00000094989	1
ENSMUSG00000094991	0
ENSMUSG00000094992	0
ENSMUSG00000094993	0
ENSMUSG00000094994	0
ENSMUSG00000094995	0
ENSMUSG00000094997	0
ENSMUSG00000094998	0
ENSMUSG00000094999	0
ENSMUSG00000095000	0
ENSMUSG00000095002	0
ENSMUSG00000095003	0
ENSMUSG00000095005	0
ENSMUSG00000095006	0
ENSMUSG00000095007	3
ENSMUSG00000095008	0
ENSMUSG00000095009	0
ENSMUSG00000095010	0
ENSMUSG00000095011	0
ENSMUSG00000095015	0
ENSMUSG00000095016	0
ENSMUSG00000095017	0
ENSMUSG00000095019	0
ENSMUSG00000095020	0
ENSMUSG00000095021	0
ENSMUSG00000095022	0
ENSMUSG00000095023	0
ENSMUSG00000095024	0
ENSMUSG00000095025	0
ENSMUSG00000095026	3
ENSMUSG00000095027	0
ENSMUSG00000095028	8
ENSMUSG00000095029	0
ENSMUSG00000095030	0
ENSMUSG00000095031	0
ENSMUSG00000095032	0
ENSMUSG00000095033	0
ENSMUSG00000095034	0
ENSMUSG00000095035	0
ENSMUSG00000095037	0
ENSMUSG00000095040	1
ENSMUSG00000095041	4215
ENSMUSG00000095042	0
ENSMUSG00000095044	0
ENSMUSG00000095045	0
ENSMUSG00000095047	0
ENSMUSG00000095048	0
ENSMUSG00000095049	0
ENSMUSG00000095051	0
ENSMUSG00000095052	0
ENSMUSG00000095053	0
ENSMUSG00000095054	0
ENSMUSG00000095056	0
ENSMUSG00000095057	0
ENSMUSG00000095059	0
ENSMUSG00000095060	0
ENSMUSG00000095061	11
ENSMUSG00000095063	0
ENSMUSG00000095064	0
ENSMUSG00000095065	0
ENSMUSG00000095066	0
ENSMUSG00000095068	0
ENSMUSG00000095069	0
ENSMUSG00000095070	0
ENSMUSG00000095071	0
ENSMUSG00000095072	0
ENSMUSG00000095073	0
ENSMUSG00000095074	0
ENSMUSG00000095075	0
ENSMUSG00000095076	0
ENSMUSG00000095078	0
ENSMUSG00000095079	422
ENSMUSG00000095081	0
ENSMUSG00000095082	0
ENSMUSG00000095085	0
ENSMUSG00000095086	0
ENSMUSG00000095087	0
ENSMUSG00000095088	0
ENSMUSG00000095089	0
ENSMUSG00000095091	0
ENSMUSG00000095092	0
ENSMUSG00000095093	0
ENSMUSG00000095094	0
ENSMUSG00000095095	0
ENSMUSG00000095096	0
ENSMUSG00000095097	0
ENSMUSG00000095098	96
ENSMUSG00000095100	0
ENSMUSG00000095101	0
ENSMUSG00000095102	0
ENSMUSG00000095103	0
ENSMUSG00000095104	0
ENSMUSG00000095105	6
ENSMUSG00000095107	0
ENSMUSG00000095108	0
ENSMUSG00000095110	0
ENSMUSG00000095111	0
ENSMUSG00000095112	0
ENSMUSG00000095113	0
ENSMUSG00000095115	206
ENSMUSG00000095116	0
ENSMUSG00000095117	0
ENSMUSG00000095118	1
ENSMUSG00000095119	0
ENSMUSG00000095121	0
ENSMUSG00000095122	0
ENSMUSG00000095123	94
ENSMUSG00000095125	0
ENSMUSG00000095126	0
ENSMUSG00000095127	0
ENSMUSG00000095128	0
ENSMUSG00000095129	0
ENSMUSG00000095130	1
ENSMUSG00000095131	0
ENSMUSG00000095132	0
ENSMUSG00000095133	0
ENSMUSG00000095134	0
ENSMUSG00000095135	0
ENSMUSG00000095136	0
ENSMUSG00000095137	0
ENSMUSG00000095138	0
ENSMUSG00000095139	0
ENSMUSG00000095140	0
ENSMUSG00000095141	0
ENSMUSG00000095142	0
ENSMUSG00000095143	0
ENSMUSG00000095146	0
ENSMUSG00000095147	0
ENSMUSG00000095148	0
ENSMUSG00000095149	0
ENSMUSG00000095150	0
ENSMUSG00000095151	0
ENSMUSG00000095152	0
ENSMUSG00000095153	0
ENSMUSG00000095154	0
ENSMUSG00000095155	0
ENSMUSG00000095156	0
ENSMUSG00000095159	6
ENSMUSG00000095160	0
ENSMUSG00000095163	0
ENSMUSG00000095165	0
ENSMUSG00000095168	0
ENSMUSG00000095169	0
ENSMUSG00000095170	0
ENSMUSG00000095171	0
ENSMUSG00000095172	0
ENSMUSG00000095174	0
ENSMUSG00000095175	0
ENSMUSG00000095176	0
ENSMUSG00000095178	0
ENSMUSG00000095179	0
ENSMUSG00000095180	13
ENSMUSG00000095182	0
ENSMUSG00000095183	0
ENSMUSG00000095184	0
ENSMUSG00000095185	0
ENSMUSG00000095186	0
ENSMUSG00000095187	0
ENSMUSG00000095188	0
ENSMUSG00000095189	0
ENSMUSG00000095190	0
ENSMUSG00000095191	0
ENSMUSG00000095192	0
ENSMUSG00000095193	20
ENSMUSG00000095194	0
ENSMUSG00000095195	0
ENSMUSG00000095196	0
ENSMUSG00000095197	0
ENSMUSG00000095198	0
ENSMUSG00000095199	0
ENSMUSG00000095200	0
ENSMUSG00000095201	0
ENSMUSG00000095202	0
ENSMUSG00000095203	0
ENSMUSG00000095204	0
ENSMUSG00000095205	0
ENSMUSG00000095207	0
ENSMUSG00000095209	0
ENSMUSG00000095210	0
ENSMUSG00000095212	0
ENSMUSG00000095213	0
ENSMUSG00000095214	0
ENSMUSG00000095217	0
ENSMUSG00000095218	0
ENSMUSG00000095220	0
ENSMUSG00000095221	0
ENSMUSG00000095222	0
ENSMUSG00000095224	0
ENSMUSG00000095226	0
ENSMUSG00000095228	0
ENSMUSG00000095229	0
ENSMUSG00000095231	0
ENSMUSG00000095232	0
ENSMUSG00000095233	0
ENSMUSG00000095234	0
ENSMUSG00000095236	0
ENSMUSG00000095238	23
ENSMUSG00000095239	0
ENSMUSG00000095240	0
ENSMUSG00000095241	0
ENSMUSG00000095242	0
ENSMUSG00000095243	0
ENSMUSG00000095245	0
ENSMUSG00000095246	0
ENSMUSG00000095247	0
ENSMUSG00000095248	0
ENSMUSG00000095249	0
ENSMUSG00000095250	0
ENSMUSG00000095251	0
ENSMUSG00000095253	162
ENSMUSG00000095255	0
ENSMUSG00000095256	0
ENSMUSG00000095257	0
ENSMUSG00000095258	0
ENSMUSG00000095259	0
ENSMUSG00000095260	0
ENSMUSG00000095261	0
ENSMUSG00000095262	0
ENSMUSG00000095263	0
ENSMUSG00000095266	0
ENSMUSG00000095267	0
ENSMUSG00000095269	0
ENSMUSG00000095270	0
ENSMUSG00000095272	0
ENSMUSG00000095273	0
ENSMUSG00000095274	0
ENSMUSG00000095275	0
ENSMUSG00000095276	0
ENSMUSG00000095277	0
ENSMUSG00000095278	0
ENSMUSG00000095279	0
ENSMUSG00000095280	0
ENSMUSG00000095281	0
ENSMUSG00000095282	0
ENSMUSG00000095283	0
ENSMUSG00000095284	0
ENSMUSG00000095285	0
ENSMUSG00000095286	0
ENSMUSG00000095287	0
ENSMUSG00000095288	0
ENSMUSG00000095289	0
ENSMUSG00000095290	0
ENSMUSG00000095291	0
ENSMUSG00000095292	0
ENSMUSG00000095293	0
ENSMUSG00000095294	0
ENSMUSG00000095295	0
ENSMUSG00000095296	0
ENSMUSG00000095297	0
ENSMUSG00000095298	2
ENSMUSG00000095299	0
ENSMUSG00000095300	0
ENSMUSG00000095301	0
ENSMUSG00000095302	0
ENSMUSG00000095304	0
ENSMUSG00000095305	0
ENSMUSG00000095307	0
ENSMUSG00000095309	0
ENSMUSG00000095310	0
ENSMUSG00000095311	0
ENSMUSG00000095312	0
ENSMUSG00000095314	0
ENSMUSG00000095315	2
ENSMUSG00000095316	0
ENSMUSG00000095318	0
ENSMUSG00000095319	0
ENSMUSG00000095320	0
ENSMUSG00000095321	0
ENSMUSG00000095322	0
ENSMUSG00000095323	0
ENSMUSG00000095324	0
ENSMUSG00000095325	157
ENSMUSG00000095327	0
ENSMUSG00000095328	0
ENSMUSG00000095330	0
ENSMUSG00000095331	0
ENSMUSG00000095332	0
ENSMUSG00000095333	0
ENSMUSG00000095334	6
ENSMUSG00000095335	8
ENSMUSG00000095336	0
ENSMUSG00000095338	0
ENSMUSG00000095339	0
ENSMUSG00000095340	0
ENSMUSG00000095341	0
ENSMUSG00000095342	0
ENSMUSG00000095344	0
ENSMUSG00000095345	0
ENSMUSG00000095346	0
ENSMUSG00000095347	0
ENSMUSG00000095348	0
ENSMUSG00000095349	0
ENSMUSG00000095350	0
ENSMUSG00000095351	7
ENSMUSG00000095353	0
ENSMUSG00000095356	0
ENSMUSG00000095357	0
ENSMUSG00000095358	0
ENSMUSG00000095360	0
ENSMUSG00000095361	0
ENSMUSG00000095362	2
ENSMUSG00000095363	0
ENSMUSG00000095365	0
ENSMUSG00000095366	0
ENSMUSG00000095368	0
ENSMUSG00000095369	0
ENSMUSG00000095370	0
ENSMUSG00000095371	0
ENSMUSG00000095372	0
ENSMUSG00000095374	0
ENSMUSG00000095376	0
ENSMUSG00000095377	0
ENSMUSG00000095379	0
ENSMUSG00000095380	0
ENSMUSG00000095382	0
ENSMUSG00000095383	0
ENSMUSG00000095384	0
ENSMUSG00000095385	37
ENSMUSG00000095386	0
ENSMUSG00000095387	0
ENSMUSG00000095388	0
ENSMUSG00000095389	0
ENSMUSG00000095390	0
ENSMUSG00000095392	0
ENSMUSG00000095393	0
ENSMUSG00000095394	0
ENSMUSG00000095395	0
ENSMUSG00000095396	0
ENSMUSG00000095398	0
ENSMUSG00000095399	0
ENSMUSG00000095401	0
ENSMUSG00000095402	0
ENSMUSG00000095403	0
ENSMUSG00000095407	0
ENSMUSG00000095408	0
ENSMUSG00000095409	0
ENSMUSG00000095410	0
ENSMUSG00000095411	0
ENSMUSG00000095412	0
ENSMUSG00000095413	0
ENSMUSG00000095414	0
ENSMUSG00000095416	0
ENSMUSG00000095418	0
ENSMUSG00000095419	4
ENSMUSG00000095420	0
ENSMUSG00000095422	0
ENSMUSG00000095423	0
ENSMUSG00000095424	0
ENSMUSG00000095425	0
ENSMUSG00000095426	0
ENSMUSG00000095427	0
ENSMUSG00000095428	0
ENSMUSG00000095429	0
ENSMUSG00000095430	0
ENSMUSG00000095431	0
ENSMUSG00000095432	111
ENSMUSG00000095433	0
ENSMUSG00000095434	0
ENSMUSG00000095435	0
ENSMUSG00000095436	0
ENSMUSG00000095437	0
ENSMUSG00000095438	0
ENSMUSG00000095440	331
ENSMUSG00000095442	0
ENSMUSG00000095444	0
ENSMUSG00000095445	0
ENSMUSG00000095446	0
ENSMUSG00000095447	0
ENSMUSG00000095448	0
ENSMUSG00000095449	0
ENSMUSG00000095450	0
ENSMUSG00000095452	0
ENSMUSG00000095453	0
ENSMUSG00000095455	0
ENSMUSG00000095456	0
ENSMUSG00000095457	0
ENSMUSG00000095458	0
ENSMUSG00000095460	0
ENSMUSG00000095462	0
ENSMUSG00000095463	0
ENSMUSG00000095464	0
ENSMUSG00000095465	0
ENSMUSG00000095466	0
ENSMUSG00000095467	0
ENSMUSG00000095469	0
ENSMUSG00000095470	0
ENSMUSG00000095472	0
ENSMUSG00000095474	0
ENSMUSG00000095475	0
ENSMUSG00000095476	0
ENSMUSG00000095477	0
ENSMUSG00000095478	12
ENSMUSG00000095479	0
ENSMUSG00000095482	0
ENSMUSG00000095483	0
ENSMUSG00000095484	0
ENSMUSG00000095486	0
ENSMUSG00000095487	0
ENSMUSG00000095489	0
ENSMUSG00000095490	0
ENSMUSG00000095491	0
ENSMUSG00000095492	0
ENSMUSG00000095493	0
ENSMUSG00000095494	0
ENSMUSG00000095495	0
ENSMUSG00000095497	0
ENSMUSG00000095498	0
ENSMUSG00000095499	0
ENSMUSG00000095500	0
ENSMUSG00000095501	0
ENSMUSG00000095502	0
ENSMUSG00000095503	0
ENSMUSG00000095504	0
ENSMUSG00000095505	0
ENSMUSG00000095506	0
ENSMUSG00000095507	0
ENSMUSG00000095508	0
ENSMUSG00000095509	0
ENSMUSG00000095510	0
ENSMUSG00000095511	0
ENSMUSG00000095512	1
ENSMUSG00000095513	0
ENSMUSG00000095514	0
ENSMUSG00000095516	0
ENSMUSG00000095517	0
ENSMUSG00000095518	0
ENSMUSG00000095519	1
ENSMUSG00000095520	0
ENSMUSG00000095521	0
ENSMUSG00000095522	0
ENSMUSG00000095523	0
ENSMUSG00000095524	0
ENSMUSG00000095525	0
ENSMUSG00000095526	2
ENSMUSG00000095527	0
ENSMUSG00000095528	0
ENSMUSG00000095529	0
ENSMUSG00000095530	0
ENSMUSG00000095531	0
ENSMUSG00000095532	8
ENSMUSG00000095533	0
ENSMUSG00000095534	0
ENSMUSG00000095536	0
ENSMUSG00000095537	0
ENSMUSG00000095538	48
ENSMUSG00000095539	0
ENSMUSG00000095540	0
ENSMUSG00000095541	0
ENSMUSG00000095542	0
ENSMUSG00000095543	0
ENSMUSG00000095544	0
ENSMUSG00000095545	0
ENSMUSG00000095546	0
ENSMUSG00000095547	0
ENSMUSG00000095549	0
ENSMUSG00000095550	0
ENSMUSG00000095551	0
ENSMUSG00000095552	0
ENSMUSG00000095553	0
ENSMUSG00000095554	0
ENSMUSG00000095555	0
ENSMUSG00000095557	0
ENSMUSG00000095558	0
ENSMUSG00000095560	0
ENSMUSG00000095561	0
ENSMUSG00000095562	0
ENSMUSG00000095563	0
ENSMUSG00000095564	0
ENSMUSG00000095565	3
ENSMUSG00000095567	1121
ENSMUSG00000095569	0
ENSMUSG00000095570	0
ENSMUSG00000095571	9
ENSMUSG00000095572	0
ENSMUSG00000095573	0
ENSMUSG00000095574	0
ENSMUSG00000095576	0
ENSMUSG00000095577	0
ENSMUSG00000095578	0
ENSMUSG00000095580	0
ENSMUSG00000095581	0
ENSMUSG00000095583	0
ENSMUSG00000095584	0
ENSMUSG00000095585	0
ENSMUSG00000095586	0
ENSMUSG00000095587	0
ENSMUSG00000095588	0
ENSMUSG00000095589	1
ENSMUSG00000095590	0
ENSMUSG00000095591	0
ENSMUSG00000095592	0
ENSMUSG00000095593	0
ENSMUSG00000095594	0
ENSMUSG00000095595	0
ENSMUSG00000095596	0
ENSMUSG00000095597	4
ENSMUSG00000095599	0
ENSMUSG00000095600	3
ENSMUSG00000095601	0
ENSMUSG00000095602	0
ENSMUSG00000095603	0
ENSMUSG00000095604	0
ENSMUSG00000095605	0
ENSMUSG00000095606	0
ENSMUSG00000095607	0
ENSMUSG00000095608	0
ENSMUSG00000095609	0
ENSMUSG00000095610	0
ENSMUSG00000095612	0
ENSMUSG00000095614	0
ENSMUSG00000095615	0
ENSMUSG00000095616	0
ENSMUSG00000095618	0
ENSMUSG00000095619	0
ENSMUSG00000095620	0
ENSMUSG00000095621	0
ENSMUSG00000095623	0
ENSMUSG00000095624	0
ENSMUSG00000095625	0
ENSMUSG00000095626	0
ENSMUSG00000095627	0
ENSMUSG00000095628	0
ENSMUSG00000095629	0
ENSMUSG00000095630	0
ENSMUSG00000095631	0
ENSMUSG00000095632	0
ENSMUSG00000095633	0
ENSMUSG00000095634	0
ENSMUSG00000095635	0
ENSMUSG00000095636	0
ENSMUSG00000095637	0
ENSMUSG00000095638	0
ENSMUSG00000095639	0
ENSMUSG00000095640	0
ENSMUSG00000095641	0
ENSMUSG00000095642	1
ENSMUSG00000095643	0
ENSMUSG00000095645	0
ENSMUSG00000095646	0
ENSMUSG00000095647	0
ENSMUSG00000095648	0
ENSMUSG00000095649	4
ENSMUSG00000095650	0
ENSMUSG00000095651	0
ENSMUSG00000095652	0
ENSMUSG00000095653	0
ENSMUSG00000095654	0
ENSMUSG00000095655	0
ENSMUSG00000095656	0
ENSMUSG00000095657	0
ENSMUSG00000095658	0
ENSMUSG00000095659	0
ENSMUSG00000095660	0
ENSMUSG00000095661	26
ENSMUSG00000095662	0
ENSMUSG00000095663	0
ENSMUSG00000095664	0
ENSMUSG00000095666	0
ENSMUSG00000095667	0
ENSMUSG00000095668	0
ENSMUSG00000095670	0
ENSMUSG00000095671	0
ENSMUSG00000095672	0
ENSMUSG00000095673	0
ENSMUSG00000095674	0
ENSMUSG00000095675	0
ENSMUSG00000095676	0
ENSMUSG00000095677	0
ENSMUSG00000095678	0
ENSMUSG00000095680	0
ENSMUSG00000095681	0
ENSMUSG00000095682	1
ENSMUSG00000095683	0
ENSMUSG00000095684	0
ENSMUSG00000095685	0
ENSMUSG00000095686	0
ENSMUSG00000095687	15
ENSMUSG00000095689	0
ENSMUSG00000095690	79
ENSMUSG00000095691	0
ENSMUSG00000095693	0
ENSMUSG00000095696	0
ENSMUSG00000095697	0
ENSMUSG00000095698	0
ENSMUSG00000095699	0
ENSMUSG00000095700	0
ENSMUSG00000095701	0
ENSMUSG00000095702	0
ENSMUSG00000095703	0
ENSMUSG00000095704	0
ENSMUSG00000095705	0
ENSMUSG00000095706	0
ENSMUSG00000095710	0
ENSMUSG00000095711	0
ENSMUSG00000095712	0
ENSMUSG00000095713	0
ENSMUSG00000095714	0
ENSMUSG00000095716	0
ENSMUSG00000095717	0
ENSMUSG00000095718	0
ENSMUSG00000095720	0
ENSMUSG00000095721	0
ENSMUSG00000095722	0
ENSMUSG00000095723	0
ENSMUSG00000095724	0
ENSMUSG00000095725	0
ENSMUSG00000095727	0
ENSMUSG00000095728	0
ENSMUSG00000095729	0
ENSMUSG00000095730	0
ENSMUSG00000095731	0
ENSMUSG00000095732	0
ENSMUSG00000095734	0
ENSMUSG00000095736	0
ENSMUSG00000095737	0
ENSMUSG00000095738	0
ENSMUSG00000095739	0
ENSMUSG00000095740	0
ENSMUSG00000095741	0
ENSMUSG00000095742	130
ENSMUSG00000095743	0
ENSMUSG00000095744	0
ENSMUSG00000095745	0
ENSMUSG00000095747	0
ENSMUSG00000095749	0
ENSMUSG00000095752	0
ENSMUSG00000095753	6
ENSMUSG00000095754	0
ENSMUSG00000095755	0
ENSMUSG00000095756	0
ENSMUSG00000095757	0
ENSMUSG00000095758	0
ENSMUSG00000095759	0
ENSMUSG00000095761	0
ENSMUSG00000095762	0
ENSMUSG00000095763	0
ENSMUSG00000095764	0
ENSMUSG00000095765	0
ENSMUSG00000095766	0
ENSMUSG00000095768	0
ENSMUSG00000095769	0
ENSMUSG00000095770	0
ENSMUSG00000095771	3
ENSMUSG00000095772	0
ENSMUSG00000095773	0
ENSMUSG00000095774	0
ENSMUSG00000095776	0
ENSMUSG00000095778	0
ENSMUSG00000095779	0
ENSMUSG00000095780	0
ENSMUSG00000095782	0
ENSMUSG00000095785	0
ENSMUSG00000095786	0
ENSMUSG00000095787	0
ENSMUSG00000095788	6
ENSMUSG00000095789	8
ENSMUSG00000095791	0
ENSMUSG00000095792	0
ENSMUSG00000095793	0
ENSMUSG00000095794	1
ENSMUSG00000095796	0
ENSMUSG00000095797	0
ENSMUSG00000095798	0
ENSMUSG00000095799	0
ENSMUSG00000095802	0
ENSMUSG00000095804	0
ENSMUSG00000095805	0
ENSMUSG00000095806	0
ENSMUSG00000095807	0
ENSMUSG00000095809	0
ENSMUSG00000095812	0
ENSMUSG00000095813	0
ENSMUSG00000095814	0
ENSMUSG00000095816	0
ENSMUSG00000095817	0
ENSMUSG00000095818	0
ENSMUSG00000095820	0
ENSMUSG00000095821	0
ENSMUSG00000095822	0
ENSMUSG00000095824	0
ENSMUSG00000095825	0
ENSMUSG00000095826	0
ENSMUSG00000095827	0
ENSMUSG00000095828	0
ENSMUSG00000095829	0
ENSMUSG00000095831	0
ENSMUSG00000095834	0
ENSMUSG00000095836	0
ENSMUSG00000095837	0
ENSMUSG00000095839	0
ENSMUSG00000095841	0
ENSMUSG00000095842	0
ENSMUSG00000095843	0
ENSMUSG00000095845	0
ENSMUSG00000095847	0
ENSMUSG00000095849	0
ENSMUSG00000095850	0
ENSMUSG00000095851	0
ENSMUSG00000095852	0
ENSMUSG00000095853	0
ENSMUSG00000095854	0
ENSMUSG00000095856	0
ENSMUSG00000095857	0
ENSMUSG00000095858	0
ENSMUSG00000095859	0
ENSMUSG00000095860	0
ENSMUSG00000095862	0
ENSMUSG00000095863	0
ENSMUSG00000095864	0
ENSMUSG00000095865	0
ENSMUSG00000095866	0
ENSMUSG00000095867	0
ENSMUSG00000095868	0
ENSMUSG00000095869	0
ENSMUSG00000095870	0
ENSMUSG00000095871	0
ENSMUSG00000095872	0
ENSMUSG00000095873	0
ENSMUSG00000095874	0
ENSMUSG00000095876	0
ENSMUSG00000095878	0
ENSMUSG00000095879	0
ENSMUSG00000095880	0
ENSMUSG00000095883	0
ENSMUSG00000095884	0
ENSMUSG00000095885	0
ENSMUSG00000095886	0
ENSMUSG00000095887	0
ENSMUSG00000095889	1
ENSMUSG00000095890	0
ENSMUSG00000095891	0
ENSMUSG00000095892	0
ENSMUSG00000095893	0
ENSMUSG00000095894	0
ENSMUSG00000095895	0
ENSMUSG00000095896	0
ENSMUSG00000095897	0
ENSMUSG00000095898	0
ENSMUSG00000095899	0
ENSMUSG00000095900	0
ENSMUSG00000095901	0
ENSMUSG00000095902	0
ENSMUSG00000095903	0
ENSMUSG00000095905	0
ENSMUSG00000095906	0
ENSMUSG00000095907	0
ENSMUSG00000095909	0
ENSMUSG00000095910	0
ENSMUSG00000095911	0
ENSMUSG00000095912	0
ENSMUSG00000095913	0
ENSMUSG00000095914	0
ENSMUSG00000095915	0
ENSMUSG00000095916	0
ENSMUSG00000095917	0
ENSMUSG00000095918	0
ENSMUSG00000095920	0
ENSMUSG00000095922	0
ENSMUSG00000095923	0
ENSMUSG00000095924	0
ENSMUSG00000095925	0
ENSMUSG00000095926	0
ENSMUSG00000095927	0
ENSMUSG00000095928	0
ENSMUSG00000095929	0
ENSMUSG00000095930	74
ENSMUSG00000095931	0
ENSMUSG00000095932	0
ENSMUSG00000095933	0
ENSMUSG00000095934	0
ENSMUSG00000095935	0
ENSMUSG00000095936	0
ENSMUSG00000095937	0
ENSMUSG00000095938	0
ENSMUSG00000095939	0
ENSMUSG00000095940	0
ENSMUSG00000095941	0
ENSMUSG00000095942	0
ENSMUSG00000095943	0
ENSMUSG00000095944	0
ENSMUSG00000095945	0
ENSMUSG00000095946	0
ENSMUSG00000095947	0
ENSMUSG00000095948	0
ENSMUSG00000095950	0
ENSMUSG00000095951	0
ENSMUSG00000095952	0
ENSMUSG00000095953	0
ENSMUSG00000095954	0
ENSMUSG00000095955	0
ENSMUSG00000095956	0
ENSMUSG00000095957	0
ENSMUSG00000095958	0
ENSMUSG00000095959	0
ENSMUSG00000095960	0
ENSMUSG00000095961	0
ENSMUSG00000095962	0
ENSMUSG00000095963	0
ENSMUSG00000095964	0
ENSMUSG00000095965	0
ENSMUSG00000095966	0
ENSMUSG00000095968	0
ENSMUSG00000095969	0
ENSMUSG00000095970	0
ENSMUSG00000095971	0
ENSMUSG00000095972	0
ENSMUSG00000095973	0
ENSMUSG00000095974	0
ENSMUSG00000095975	0
ENSMUSG00000095976	0
ENSMUSG00000095977	0
ENSMUSG00000095978	0
ENSMUSG00000095979	0
ENSMUSG00000095980	0
ENSMUSG00000095981	0
ENSMUSG00000095982	0
ENSMUSG00000095984	0
ENSMUSG00000095985	0
ENSMUSG00000095986	0
ENSMUSG00000095987	0
ENSMUSG00000095988	0
ENSMUSG00000095989	0
ENSMUSG00000095990	15
ENSMUSG00000095991	0
ENSMUSG00000095992	0
ENSMUSG00000095993	0
ENSMUSG00000095994	0
ENSMUSG00000095996	0
ENSMUSG00000095997	0
ENSMUSG00000095998	0
ENSMUSG00000096000	0
ENSMUSG00000096001	0
ENSMUSG00000096002	0
ENSMUSG00000096003	0
ENSMUSG00000096005	0
ENSMUSG00000096006	2
ENSMUSG00000096008	0
ENSMUSG00000096009	0
ENSMUSG00000096010	0
ENSMUSG00000096011	0
ENSMUSG00000096014	0
ENSMUSG00000096015	0
ENSMUSG00000096016	0
ENSMUSG00000096017	0
ENSMUSG00000096018	0
ENSMUSG00000096019	0
ENSMUSG00000096020	0
ENSMUSG00000096021	0
ENSMUSG00000096022	0
ENSMUSG00000096023	0
ENSMUSG00000096024	0
ENSMUSG00000096027	0
ENSMUSG00000096028	0
ENSMUSG00000096029	0
ENSMUSG00000096030	0
ENSMUSG00000096031	0
ENSMUSG00000096033	0
ENSMUSG00000096035	0
ENSMUSG00000096036	0
ENSMUSG00000096037	0
ENSMUSG00000096038	0
ENSMUSG00000096039	0
ENSMUSG00000096041	0
ENSMUSG00000096042	0
ENSMUSG00000096043	0
ENSMUSG00000096044	0
ENSMUSG00000096045	0
ENSMUSG00000096046	0
ENSMUSG00000096047	0
ENSMUSG00000096048	0
ENSMUSG00000096049	0
ENSMUSG00000096051	0
ENSMUSG00000096052	1
ENSMUSG00000096053	0
ENSMUSG00000096054	487
ENSMUSG00000096055	0
ENSMUSG00000096056	6
ENSMUSG00000096057	0
ENSMUSG00000096061	0
ENSMUSG00000096065	0
ENSMUSG00000096066	0
ENSMUSG00000096067	0
ENSMUSG00000096068	0
ENSMUSG00000096069	0
ENSMUSG00000096070	0
ENSMUSG00000096071	0
ENSMUSG00000096072	0
ENSMUSG00000096073	0
ENSMUSG00000096074	0
ENSMUSG00000096075	0
ENSMUSG00000096076	0
ENSMUSG00000096078	0
ENSMUSG00000096079	0
ENSMUSG00000096080	0
ENSMUSG00000096081	0
ENSMUSG00000096082	0
ENSMUSG00000096083	0
ENSMUSG00000096084	0
ENSMUSG00000096085	0
ENSMUSG00000096086	0
ENSMUSG00000096087	0
ENSMUSG00000096088	0
ENSMUSG00000096090	0
ENSMUSG00000096091	0
ENSMUSG00000096092	0
ENSMUSG00000096094	0
ENSMUSG00000096095	0
ENSMUSG00000096096	0
ENSMUSG00000096097	0
ENSMUSG00000096098	0
ENSMUSG00000096099	0
ENSMUSG00000096100	0
ENSMUSG00000096102	0
ENSMUSG00000096105	0
ENSMUSG00000096106	0
ENSMUSG00000096107	34
ENSMUSG00000096108	0
ENSMUSG00000096109	0
ENSMUSG00000096110	0
ENSMUSG00000096111	0
ENSMUSG00000096112	0
ENSMUSG00000096113	0
ENSMUSG00000096114	0
ENSMUSG00000096117	0
ENSMUSG00000096119	0
ENSMUSG00000096120	0
ENSMUSG00000096122	0
ENSMUSG00000096124	0
ENSMUSG00000096126	0
ENSMUSG00000096127	0
ENSMUSG00000096129	0
ENSMUSG00000096130	0
ENSMUSG00000096131	0
ENSMUSG00000096132	0
ENSMUSG00000096133	0
ENSMUSG00000096134	0
ENSMUSG00000096135	0
ENSMUSG00000096136	0
ENSMUSG00000096137	0
ENSMUSG00000096138	0
ENSMUSG00000096139	0
ENSMUSG00000096140	0
ENSMUSG00000096141	0
ENSMUSG00000096142	0
ENSMUSG00000096144	0
ENSMUSG00000096145	3710
ENSMUSG00000096146	0
ENSMUSG00000096147	0
ENSMUSG00000096148	0
ENSMUSG00000096149	0
ENSMUSG00000096150	1
ENSMUSG00000096151	0
ENSMUSG00000096152	0
ENSMUSG00000096153	0
ENSMUSG00000096154	0
ENSMUSG00000096156	0
ENSMUSG00000096157	11
ENSMUSG00000096158	0
ENSMUSG00000096159	0
ENSMUSG00000096160	7
ENSMUSG00000096161	0
ENSMUSG00000096163	0
ENSMUSG00000096164	0
ENSMUSG00000096166	0
ENSMUSG00000096167	0
ENSMUSG00000096168	0
ENSMUSG00000096169	1
ENSMUSG00000096170	0
ENSMUSG00000096171	0
ENSMUSG00000096172	0
ENSMUSG00000096173	0
ENSMUSG00000096174	0
ENSMUSG00000096175	0
ENSMUSG00000096176	0
ENSMUSG00000096177	0
ENSMUSG00000096178	0
ENSMUSG00000096179	0
ENSMUSG00000096180	0
ENSMUSG00000096181	0
ENSMUSG00000096182	0
ENSMUSG00000096183	0
ENSMUSG00000096184	0
ENSMUSG00000096185	0
ENSMUSG00000096186	0
ENSMUSG00000096188	745
ENSMUSG00000096189	0
ENSMUSG00000096190	0
ENSMUSG00000096191	0
ENSMUSG00000096192	22
ENSMUSG00000096193	0
ENSMUSG00000096194	0
ENSMUSG00000096195	0
ENSMUSG00000096196	0
ENSMUSG00000096197	0
ENSMUSG00000096198	0
ENSMUSG00000096199	204
ENSMUSG00000096200	0
ENSMUSG00000096201	0
ENSMUSG00000096202	0
ENSMUSG00000096205	0
ENSMUSG00000096206	0
ENSMUSG00000096208	0
ENSMUSG00000096209	0
ENSMUSG00000096210	2378
ENSMUSG00000096211	0
ENSMUSG00000096212	0
ENSMUSG00000096213	0
ENSMUSG00000096214	0
ENSMUSG00000096215	153
ENSMUSG00000096216	0
ENSMUSG00000096217	0
ENSMUSG00000096218	0
ENSMUSG00000096219	0
ENSMUSG00000096220	0
ENSMUSG00000096221	9
ENSMUSG00000096222	0
ENSMUSG00000096223	0
ENSMUSG00000096225	0
ENSMUSG00000096228	0
ENSMUSG00000096229	0
ENSMUSG00000096230	0
ENSMUSG00000096231	0
ENSMUSG00000096233	0
ENSMUSG00000096235	0
ENSMUSG00000096236	0
ENSMUSG00000096237	0
ENSMUSG00000096238	0
ENSMUSG00000096239	0
ENSMUSG00000096240	0
ENSMUSG00000096241	0
ENSMUSG00000096243	0
ENSMUSG00000096244	0
ENSMUSG00000096245	0
ENSMUSG00000096247	0
ENSMUSG00000096248	0
ENSMUSG00000096249	0
ENSMUSG00000096250	0
ENSMUSG00000096254	0
ENSMUSG00000096255	0
ENSMUSG00000096256	0
ENSMUSG00000096257	0
ENSMUSG00000096258	7
ENSMUSG00000096259	0
ENSMUSG00000096263	1
ENSMUSG00000096264	0
ENSMUSG00000096265	0
ENSMUSG00000096268	0
ENSMUSG00000096269	0
ENSMUSG00000096270	0
ENSMUSG00000096271	0
ENSMUSG00000096272	0
ENSMUSG00000096273	0
ENSMUSG00000096274	0
ENSMUSG00000096275	0
ENSMUSG00000096276	0
ENSMUSG00000096277	0
ENSMUSG00000096278	0
ENSMUSG00000096280	0
ENSMUSG00000096281	0
ENSMUSG00000096282	0
ENSMUSG00000096283	0
ENSMUSG00000096284	0
ENSMUSG00000096285	0
ENSMUSG00000096286	0
ENSMUSG00000096287	0
ENSMUSG00000096288	0
ENSMUSG00000096289	0
ENSMUSG00000096290	0
ENSMUSG00000096291	0
ENSMUSG00000096292	0
ENSMUSG00000096293	0
ENSMUSG00000096294	0
ENSMUSG00000096295	0
ENSMUSG00000096296	1
ENSMUSG00000096297	0
ENSMUSG00000096298	0
ENSMUSG00000096299	0
ENSMUSG00000096300	0
ENSMUSG00000096301	0
ENSMUSG00000096302	0
ENSMUSG00000096303	0
ENSMUSG00000096304	0
ENSMUSG00000096305	0
ENSMUSG00000096306	0
ENSMUSG00000096307	0
ENSMUSG00000096308	0
ENSMUSG00000096309	0
ENSMUSG00000096310	0
ENSMUSG00000096311	0
ENSMUSG00000096313	0
ENSMUSG00000096314	0
ENSMUSG00000096316	0
ENSMUSG00000096318	0
ENSMUSG00000096320	0
ENSMUSG00000096322	0
ENSMUSG00000096323	0
ENSMUSG00000096324	0
ENSMUSG00000096326	0
ENSMUSG00000096327	0
ENSMUSG00000096328	0
ENSMUSG00000096329	0
ENSMUSG00000096330	0
ENSMUSG00000096331	0
ENSMUSG00000096332	0
ENSMUSG00000096333	0
ENSMUSG00000096335	0
ENSMUSG00000096336	2
ENSMUSG00000096337	0
ENSMUSG00000096338	0
ENSMUSG00000096339	0
ENSMUSG00000096340	0
ENSMUSG00000096341	0
ENSMUSG00000096342	0
ENSMUSG00000096343	0
ENSMUSG00000096344	0
ENSMUSG00000096345	0
ENSMUSG00000096346	0
ENSMUSG00000096347	0
ENSMUSG00000096348	0
ENSMUSG00000096349	0
ENSMUSG00000096350	0
ENSMUSG00000096351	0
ENSMUSG00000096352	0
ENSMUSG00000096353	0
ENSMUSG00000096354	0
ENSMUSG00000096355	0
ENSMUSG00000096356	0
ENSMUSG00000096357	0
ENSMUSG00000096358	0
ENSMUSG00000096359	0
ENSMUSG00000096360	0
ENSMUSG00000096361	0
ENSMUSG00000096362	0
ENSMUSG00000096363	0
ENSMUSG00000096365	0
ENSMUSG00000096366	0
ENSMUSG00000096367	0
ENSMUSG00000096370	1
ENSMUSG00000096371	0
ENSMUSG00000096372	0
ENSMUSG00000096373	0
ENSMUSG00000096374	0
ENSMUSG00000096375	0
ENSMUSG00000096376	0
ENSMUSG00000096377	0
ENSMUSG00000096379	0
ENSMUSG00000096380	0
ENSMUSG00000096381	0
ENSMUSG00000096383	0
ENSMUSG00000096384	0
ENSMUSG00000096385	0
ENSMUSG00000096386	0
ENSMUSG00000096387	0
ENSMUSG00000096388	0
ENSMUSG00000096390	0
ENSMUSG00000096391	0
ENSMUSG00000096392	0
ENSMUSG00000096393	0
ENSMUSG00000096396	0
ENSMUSG00000096397	0
ENSMUSG00000096398	0
ENSMUSG00000096399	0
ENSMUSG00000096400	0
ENSMUSG00000096401	1
ENSMUSG00000096402	0
ENSMUSG00000096403	26
ENSMUSG00000096405	0
ENSMUSG00000096406	0
ENSMUSG00000096407	0
ENSMUSG00000096409	0
ENSMUSG00000096410	0
ENSMUSG00000096411	0
ENSMUSG00000096412	0
ENSMUSG00000096413	0
ENSMUSG00000096414	0
ENSMUSG00000096415	0
ENSMUSG00000096417	0
ENSMUSG00000096420	0
ENSMUSG00000096421	0
ENSMUSG00000096422	1
ENSMUSG00000096423	0
ENSMUSG00000096424	0
ENSMUSG00000096425	0
ENSMUSG00000096426	0
ENSMUSG00000096427	0
ENSMUSG00000096429	0
ENSMUSG00000096430	0
ENSMUSG00000096431	0
ENSMUSG00000096432	0
ENSMUSG00000096433	110
ENSMUSG00000096434	0
ENSMUSG00000096436	0
ENSMUSG00000096437	0
ENSMUSG00000096438	0
ENSMUSG00000096439	0
ENSMUSG00000096440	0
ENSMUSG00000096441	0
ENSMUSG00000096442	0
ENSMUSG00000096444	0
ENSMUSG00000096445	0
ENSMUSG00000096446	0
ENSMUSG00000096447	0
ENSMUSG00000096448	21
ENSMUSG00000096449	6
ENSMUSG00000096450	0
ENSMUSG00000096451	0
ENSMUSG00000096452	0
ENSMUSG00000096453	0
ENSMUSG00000096454	0
ENSMUSG00000096455	0
ENSMUSG00000096457	0
ENSMUSG00000096458	1
ENSMUSG00000096459	1
ENSMUSG00000096461	0
ENSMUSG00000096462	0
ENSMUSG00000096463	0
ENSMUSG00000096464	0
ENSMUSG00000096465	0
ENSMUSG00000096467	0
ENSMUSG00000096468	0
ENSMUSG00000096470	0
ENSMUSG00000096472	53
ENSMUSG00000096473	0
ENSMUSG00000096474	1
ENSMUSG00000096475	0
ENSMUSG00000096476	0
ENSMUSG00000096477	0
ENSMUSG00000096478	0
ENSMUSG00000096479	0
ENSMUSG00000096480	0
ENSMUSG00000096481	0
ENSMUSG00000096482	0
ENSMUSG00000096483	0
ENSMUSG00000096484	0
ENSMUSG00000096485	0
ENSMUSG00000096486	0
ENSMUSG00000096488	0
ENSMUSG00000096490	0
ENSMUSG00000096492	0
ENSMUSG00000096496	0
ENSMUSG00000096497	0
ENSMUSG00000096498	0
ENSMUSG00000096499	1
ENSMUSG00000096500	0
ENSMUSG00000096502	0
ENSMUSG00000096504	0
ENSMUSG00000096505	0
ENSMUSG00000096506	0
ENSMUSG00000096507	0
ENSMUSG00000096508	0
ENSMUSG00000096510	0
ENSMUSG00000096512	0
ENSMUSG00000096513	0
ENSMUSG00000096514	0
ENSMUSG00000096515	0
ENSMUSG00000096516	0
ENSMUSG00000096517	0
ENSMUSG00000096518	0
ENSMUSG00000096519	0
ENSMUSG00000096520	0
ENSMUSG00000096521	0
ENSMUSG00000096522	0
ENSMUSG00000096523	0
ENSMUSG00000096524	0
ENSMUSG00000096525	0
ENSMUSG00000096527	0
ENSMUSG00000096528	0
ENSMUSG00000096530	0
ENSMUSG00000096531	0
ENSMUSG00000096532	0
ENSMUSG00000096533	0
ENSMUSG00000096534	0
ENSMUSG00000096535	0
ENSMUSG00000096537	0
ENSMUSG00000096538	0
ENSMUSG00000096539	0
ENSMUSG00000096541	0
ENSMUSG00000096544	27
ENSMUSG00000096546	954
ENSMUSG00000096547	0
ENSMUSG00000096549	0
ENSMUSG00000096550	0
ENSMUSG00000096551	0
ENSMUSG00000096553	0
ENSMUSG00000096554	0
ENSMUSG00000096555	0
ENSMUSG00000096557	0
ENSMUSG00000096558	0
ENSMUSG00000096559	0
ENSMUSG00000096560	0
ENSMUSG00000096561	0
ENSMUSG00000096563	0
ENSMUSG00000096564	0
ENSMUSG00000096565	0
ENSMUSG00000096566	0
ENSMUSG00000096567	0
ENSMUSG00000096568	0
ENSMUSG00000096569	0
ENSMUSG00000096573	0
ENSMUSG00000096574	0
ENSMUSG00000096576	0
ENSMUSG00000096577	0
ENSMUSG00000096578	0
ENSMUSG00000096579	0
ENSMUSG00000096580	0
ENSMUSG00000096582	0
ENSMUSG00000096583	0
ENSMUSG00000096584	0
ENSMUSG00000096585	0
ENSMUSG00000096586	0
ENSMUSG00000096587	0
ENSMUSG00000096589	0
ENSMUSG00000096591	0
ENSMUSG00000096592	0
ENSMUSG00000096593	0
ENSMUSG00000096594	1
ENSMUSG00000096595	0
ENSMUSG00000096596	0
ENSMUSG00000096597	0
ENSMUSG00000096598	0
ENSMUSG00000096599	0
ENSMUSG00000096600	0
ENSMUSG00000096601	0
ENSMUSG00000096604	0
ENSMUSG00000096605	0
ENSMUSG00000096606	319
ENSMUSG00000096607	0
ENSMUSG00000096613	0
ENSMUSG00000096614	0
ENSMUSG00000096615	0
ENSMUSG00000096617	0
ENSMUSG00000096618	0
ENSMUSG00000096619	0
ENSMUSG00000096620	0
ENSMUSG00000096621	0
ENSMUSG00000096624	0
ENSMUSG00000096626	0
ENSMUSG00000096627	0
ENSMUSG00000096628	0
ENSMUSG00000096629	0
ENSMUSG00000096630	0
ENSMUSG00000096631	0
ENSMUSG00000096632	0
ENSMUSG00000096633	0
ENSMUSG00000096634	0
ENSMUSG00000096635	0
ENSMUSG00000096638	0
ENSMUSG00000096639	0
ENSMUSG00000096640	0
ENSMUSG00000096641	0
ENSMUSG00000096642	0
ENSMUSG00000096644	0
ENSMUSG00000096645	0
ENSMUSG00000096646	0
ENSMUSG00000096647	16
ENSMUSG00000096648	0
ENSMUSG00000096649	0
ENSMUSG00000096650	0
ENSMUSG00000096651	0
ENSMUSG00000096652	0
ENSMUSG00000096653	0
ENSMUSG00000096654	0
ENSMUSG00000096655	0
ENSMUSG00000096656	0
ENSMUSG00000096658	0
ENSMUSG00000096659	0
ENSMUSG00000096660	0
ENSMUSG00000096661	0
ENSMUSG00000096663	0
ENSMUSG00000096664	0
ENSMUSG00000096666	0
ENSMUSG00000096667	0
ENSMUSG00000096668	0
ENSMUSG00000096670	0
ENSMUSG00000096672	0
ENSMUSG00000096673	0
ENSMUSG00000096674	1
ENSMUSG00000096675	0
ENSMUSG00000096676	0
ENSMUSG00000096677	0
ENSMUSG00000096678	0
ENSMUSG00000096679	0
ENSMUSG00000096680	0
ENSMUSG00000096681	0
ENSMUSG00000096682	0
ENSMUSG00000096683	0
ENSMUSG00000096684	0
ENSMUSG00000096685	0
ENSMUSG00000096686	0
ENSMUSG00000096687	347
ENSMUSG00000096688	4632
ENSMUSG00000096689	0
ENSMUSG00000096690	0
ENSMUSG00000096691	0
ENSMUSG00000096692	0
ENSMUSG00000096694	0
ENSMUSG00000096695	0
ENSMUSG00000096696	11
ENSMUSG00000096697	0
ENSMUSG00000096698	0
ENSMUSG00000096699	0
ENSMUSG00000096700	0
ENSMUSG00000096701	0
ENSMUSG00000096703	0
ENSMUSG00000096704	0
ENSMUSG00000096705	0
ENSMUSG00000096706	0
ENSMUSG00000096707	0
ENSMUSG00000096708	0
ENSMUSG00000096709	0
ENSMUSG00000096710	0
ENSMUSG00000096711	0
ENSMUSG00000096712	0
ENSMUSG00000096713	0
ENSMUSG00000096714	0
ENSMUSG00000096715	49
ENSMUSG00000096716	0
ENSMUSG00000096717	0
ENSMUSG00000096718	0
ENSMUSG00000096719	0
ENSMUSG00000096721	0
ENSMUSG00000096722	0
ENSMUSG00000096724	0
ENSMUSG00000096726	0
ENSMUSG00000096727	621
ENSMUSG00000096728	0
ENSMUSG00000096729	0
ENSMUSG00000096730	0
ENSMUSG00000096731	0
ENSMUSG00000096732	0
ENSMUSG00000096733	0
ENSMUSG00000096734	0
ENSMUSG00000096735	0
ENSMUSG00000096736	0
ENSMUSG00000096737	0
ENSMUSG00000096738	0
ENSMUSG00000096740	83
ENSMUSG00000096741	0
ENSMUSG00000096742	0
ENSMUSG00000096743	0
ENSMUSG00000096744	0
ENSMUSG00000096745	0
ENSMUSG00000096746	0
ENSMUSG00000096747	0
ENSMUSG00000096748	0
ENSMUSG00000096749	0
ENSMUSG00000096750	0
ENSMUSG00000096751	6
ENSMUSG00000096753	0
ENSMUSG00000096755	1
ENSMUSG00000096756	0
ENSMUSG00000096757	0
ENSMUSG00000096758	0
ENSMUSG00000096759	0
ENSMUSG00000096760	0
ENSMUSG00000096761	0
ENSMUSG00000096763	0
ENSMUSG00000096764	0
ENSMUSG00000096765	0
ENSMUSG00000096766	0
ENSMUSG00000096767	0
ENSMUSG00000096768	115
ENSMUSG00000096769	0
ENSMUSG00000096770	0
ENSMUSG00000096771	0
ENSMUSG00000096772	0
ENSMUSG00000096773	0
ENSMUSG00000096774	0
ENSMUSG00000096775	0
ENSMUSG00000096776	0
ENSMUSG00000096777	0
ENSMUSG00000096779	0
ENSMUSG00000096780	5
ENSMUSG00000096782	0
ENSMUSG00000096784	0
ENSMUSG00000096785	0
ENSMUSG00000096786	0
ENSMUSG00000096788	0
ENSMUSG00000096790	0
ENSMUSG00000096792	0
ENSMUSG00000096793	0
ENSMUSG00000096794	0
ENSMUSG00000096795	2
ENSMUSG00000096796	0
ENSMUSG00000096797	0
ENSMUSG00000096798	0
ENSMUSG00000096799	0
ENSMUSG00000096800	0
ENSMUSG00000096801	0
ENSMUSG00000096802	0
ENSMUSG00000096803	0
ENSMUSG00000096804	0
ENSMUSG00000096805	0
ENSMUSG00000096806	0
ENSMUSG00000096808	0
ENSMUSG00000096809	0
ENSMUSG00000096810	0
ENSMUSG00000096811	0
ENSMUSG00000096812	0
ENSMUSG00000096813	0
ENSMUSG00000096814	0
ENSMUSG00000096815	0
ENSMUSG00000096817	0
ENSMUSG00000096818	0
ENSMUSG00000096819	0
ENSMUSG00000096820	0
ENSMUSG00000096821	0
ENSMUSG00000096822	0
ENSMUSG00000096823	0
ENSMUSG00000096824	0
ENSMUSG00000096825	0
ENSMUSG00000096826	0
ENSMUSG00000096827	0
ENSMUSG00000096828	0
ENSMUSG00000096829	0
ENSMUSG00000096830	0
ENSMUSG00000096831	0
ENSMUSG00000096832	0
ENSMUSG00000096833	48
ENSMUSG00000096834	0
ENSMUSG00000096835	0
ENSMUSG00000096838	0
ENSMUSG00000096839	0
ENSMUSG00000096840	0
ENSMUSG00000096841	0
ENSMUSG00000096842	0
ENSMUSG00000096844	0
ENSMUSG00000096845	0
ENSMUSG00000096846	0
ENSMUSG00000096847	1
ENSMUSG00000096848	0
ENSMUSG00000096849	0
ENSMUSG00000096850	0
ENSMUSG00000096851	0
ENSMUSG00000096852	35
ENSMUSG00000096854	0
ENSMUSG00000096855	0
ENSMUSG00000096856	2
ENSMUSG00000096857	0
ENSMUSG00000096858	0
ENSMUSG00000096859	0
ENSMUSG00000096861	0
ENSMUSG00000096862	0
ENSMUSG00000096863	0
ENSMUSG00000096864	0
ENSMUSG00000096865	0
ENSMUSG00000096866	0
ENSMUSG00000096867	0
ENSMUSG00000096868	0
ENSMUSG00000096869	0
ENSMUSG00000096870	0
ENSMUSG00000096871	0
ENSMUSG00000096872	0
ENSMUSG00000096873	0
ENSMUSG00000096874	0
ENSMUSG00000096875	0
ENSMUSG00000096876	0
ENSMUSG00000096878	0
ENSMUSG00000096879	0
ENSMUSG00000096880	0
ENSMUSG00000096881	0
ENSMUSG00000096882	0
ENSMUSG00000096883	0
ENSMUSG00000096884	0
ENSMUSG00000096885	0
ENSMUSG00000096887	0
ENSMUSG00000096889	0
ENSMUSG00000096890	0
ENSMUSG00000096891	0
ENSMUSG00000096893	0
ENSMUSG00000096894	0
ENSMUSG00000096895	0
ENSMUSG00000096896	0
ENSMUSG00000096897	0
ENSMUSG00000096898	0
ENSMUSG00000096899	0
ENSMUSG00000096900	0
ENSMUSG00000096901	0
ENSMUSG00000096902	0
ENSMUSG00000096903	0
ENSMUSG00000096904	0
ENSMUSG00000096905	0
ENSMUSG00000096906	0
ENSMUSG00000096907	0
ENSMUSG00000096908	0
ENSMUSG00000096910	9
ENSMUSG00000096911	0
ENSMUSG00000096913	0
ENSMUSG00000096914	0
ENSMUSG00000096915	0
ENSMUSG00000096916	12
ENSMUSG00000096917	5
ENSMUSG00000096918	0
ENSMUSG00000096919	0
ENSMUSG00000096920	1
ENSMUSG00000096921	0
ENSMUSG00000096922	0
ENSMUSG00000096923	3
ENSMUSG00000096924	0
ENSMUSG00000096926	0
ENSMUSG00000096927	0
ENSMUSG00000096929	54
ENSMUSG00000096930	0
ENSMUSG00000096931	0
ENSMUSG00000096932	9
ENSMUSG00000096934	0
ENSMUSG00000096935	45
ENSMUSG00000096936	0
ENSMUSG00000096937	0
ENSMUSG00000096938	4
ENSMUSG00000096939	0
ENSMUSG00000096940	10
ENSMUSG00000096941	0
ENSMUSG00000096942	0
ENSMUSG00000096943	3
ENSMUSG00000096944	0
ENSMUSG00000096945	0
ENSMUSG00000096946	1
ENSMUSG00000096947	0
ENSMUSG00000096948	0
ENSMUSG00000096949	0
ENSMUSG00000096950	28
ENSMUSG00000096953	0
ENSMUSG00000096954	21
ENSMUSG00000096955	0
ENSMUSG00000096956	46
ENSMUSG00000096957	35
ENSMUSG00000096958	0
ENSMUSG00000096959	18
ENSMUSG00000096960	1
ENSMUSG00000096962	0
ENSMUSG00000096963	0
ENSMUSG00000096964	12
ENSMUSG00000096965	2
ENSMUSG00000096966	0
ENSMUSG00000096967	7
ENSMUSG00000096968	11
ENSMUSG00000096969	0
ENSMUSG00000096971	114
ENSMUSG00000096972	0
ENSMUSG00000096973	0
ENSMUSG00000096974	8
ENSMUSG00000096975	3
ENSMUSG00000096976	0
ENSMUSG00000096977	0
ENSMUSG00000096978	0
ENSMUSG00000096979	0
ENSMUSG00000096980	0
ENSMUSG00000096981	43
ENSMUSG00000096982	0
ENSMUSG00000096983	6
ENSMUSG00000096984	0
ENSMUSG00000096986	7
ENSMUSG00000096987	0
ENSMUSG00000096988	2
ENSMUSG00000096990	0
ENSMUSG00000096991	0
ENSMUSG00000096992	0
ENSMUSG00000096993	0
ENSMUSG00000096995	11
ENSMUSG00000096996	0
ENSMUSG00000096997	0
ENSMUSG00000096999	0
ENSMUSG00000097000	23
ENSMUSG00000097001	0
ENSMUSG00000097002	0
ENSMUSG00000097003	0
ENSMUSG00000097004	0
ENSMUSG00000097005	0
ENSMUSG00000097006	105
ENSMUSG00000097007	0
ENSMUSG00000097008	1
ENSMUSG00000097009	0
ENSMUSG00000097010	0
ENSMUSG00000097011	0
ENSMUSG00000097012	0
ENSMUSG00000097013	4
ENSMUSG00000097014	0
ENSMUSG00000097015	0
ENSMUSG00000097016	5
ENSMUSG00000097017	0
ENSMUSG00000097018	0
ENSMUSG00000097019	0
ENSMUSG00000097020	3
ENSMUSG00000097021	0
ENSMUSG00000097022	1
ENSMUSG00000097023	0
ENSMUSG00000097024	0
ENSMUSG00000097025	2
ENSMUSG00000097026	0
ENSMUSG00000097027	0
ENSMUSG00000097028	0
ENSMUSG00000097029	0
ENSMUSG00000097030	0
ENSMUSG00000097031	0
ENSMUSG00000097032	13
ENSMUSG00000097033	0
ENSMUSG00000097035	0
ENSMUSG00000097036	0
ENSMUSG00000097037	0
ENSMUSG00000097038	0
ENSMUSG00000097039	64
ENSMUSG00000097040	0
ENSMUSG00000097041	47
ENSMUSG00000097042	450
ENSMUSG00000097043	5
ENSMUSG00000097044	0
ENSMUSG00000097045	7
ENSMUSG00000097047	59
ENSMUSG00000097048	309
ENSMUSG00000097049	0
ENSMUSG00000097050	0
ENSMUSG00000097051	0
ENSMUSG00000097052	0
ENSMUSG00000097053	0
ENSMUSG00000097054	0
ENSMUSG00000097055	0
ENSMUSG00000097056	3
ENSMUSG00000097057	0
ENSMUSG00000097058	4
ENSMUSG00000097059	97
ENSMUSG00000097060	1
ENSMUSG00000097061	182
ENSMUSG00000097062	142
ENSMUSG00000097063	0
ENSMUSG00000097065	0
ENSMUSG00000097066	0
ENSMUSG00000097067	0
ENSMUSG00000097068	0
ENSMUSG00000097069	9
ENSMUSG00000097071	0
ENSMUSG00000097072	0
ENSMUSG00000097073	10
ENSMUSG00000097074	0
ENSMUSG00000097075	5
ENSMUSG00000097076	0
ENSMUSG00000097077	0
ENSMUSG00000097078	0
ENSMUSG00000097079	0
ENSMUSG00000097080	33
ENSMUSG00000097081	1
ENSMUSG00000097082	0
ENSMUSG00000097083	0
ENSMUSG00000097084	0
ENSMUSG00000097085	0
ENSMUSG00000097086	4
ENSMUSG00000097087	0
ENSMUSG00000097088	0
ENSMUSG00000097089	0
ENSMUSG00000097090	0
ENSMUSG00000097091	0
ENSMUSG00000097092	3
ENSMUSG00000097093	42
ENSMUSG00000097094	0
ENSMUSG00000097095	0
ENSMUSG00000097097	3
ENSMUSG00000097098	1
ENSMUSG00000097099	59
ENSMUSG00000097100	0
ENSMUSG00000097101	239
ENSMUSG00000097102	0
ENSMUSG00000097103	8
ENSMUSG00000097104	0
ENSMUSG00000097106	0
ENSMUSG00000097107	0
ENSMUSG00000097108	0
ENSMUSG00000097109	0
ENSMUSG00000097110	0
ENSMUSG00000097111	0
ENSMUSG00000097112	0
ENSMUSG00000097113	35
ENSMUSG00000097115	2
ENSMUSG00000097116	0
ENSMUSG00000097117	0
ENSMUSG00000097118	0
ENSMUSG00000097119	75
ENSMUSG00000097120	0
ENSMUSG00000097121	274
ENSMUSG00000097122	2
ENSMUSG00000097123	21
ENSMUSG00000097124	189
ENSMUSG00000097125	7
ENSMUSG00000097127	0
ENSMUSG00000097128	0
ENSMUSG00000097129	1
ENSMUSG00000097130	0
ENSMUSG00000097131	5
ENSMUSG00000097133	0
ENSMUSG00000097134	12
ENSMUSG00000097135	0
ENSMUSG00000097136	0
ENSMUSG00000097137	0
ENSMUSG00000097138	0
ENSMUSG00000097139	0
ENSMUSG00000097140	3
ENSMUSG00000097141	32
ENSMUSG00000097142	0
ENSMUSG00000097145	2
ENSMUSG00000097146	14
ENSMUSG00000097147	0
ENSMUSG00000097148	28
ENSMUSG00000097149	0
ENSMUSG00000097150	15
ENSMUSG00000097151	1
ENSMUSG00000097152	7
ENSMUSG00000097154	8
ENSMUSG00000097155	2
ENSMUSG00000097156	0
ENSMUSG00000097157	0
ENSMUSG00000097158	0
ENSMUSG00000097159	0
ENSMUSG00000097160	9
ENSMUSG00000097162	108
ENSMUSG00000097163	0
ENSMUSG00000097164	74
ENSMUSG00000097165	0
ENSMUSG00000097166	0
ENSMUSG00000097167	55
ENSMUSG00000097168	0
ENSMUSG00000097169	0
ENSMUSG00000097170	2
ENSMUSG00000097171	0
ENSMUSG00000097172	0
ENSMUSG00000097173	0
ENSMUSG00000097174	26
ENSMUSG00000097175	0
ENSMUSG00000097176	0
ENSMUSG00000097177	2
ENSMUSG00000097178	0
ENSMUSG00000097180	1
ENSMUSG00000097181	0
ENSMUSG00000097182	0
ENSMUSG00000097183	4
ENSMUSG00000097184	19
ENSMUSG00000097185	1
ENSMUSG00000097186	0
ENSMUSG00000097187	45
ENSMUSG00000097189	1
ENSMUSG00000097190	0
ENSMUSG00000097191	0
ENSMUSG00000097193	6
ENSMUSG00000097194	21
ENSMUSG00000097195	275
ENSMUSG00000097196	0
ENSMUSG00000097197	0
ENSMUSG00000097199	0
ENSMUSG00000097201	0
ENSMUSG00000097202	0
ENSMUSG00000097203	160
ENSMUSG00000097204	48
ENSMUSG00000097205	0
ENSMUSG00000097206	0
ENSMUSG00000097207	4
ENSMUSG00000097208	11
ENSMUSG00000097209	1
ENSMUSG00000097211	0
ENSMUSG00000097213	0
ENSMUSG00000097214	0
ENSMUSG00000097215	0
ENSMUSG00000097216	0
ENSMUSG00000097217	2
ENSMUSG00000097218	0
ENSMUSG00000097219	0
ENSMUSG00000097220	0
ENSMUSG00000097221	1
ENSMUSG00000097222	28
ENSMUSG00000097223	0
ENSMUSG00000097224	0
ENSMUSG00000097226	0
ENSMUSG00000097228	0
ENSMUSG00000097229	0
ENSMUSG00000097230	0
ENSMUSG00000097231	0
ENSMUSG00000097232	0
ENSMUSG00000097233	0
ENSMUSG00000097234	0
ENSMUSG00000097235	0
ENSMUSG00000097236	0
ENSMUSG00000097237	0
ENSMUSG00000097239	0
ENSMUSG00000097240	0
ENSMUSG00000097241	0
ENSMUSG00000097242	12
ENSMUSG00000097243	45
ENSMUSG00000097244	0
ENSMUSG00000097245	289
ENSMUSG00000097246	0
ENSMUSG00000097247	0
ENSMUSG00000097248	0
ENSMUSG00000097249	0
ENSMUSG00000097250	0
ENSMUSG00000097251	6
ENSMUSG00000097252	3
ENSMUSG00000097253	0
ENSMUSG00000097254	8
ENSMUSG00000097255	0
ENSMUSG00000097256	0
ENSMUSG00000097257	0
ENSMUSG00000097258	0
ENSMUSG00000097259	0
ENSMUSG00000097260	0
ENSMUSG00000097261	4
ENSMUSG00000097262	0
ENSMUSG00000097263	0
ENSMUSG00000097264	0
ENSMUSG00000097265	0
ENSMUSG00000097266	0
ENSMUSG00000097267	0
ENSMUSG00000097268	0
ENSMUSG00000097271	0
ENSMUSG00000097272	0
ENSMUSG00000097274	1
ENSMUSG00000097275	0
ENSMUSG00000097276	3
ENSMUSG00000097277	51
ENSMUSG00000097278	0
ENSMUSG00000097279	0
ENSMUSG00000097280	0
ENSMUSG00000097281	0
ENSMUSG00000097282	0
ENSMUSG00000097283	0
ENSMUSG00000097284	47
ENSMUSG00000097285	0
ENSMUSG00000097286	19
ENSMUSG00000097287	25
ENSMUSG00000097288	0
ENSMUSG00000097289	0
ENSMUSG00000097290	286
ENSMUSG00000097291	0
ENSMUSG00000097292	1
ENSMUSG00000097293	0
ENSMUSG00000097294	0
ENSMUSG00000097295	0
ENSMUSG00000097296	48
ENSMUSG00000097299	0
ENSMUSG00000097300	0
ENSMUSG00000097301	0
ENSMUSG00000097302	0
ENSMUSG00000097303	1
ENSMUSG00000097304	0
ENSMUSG00000097305	0
ENSMUSG00000097307	0
ENSMUSG00000097308	0
ENSMUSG00000097309	12
ENSMUSG00000097310	91
ENSMUSG00000097311	0
ENSMUSG00000097312	0
ENSMUSG00000097313	10
ENSMUSG00000097315	0
ENSMUSG00000097316	23
ENSMUSG00000097317	4
ENSMUSG00000097318	20
ENSMUSG00000097320	40
ENSMUSG00000097321	232
ENSMUSG00000097322	0
ENSMUSG00000097323	0
ENSMUSG00000097324	0
ENSMUSG00000097325	3
ENSMUSG00000097326	0
ENSMUSG00000097327	31
ENSMUSG00000097328	377
ENSMUSG00000097329	0
ENSMUSG00000097330	0
ENSMUSG00000097331	3
ENSMUSG00000097332	0
ENSMUSG00000097333	115
ENSMUSG00000097334	7
ENSMUSG00000097335	0
ENSMUSG00000097336	218
ENSMUSG00000097337	0
ENSMUSG00000097338	0
ENSMUSG00000097339	0
ENSMUSG00000097340	0
ENSMUSG00000097342	0
ENSMUSG00000097343	29
ENSMUSG00000097344	0
ENSMUSG00000097345	5
ENSMUSG00000097346	1
ENSMUSG00000097347	0
ENSMUSG00000097349	0
ENSMUSG00000097350	27
ENSMUSG00000097352	7
ENSMUSG00000097353	118
ENSMUSG00000097354	320
ENSMUSG00000097355	0
ENSMUSG00000097356	0
ENSMUSG00000097357	18
ENSMUSG00000097358	0
ENSMUSG00000097360	12
ENSMUSG00000097361	0
ENSMUSG00000097362	0
ENSMUSG00000097363	0
ENSMUSG00000097364	0
ENSMUSG00000097365	0
ENSMUSG00000097366	0
ENSMUSG00000097367	1
ENSMUSG00000097368	0
ENSMUSG00000097369	0
ENSMUSG00000097370	0
ENSMUSG00000097371	0
ENSMUSG00000097372	0
ENSMUSG00000097373	0
ENSMUSG00000097374	0
ENSMUSG00000097375	108
ENSMUSG00000097376	0
ENSMUSG00000097377	0
ENSMUSG00000097378	21
ENSMUSG00000097379	0
ENSMUSG00000097380	0
ENSMUSG00000097381	0
ENSMUSG00000097382	0
ENSMUSG00000097383	52
ENSMUSG00000097384	0
ENSMUSG00000097385	7
ENSMUSG00000097386	3
ENSMUSG00000097387	0
ENSMUSG00000097388	0
ENSMUSG00000097390	0
ENSMUSG00000097391	17
ENSMUSG00000097392	700
ENSMUSG00000097393	0
ENSMUSG00000097396	0
ENSMUSG00000097397	12
ENSMUSG00000097398	0
ENSMUSG00000097399	0
ENSMUSG00000097401	0
ENSMUSG00000097402	4
ENSMUSG00000097403	8
ENSMUSG00000097404	1
ENSMUSG00000097405	0
ENSMUSG00000097406	0
ENSMUSG00000097407	0
ENSMUSG00000097408	0
ENSMUSG00000097409	0
ENSMUSG00000097410	0
ENSMUSG00000097411	0
ENSMUSG00000097412	63
ENSMUSG00000097413	33
ENSMUSG00000097414	0
ENSMUSG00000097415	579
ENSMUSG00000097416	13
ENSMUSG00000097417	0
ENSMUSG00000097418	0
ENSMUSG00000097419	0
ENSMUSG00000097420	0
ENSMUSG00000097421	0
ENSMUSG00000097422	2
ENSMUSG00000097423	0
ENSMUSG00000097424	0
ENSMUSG00000097425	0
ENSMUSG00000097426	173
ENSMUSG00000097427	0
ENSMUSG00000097428	0
ENSMUSG00000097429	0
ENSMUSG00000097430	0
ENSMUSG00000097431	21
ENSMUSG00000097433	0
ENSMUSG00000097434	0
ENSMUSG00000097435	0
ENSMUSG00000097437	0
ENSMUSG00000097438	0
ENSMUSG00000097439	2
ENSMUSG00000097440	13
ENSMUSG00000097441	0
ENSMUSG00000097442	0
ENSMUSG00000097443	0
ENSMUSG00000097444	0
ENSMUSG00000097445	1
ENSMUSG00000097446	0
ENSMUSG00000097447	0
ENSMUSG00000097448	11
ENSMUSG00000097450	0
ENSMUSG00000097451	90
ENSMUSG00000097452	0
ENSMUSG00000097453	5
ENSMUSG00000097454	0
ENSMUSG00000097455	0
ENSMUSG00000097456	0
ENSMUSG00000097457	1
ENSMUSG00000097458	3
ENSMUSG00000097459	0
ENSMUSG00000097460	0
ENSMUSG00000097461	0
ENSMUSG00000097462	8
ENSMUSG00000097463	1
ENSMUSG00000097464	12
ENSMUSG00000097465	0
ENSMUSG00000097466	0
ENSMUSG00000097467	3
ENSMUSG00000097468	10
ENSMUSG00000097469	0
ENSMUSG00000097470	0
ENSMUSG00000097471	3
ENSMUSG00000097472	2
ENSMUSG00000097473	0
ENSMUSG00000097474	0
ENSMUSG00000097476	0
ENSMUSG00000097479	1
ENSMUSG00000097480	0
ENSMUSG00000097481	0
ENSMUSG00000097482	23
ENSMUSG00000097483	0
ENSMUSG00000097484	0
ENSMUSG00000097486	0
ENSMUSG00000097487	18
ENSMUSG00000097488	0
ENSMUSG00000097489	8
ENSMUSG00000097491	0
ENSMUSG00000097493	9
ENSMUSG00000097494	7
ENSMUSG00000097495	0
ENSMUSG00000097496	0
ENSMUSG00000097497	0
ENSMUSG00000097500	0
ENSMUSG00000097501	12
ENSMUSG00000097502	0
ENSMUSG00000097503	64
ENSMUSG00000097504	0
ENSMUSG00000097505	1
ENSMUSG00000097507	0
ENSMUSG00000097509	29
ENSMUSG00000097511	0
ENSMUSG00000097513	0
ENSMUSG00000097514	6
ENSMUSG00000097515	1
ENSMUSG00000097516	0
ENSMUSG00000097517	0
ENSMUSG00000097518	0
ENSMUSG00000097519	2
ENSMUSG00000097520	0
ENSMUSG00000097522	0
ENSMUSG00000097523	6
ENSMUSG00000097524	0
ENSMUSG00000097525	0
ENSMUSG00000097526	1
ENSMUSG00000097527	4
ENSMUSG00000097529	0
ENSMUSG00000097530	18
ENSMUSG00000097532	0
ENSMUSG00000097533	3
ENSMUSG00000097534	8
ENSMUSG00000097535	1
ENSMUSG00000097536	2
ENSMUSG00000097537	3
ENSMUSG00000097538	0
ENSMUSG00000097539	0
ENSMUSG00000097540	0
ENSMUSG00000097541	0
ENSMUSG00000097542	0
ENSMUSG00000097543	0
ENSMUSG00000097544	0
ENSMUSG00000097545	0
ENSMUSG00000097546	0
ENSMUSG00000097547	0
ENSMUSG00000097548	0
ENSMUSG00000097550	0
ENSMUSG00000097551	0
ENSMUSG00000097552	0
ENSMUSG00000097553	0
ENSMUSG00000097554	0
ENSMUSG00000097557	0
ENSMUSG00000097558	2
ENSMUSG00000097559	1
ENSMUSG00000097560	0
ENSMUSG00000097561	1
ENSMUSG00000097562	0
ENSMUSG00000097563	0
ENSMUSG00000097564	18
ENSMUSG00000097565	0
ENSMUSG00000097566	4
ENSMUSG00000097567	7
ENSMUSG00000097569	1
ENSMUSG00000097571	50
ENSMUSG00000097572	6
ENSMUSG00000097573	7
ENSMUSG00000097574	197
ENSMUSG00000097575	0
ENSMUSG00000097576	6
ENSMUSG00000097577	29
ENSMUSG00000097578	0
ENSMUSG00000097579	12
ENSMUSG00000097580	0
ENSMUSG00000097582	0
ENSMUSG00000097583	0
ENSMUSG00000097584	0
ENSMUSG00000097585	18
ENSMUSG00000097586	0
ENSMUSG00000097587	0
ENSMUSG00000097589	340
ENSMUSG00000097590	0
ENSMUSG00000097591	0
ENSMUSG00000097592	0
ENSMUSG00000097593	0
ENSMUSG00000097594	0
ENSMUSG00000097595	3
ENSMUSG00000097596	0
ENSMUSG00000097597	1
ENSMUSG00000097598	0
ENSMUSG00000097599	0
ENSMUSG00000097601	28
ENSMUSG00000097602	0
ENSMUSG00000097603	0
ENSMUSG00000097604	0
ENSMUSG00000097605	1
ENSMUSG00000097608	0
ENSMUSG00000097609	0
ENSMUSG00000097610	0
ENSMUSG00000097612	0
ENSMUSG00000097613	9
ENSMUSG00000097614	0
ENSMUSG00000097615	139
ENSMUSG00000097616	60
ENSMUSG00000097617	30
ENSMUSG00000097618	0
ENSMUSG00000097619	2
ENSMUSG00000097620	0
ENSMUSG00000097621	0
ENSMUSG00000097622	0
ENSMUSG00000097623	0
ENSMUSG00000097624	0
ENSMUSG00000097625	0
ENSMUSG00000097626	2
ENSMUSG00000097627	0
ENSMUSG00000097628	0
ENSMUSG00000097630	0
ENSMUSG00000097632	4
ENSMUSG00000097633	0
ENSMUSG00000097634	0
ENSMUSG00000097635	0
ENSMUSG00000097636	25
ENSMUSG00000097637	1
ENSMUSG00000097638	0
ENSMUSG00000097639	6
ENSMUSG00000097640	3
ENSMUSG00000097641	0
ENSMUSG00000097642	0
ENSMUSG00000097643	7
ENSMUSG00000097644	0
ENSMUSG00000097645	1
ENSMUSG00000097646	0
ENSMUSG00000097648	0
ENSMUSG00000097649	3
ENSMUSG00000097650	0
ENSMUSG00000097651	0
ENSMUSG00000097652	0
ENSMUSG00000097653	0
ENSMUSG00000097654	1
ENSMUSG00000097655	0
ENSMUSG00000097656	0
ENSMUSG00000097657	46
ENSMUSG00000097658	26
ENSMUSG00000097659	0
ENSMUSG00000097660	0
ENSMUSG00000097661	0
ENSMUSG00000097662	2
ENSMUSG00000097664	0
ENSMUSG00000097665	2
ENSMUSG00000097666	3
ENSMUSG00000097667	0
ENSMUSG00000097668	0
ENSMUSG00000097669	0
ENSMUSG00000097670	0
ENSMUSG00000097671	4
ENSMUSG00000097672	0
ENSMUSG00000097673	21
ENSMUSG00000097674	2
ENSMUSG00000097675	7
ENSMUSG00000097676	0
ENSMUSG00000097677	0
ENSMUSG00000097679	0
ENSMUSG00000097680	0
ENSMUSG00000097681	0
ENSMUSG00000097682	0
ENSMUSG00000097683	0
ENSMUSG00000097684	0
ENSMUSG00000097685	0
ENSMUSG00000097686	0
ENSMUSG00000097689	0
ENSMUSG00000097690	0
ENSMUSG00000097691	150
ENSMUSG00000097692	4
ENSMUSG00000097693	0
ENSMUSG00000097694	3
ENSMUSG00000097695	0
ENSMUSG00000097697	0
ENSMUSG00000097698	0
ENSMUSG00000097699	3
ENSMUSG00000097700	0
ENSMUSG00000097701	0
ENSMUSG00000097702	10
ENSMUSG00000097703	1
ENSMUSG00000097704	0
ENSMUSG00000097705	1
ENSMUSG00000097706	21
ENSMUSG00000097707	0
ENSMUSG00000097709	0
ENSMUSG00000097710	0
ENSMUSG00000097711	0
ENSMUSG00000097712	0
ENSMUSG00000097713	0
ENSMUSG00000097714	0
ENSMUSG00000097715	28
ENSMUSG00000097716	0
ENSMUSG00000097717	0
ENSMUSG00000097718	0
ENSMUSG00000097719	0
ENSMUSG00000097720	0
ENSMUSG00000097722	0
ENSMUSG00000097723	0
ENSMUSG00000097724	3
ENSMUSG00000097725	0
ENSMUSG00000097726	0
ENSMUSG00000097727	11
ENSMUSG00000097728	0
ENSMUSG00000097729	28
ENSMUSG00000097730	212
ENSMUSG00000097731	1
ENSMUSG00000097732	4
ENSMUSG00000097734	0
ENSMUSG00000097735	0
ENSMUSG00000097736	0
ENSMUSG00000097737	0
ENSMUSG00000097738	0
ENSMUSG00000097739	0
ENSMUSG00000097740	0
ENSMUSG00000097742	0
ENSMUSG00000097743	170
ENSMUSG00000097744	0
ENSMUSG00000097745	0
ENSMUSG00000097746	0
ENSMUSG00000097747	1
ENSMUSG00000097748	0
ENSMUSG00000097749	1
ENSMUSG00000097750	108
ENSMUSG00000097751	0
ENSMUSG00000097752	0
ENSMUSG00000097753	0
ENSMUSG00000097754	0
ENSMUSG00000097755	0
ENSMUSG00000097756	0
ENSMUSG00000097757	13
ENSMUSG00000097759	0
ENSMUSG00000097760	4
ENSMUSG00000097761	8
ENSMUSG00000097762	0
ENSMUSG00000097763	0
ENSMUSG00000097764	0
ENSMUSG00000097766	1
ENSMUSG00000097767	0
ENSMUSG00000097768	46
ENSMUSG00000097769	36
ENSMUSG00000097770	0
ENSMUSG00000097772	156
ENSMUSG00000097773	7
ENSMUSG00000097774	0
ENSMUSG00000097775	1
ENSMUSG00000097776	0
ENSMUSG00000097777	5
ENSMUSG00000097779	0
ENSMUSG00000097780	0
ENSMUSG00000097781	4
ENSMUSG00000097783	12
ENSMUSG00000097784	4
ENSMUSG00000097785	20
ENSMUSG00000097786	1
ENSMUSG00000097787	39
ENSMUSG00000097788	0
ENSMUSG00000097789	0
ENSMUSG00000097790	6
ENSMUSG00000097791	0
ENSMUSG00000097792	0
ENSMUSG00000097793	14
ENSMUSG00000097794	0
ENSMUSG00000097795	0
ENSMUSG00000097796	0
ENSMUSG00000097797	0
ENSMUSG00000097798	0
ENSMUSG00000097799	0
ENSMUSG00000097800	0
ENSMUSG00000097801	0
ENSMUSG00000097803	0
ENSMUSG00000097804	0
ENSMUSG00000097805	1
ENSMUSG00000097806	0
ENSMUSG00000097807	0
ENSMUSG00000097809	0
ENSMUSG00000097811	0
ENSMUSG00000097812	0
ENSMUSG00000097814	4
ENSMUSG00000097815	0
ENSMUSG00000097816	0
ENSMUSG00000097817	0
ENSMUSG00000097818	0
ENSMUSG00000097819	0
ENSMUSG00000097820	1
ENSMUSG00000097821	0
ENSMUSG00000097822	0
ENSMUSG00000097823	3
ENSMUSG00000097824	0
ENSMUSG00000097825	0
ENSMUSG00000097827	0
ENSMUSG00000097828	6
ENSMUSG00000097831	0
ENSMUSG00000097832	2
ENSMUSG00000097833	0
ENSMUSG00000097834	1
ENSMUSG00000097835	15
ENSMUSG00000097836	1
ENSMUSG00000097837	0
ENSMUSG00000097838	0
ENSMUSG00000097839	0
ENSMUSG00000097840	5
ENSMUSG00000097841	0
ENSMUSG00000097842	11
ENSMUSG00000097843	0
ENSMUSG00000097845	0
ENSMUSG00000097847	0
ENSMUSG00000097848	0
ENSMUSG00000097850	0
ENSMUSG00000097851	0
ENSMUSG00000097852	1
ENSMUSG00000097853	0
ENSMUSG00000097854	0
ENSMUSG00000097855	1
ENSMUSG00000097857	0
ENSMUSG00000097858	0
ENSMUSG00000097859	0
ENSMUSG00000097860	0
ENSMUSG00000097861	0
ENSMUSG00000097862	0
ENSMUSG00000097863	15
ENSMUSG00000097864	0
ENSMUSG00000097867	446
ENSMUSG00000097868	11
ENSMUSG00000097869	0
ENSMUSG00000097870	0
ENSMUSG00000097871	0
ENSMUSG00000097872	0
ENSMUSG00000097873	0
ENSMUSG00000097874	2
ENSMUSG00000097875	1
ENSMUSG00000097876	0
ENSMUSG00000097877	0
ENSMUSG00000097878	0
ENSMUSG00000097879	0
ENSMUSG00000097881	0
ENSMUSG00000097882	6
ENSMUSG00000097883	0
ENSMUSG00000097884	0
ENSMUSG00000097885	18
ENSMUSG00000097886	0
ENSMUSG00000097887	0
ENSMUSG00000097888	1
ENSMUSG00000097889	0
ENSMUSG00000097890	3
ENSMUSG00000097891	0
ENSMUSG00000097892	1
ENSMUSG00000097893	13
ENSMUSG00000097895	0
ENSMUSG00000097896	0
ENSMUSG00000097897	0
ENSMUSG00000097898	0
ENSMUSG00000097899	0
ENSMUSG00000097900	0
ENSMUSG00000097901	0
ENSMUSG00000097902	0
ENSMUSG00000097903	0
ENSMUSG00000097904	0
ENSMUSG00000097906	9
ENSMUSG00000097907	0
ENSMUSG00000097908	62
ENSMUSG00000097910	8
ENSMUSG00000097911	0
ENSMUSG00000097912	0
ENSMUSG00000097913	0
ENSMUSG00000097914	0
ENSMUSG00000097915	6
ENSMUSG00000097917	0
ENSMUSG00000097918	0
ENSMUSG00000097919	0
ENSMUSG00000097920	0
ENSMUSG00000097921	1
ENSMUSG00000097923	0
ENSMUSG00000097924	0
ENSMUSG00000097925	0
ENSMUSG00000097926	1
ENSMUSG00000097927	0
ENSMUSG00000097928	1
ENSMUSG00000097929	0
ENSMUSG00000097930	3
ENSMUSG00000097931	0
ENSMUSG00000097932	0
ENSMUSG00000097933	0
ENSMUSG00000097934	1
ENSMUSG00000097935	0
ENSMUSG00000097936	0
ENSMUSG00000097937	0
ENSMUSG00000097938	0
ENSMUSG00000097939	0
ENSMUSG00000097940	0
ENSMUSG00000097941	0
ENSMUSG00000097942	0
ENSMUSG00000097943	0
ENSMUSG00000097944	61
ENSMUSG00000097945	0
ENSMUSG00000097946	1
ENSMUSG00000097947	0
ENSMUSG00000097948	0
ENSMUSG00000097949	0
ENSMUSG00000097950	0
ENSMUSG00000097951	0
ENSMUSG00000097952	0
ENSMUSG00000097953	0
ENSMUSG00000097954	0
ENSMUSG00000097955	0
ENSMUSG00000097957	0
ENSMUSG00000097958	0
ENSMUSG00000097959	0
ENSMUSG00000097960	1
ENSMUSG00000097961	0
ENSMUSG00000097962	0
ENSMUSG00000097963	0
ENSMUSG00000097964	0
ENSMUSG00000097965	0
ENSMUSG00000097966	0
ENSMUSG00000097967	0
ENSMUSG00000097968	0
ENSMUSG00000097970	0
ENSMUSG00000097971	1826
ENSMUSG00000097972	0
ENSMUSG00000097973	0
ENSMUSG00000097974	70
ENSMUSG00000097975	0
ENSMUSG00000097976	0
ENSMUSG00000097977	0
ENSMUSG00000097979	0
ENSMUSG00000097980	0
ENSMUSG00000097981	0
ENSMUSG00000097982	0
ENSMUSG00000097983	0
ENSMUSG00000097984	0
ENSMUSG00000097985	0
ENSMUSG00000097986	0
ENSMUSG00000097987	0
ENSMUSG00000097988	0
ENSMUSG00000097989	0
ENSMUSG00000097990	3
ENSMUSG00000097991	0
ENSMUSG00000097992	0
ENSMUSG00000097993	6
ENSMUSG00000097994	46
ENSMUSG00000097995	0
ENSMUSG00000097996	0
ENSMUSG00000097997	0
ENSMUSG00000097998	0
ENSMUSG00000097999	0
ENSMUSG00000098000	0
ENSMUSG00000098001	0
ENSMUSG00000098002	0
ENSMUSG00000098003	0
ENSMUSG00000098004	1
ENSMUSG00000098005	0
ENSMUSG00000098006	0
ENSMUSG00000098007	0
ENSMUSG00000098008	2
ENSMUSG00000098009	0
ENSMUSG00000098010	0
ENSMUSG00000098011	0
ENSMUSG00000098012	0
ENSMUSG00000098013	0
ENSMUSG00000098014	81
ENSMUSG00000098015	0
ENSMUSG00000098016	0
ENSMUSG00000098017	0
ENSMUSG00000098019	0
ENSMUSG00000098021	0
ENSMUSG00000098022	0
ENSMUSG00000098023	0
ENSMUSG00000098024	18
ENSMUSG00000098025	0
ENSMUSG00000098026	0
ENSMUSG00000098027	0
ENSMUSG00000098028	0
ENSMUSG00000098029	0
ENSMUSG00000098030	0
ENSMUSG00000098031	1
ENSMUSG00000098033	0
ENSMUSG00000098035	0
ENSMUSG00000098036	1
ENSMUSG00000098037	6
ENSMUSG00000098038	0
ENSMUSG00000098039	0
ENSMUSG00000098040	0
ENSMUSG00000098041	0
ENSMUSG00000098042	0
ENSMUSG00000098043	0
ENSMUSG00000098044	0
ENSMUSG00000098045	0
ENSMUSG00000098046	1
ENSMUSG00000098047	0
ENSMUSG00000098048	0
ENSMUSG00000098050	11
ENSMUSG00000098051	0
ENSMUSG00000098052	0
ENSMUSG00000098053	0
ENSMUSG00000098054	0
ENSMUSG00000098055	20
ENSMUSG00000098056	0
ENSMUSG00000098057	0
ENSMUSG00000098058	0
ENSMUSG00000098059	0
ENSMUSG00000098060	0
ENSMUSG00000098061	0
ENSMUSG00000098062	0
ENSMUSG00000098064	0
ENSMUSG00000098065	0
ENSMUSG00000098066	9
ENSMUSG00000098067	0
ENSMUSG00000098068	0
ENSMUSG00000098069	0
ENSMUSG00000098070	0
ENSMUSG00000098071	0
ENSMUSG00000098072	0
ENSMUSG00000098073	0
ENSMUSG00000098074	0
ENSMUSG00000098075	0
ENSMUSG00000098076	1
ENSMUSG00000098077	0
ENSMUSG00000098078	0
ENSMUSG00000098079	0
ENSMUSG00000098080	0
ENSMUSG00000098081	0
ENSMUSG00000098082	0
ENSMUSG00000098083	0
ENSMUSG00000098084	0
ENSMUSG00000098085	0
ENSMUSG00000098086	0
ENSMUSG00000098087	0
ENSMUSG00000098088	0
ENSMUSG00000098089	0
ENSMUSG00000098090	22
ENSMUSG00000098091	0
ENSMUSG00000098092	0
ENSMUSG00000098093	0
ENSMUSG00000098094	0
ENSMUSG00000098095	0
ENSMUSG00000098096	0
ENSMUSG00000098097	0
ENSMUSG00000098098	21
ENSMUSG00000098099	0
ENSMUSG00000098100	0
ENSMUSG00000098101	0
ENSMUSG00000098102	0
ENSMUSG00000098103	0
ENSMUSG00000098104	299
ENSMUSG00000098105	0
ENSMUSG00000098106	0
ENSMUSG00000098107	0
ENSMUSG00000098108	0
ENSMUSG00000098109	0
ENSMUSG00000098110	0
ENSMUSG00000098111	0
ENSMUSG00000098112	163
ENSMUSG00000098113	0
ENSMUSG00000098114	0
ENSMUSG00000098115	2
ENSMUSG00000098116	0
ENSMUSG00000098118	0
ENSMUSG00000098119	0
ENSMUSG00000098120	2
ENSMUSG00000098121	0
ENSMUSG00000098122	0
ENSMUSG00000098123	0
ENSMUSG00000098124	0
ENSMUSG00000098125	0
ENSMUSG00000098126	0
ENSMUSG00000098127	0
ENSMUSG00000098128	0
ENSMUSG00000098129	0
ENSMUSG00000098130	0
ENSMUSG00000098131	0
ENSMUSG00000098132	1
ENSMUSG00000098134	240
ENSMUSG00000098135	0
ENSMUSG00000098136	0
ENSMUSG00000098137	0
ENSMUSG00000098138	0
ENSMUSG00000098139	0
ENSMUSG00000098140	4
ENSMUSG00000098141	0
ENSMUSG00000098142	0
ENSMUSG00000098143	0
ENSMUSG00000098144	0
ENSMUSG00000098145	0
ENSMUSG00000098146	11
ENSMUSG00000098147	0
ENSMUSG00000098149	0
ENSMUSG00000098150	0
ENSMUSG00000098151	0
ENSMUSG00000098152	0
ENSMUSG00000098153	0
ENSMUSG00000098154	0
ENSMUSG00000098155	0
ENSMUSG00000098156	0
ENSMUSG00000098157	0
ENSMUSG00000098158	1
ENSMUSG00000098159	0
ENSMUSG00000098160	0
ENSMUSG00000098161	0
ENSMUSG00000098162	0
ENSMUSG00000098163	0
ENSMUSG00000098164	0
ENSMUSG00000098165	0
ENSMUSG00000098166	0
ENSMUSG00000098167	0
ENSMUSG00000098169	0
ENSMUSG00000098170	0
ENSMUSG00000098171	0
ENSMUSG00000098172	0
ENSMUSG00000098173	0
ENSMUSG00000098174	0
ENSMUSG00000098175	0
ENSMUSG00000098176	95
ENSMUSG00000098177	0
ENSMUSG00000098178	720
ENSMUSG00000098179	0
ENSMUSG00000098180	0
ENSMUSG00000098181	0
ENSMUSG00000098183	27
ENSMUSG00000098184	0
ENSMUSG00000098185	0
ENSMUSG00000098186	0
ENSMUSG00000098187	0
ENSMUSG00000098188	185
ENSMUSG00000098189	0
ENSMUSG00000098190	0
ENSMUSG00000098191	0
ENSMUSG00000098192	0
ENSMUSG00000098193	0
ENSMUSG00000098194	0
ENSMUSG00000098195	0
ENSMUSG00000098196	1
ENSMUSG00000098197	0
ENSMUSG00000098198	4
ENSMUSG00000098199	0
ENSMUSG00000098200	0
ENSMUSG00000098201	0
ENSMUSG00000098202	0
ENSMUSG00000098203	0
ENSMUSG00000098204	0
ENSMUSG00000098205	0
ENSMUSG00000098206	2
ENSMUSG00000098207	0
ENSMUSG00000098208	0
ENSMUSG00000098209	0
ENSMUSG00000098210	4
ENSMUSG00000098211	0
ENSMUSG00000098212	0
ENSMUSG00000098213	0
ENSMUSG00000098214	0
ENSMUSG00000098215	0
ENSMUSG00000098216	0
ENSMUSG00000098217	0
ENSMUSG00000098218	0
ENSMUSG00000098219	0
ENSMUSG00000098221	4
ENSMUSG00000098222	0
ENSMUSG00000098223	0
ENSMUSG00000098224	0
ENSMUSG00000098225	0
ENSMUSG00000098226	3
ENSMUSG00000098227	0
ENSMUSG00000098228	0
ENSMUSG00000098229	0
ENSMUSG00000098230	0
ENSMUSG00000098231	0
ENSMUSG00000098232	0
ENSMUSG00000098233	0
ENSMUSG00000098234	317
ENSMUSG00000098235	2
ENSMUSG00000098236	0
ENSMUSG00000098237	0
ENSMUSG00000098238	0
ENSMUSG00000098240	0
ENSMUSG00000098241	0
ENSMUSG00000098242	0
ENSMUSG00000098243	0
ENSMUSG00000098244	0
ENSMUSG00000098245	0
ENSMUSG00000098246	0
ENSMUSG00000098247	0
ENSMUSG00000098248	0
ENSMUSG00000098249	0
ENSMUSG00000098251	0
ENSMUSG00000098252	0
ENSMUSG00000098253	0
ENSMUSG00000098254	0
ENSMUSG00000098255	0
ENSMUSG00000098257	0
ENSMUSG00000098258	0
ENSMUSG00000098259	0
ENSMUSG00000098260	0
ENSMUSG00000098261	0
ENSMUSG00000098262	0
ENSMUSG00000098263	0
ENSMUSG00000098264	0
ENSMUSG00000098265	0
ENSMUSG00000098266	0
ENSMUSG00000098267	2
ENSMUSG00000098268	0
ENSMUSG00000098269	1
ENSMUSG00000098270	0
ENSMUSG00000098271	0
ENSMUSG00000098272	0
ENSMUSG00000098273	0
ENSMUSG00000098274	4
ENSMUSG00000098275	0
ENSMUSG00000098276	0
ENSMUSG00000098278	0
ENSMUSG00000098279	0
ENSMUSG00000098280	0
ENSMUSG00000098281	0
ENSMUSG00000098282	0
ENSMUSG00000098284	0
ENSMUSG00000098285	0
ENSMUSG00000098286	0
ENSMUSG00000098287	0
ENSMUSG00000098288	0
ENSMUSG00000098289	0
ENSMUSG00000098290	0
ENSMUSG00000098291	0
ENSMUSG00000098292	0
ENSMUSG00000098293	0
ENSMUSG00000098294	0
ENSMUSG00000098295	0
ENSMUSG00000098296	0
ENSMUSG00000098297	0
ENSMUSG00000098298	0
ENSMUSG00000098299	0
ENSMUSG00000098300	0
ENSMUSG00000098302	0
ENSMUSG00000098303	0
ENSMUSG00000098304	0
ENSMUSG00000098305	0
ENSMUSG00000098306	0
ENSMUSG00000098307	0
ENSMUSG00000098308	0
ENSMUSG00000098309	0
ENSMUSG00000098310	0
ENSMUSG00000098311	0
ENSMUSG00000098312	0
ENSMUSG00000098313	0
ENSMUSG00000098314	0
ENSMUSG00000098315	0
ENSMUSG00000098316	0
ENSMUSG00000098317	0
ENSMUSG00000098318	5
ENSMUSG00000098319	0
ENSMUSG00000098320	0
ENSMUSG00000098322	1
ENSMUSG00000098323	0
ENSMUSG00000098325	0
ENSMUSG00000098326	0
ENSMUSG00000098327	0
ENSMUSG00000098328	0
ENSMUSG00000098329	0
ENSMUSG00000098330	48
ENSMUSG00000098331	0
ENSMUSG00000098332	259
ENSMUSG00000098333	0
ENSMUSG00000098334	0
ENSMUSG00000098335	0
ENSMUSG00000098336	0
ENSMUSG00000098338	0
ENSMUSG00000098339	0
ENSMUSG00000098340	0
ENSMUSG00000098341	0
ENSMUSG00000098342	0
ENSMUSG00000098343	1
ENSMUSG00000098344	0
ENSMUSG00000098345	0
ENSMUSG00000098346	0
ENSMUSG00000098347	0
ENSMUSG00000098348	0
ENSMUSG00000098349	0
ENSMUSG00000098350	1
ENSMUSG00000098351	0
ENSMUSG00000098353	0
ENSMUSG00000098354	1
ENSMUSG00000098355	0
ENSMUSG00000098356	0
ENSMUSG00000098357	0
ENSMUSG00000098358	0
ENSMUSG00000098359	0
ENSMUSG00000098360	0
ENSMUSG00000098361	0
ENSMUSG00000098362	0
ENSMUSG00000098363	2
ENSMUSG00000098364	0
ENSMUSG00000098365	0
ENSMUSG00000098366	0
ENSMUSG00000098367	0
ENSMUSG00000098368	0
ENSMUSG00000098369	0
ENSMUSG00000098370	0
ENSMUSG00000098371	0
ENSMUSG00000098373	0
ENSMUSG00000098374	29
ENSMUSG00000098376	0
ENSMUSG00000098378	0
ENSMUSG00000098379	0
ENSMUSG00000098380	0
ENSMUSG00000098381	0
ENSMUSG00000098382	0
ENSMUSG00000098383	0
ENSMUSG00000098385	0
ENSMUSG00000098386	0
ENSMUSG00000098387	0
ENSMUSG00000098388	0
ENSMUSG00000098389	0
ENSMUSG00000098390	0
ENSMUSG00000098391	0
ENSMUSG00000098392	0
ENSMUSG00000098393	0
ENSMUSG00000098394	0
ENSMUSG00000098395	0
ENSMUSG00000098396	0
ENSMUSG00000098397	0
ENSMUSG00000098399	0
ENSMUSG00000098400	0
ENSMUSG00000098401	0
ENSMUSG00000098402	0
ENSMUSG00000098403	0
ENSMUSG00000098404	70
ENSMUSG00000098405	0
ENSMUSG00000098406	0
ENSMUSG00000098407	0
ENSMUSG00000098408	0
ENSMUSG00000098409	0
ENSMUSG00000098410	0
ENSMUSG00000098412	0
ENSMUSG00000098413	4
ENSMUSG00000098414	0
ENSMUSG00000098415	0
ENSMUSG00000098416	0
ENSMUSG00000098417	0
ENSMUSG00000098418	0
ENSMUSG00000098419	0
ENSMUSG00000098420	0
ENSMUSG00000098421	0
ENSMUSG00000098422	0
ENSMUSG00000098423	0
ENSMUSG00000098424	0
ENSMUSG00000098425	0
ENSMUSG00000098426	0
ENSMUSG00000098428	0
ENSMUSG00000098429	0
ENSMUSG00000098430	0
ENSMUSG00000098431	0
ENSMUSG00000098432	0
ENSMUSG00000098433	0
ENSMUSG00000098434	0
ENSMUSG00000098435	0
ENSMUSG00000098436	0
ENSMUSG00000098437	0
ENSMUSG00000098438	0
ENSMUSG00000098439	0
ENSMUSG00000098441	0
ENSMUSG00000098442	0
ENSMUSG00000098443	0
ENSMUSG00000098444	0
ENSMUSG00000098445	0
ENSMUSG00000098446	0
ENSMUSG00000098447	13
ENSMUSG00000098448	0
ENSMUSG00000098449	1
ENSMUSG00000098451	0
ENSMUSG00000098452	0
ENSMUSG00000098453	0
ENSMUSG00000098454	0
ENSMUSG00000098455	0
ENSMUSG00000098456	0
ENSMUSG00000098457	0
ENSMUSG00000098458	0
ENSMUSG00000098459	0
ENSMUSG00000098460	0
ENSMUSG00000098462	0
ENSMUSG00000098463	0
ENSMUSG00000098464	0
ENSMUSG00000098465	0
ENSMUSG00000098466	0
ENSMUSG00000098467	0
ENSMUSG00000098468	0
ENSMUSG00000098469	0
ENSMUSG00000098470	3
ENSMUSG00000098471	0
ENSMUSG00000098472	0
ENSMUSG00000098473	0
ENSMUSG00000098474	0
ENSMUSG00000098475	0
ENSMUSG00000098476	0
ENSMUSG00000098477	0
ENSMUSG00000098478	0
ENSMUSG00000098479	0
ENSMUSG00000098480	0
ENSMUSG00000098481	0
ENSMUSG00000098482	0
ENSMUSG00000098483	0
ENSMUSG00000098484	0
ENSMUSG00000098485	0
ENSMUSG00000098486	0
ENSMUSG00000098487	0
ENSMUSG00000098488	0
ENSMUSG00000098489	0
ENSMUSG00000098490	0
ENSMUSG00000098491	0
ENSMUSG00000098492	0
ENSMUSG00000098493	0
ENSMUSG00000098494	0
ENSMUSG00000098497	0
ENSMUSG00000098498	0
ENSMUSG00000098499	0
ENSMUSG00000098500	0
ENSMUSG00000098501	0
ENSMUSG00000098502	0
ENSMUSG00000098503	0
ENSMUSG00000098504	0
ENSMUSG00000098505	0
ENSMUSG00000098506	13
ENSMUSG00000098507	0
ENSMUSG00000098508	0
ENSMUSG00000098509	0
ENSMUSG00000098510	0
ENSMUSG00000098511	0
ENSMUSG00000098513	0
ENSMUSG00000098514	0
ENSMUSG00000098515	0
ENSMUSG00000098516	0
ENSMUSG00000098518	0
ENSMUSG00000098519	1
ENSMUSG00000098520	0
ENSMUSG00000098521	0
ENSMUSG00000098522	0
ENSMUSG00000098524	0
ENSMUSG00000098525	0
ENSMUSG00000098526	0
ENSMUSG00000098527	0
ENSMUSG00000098528	1
ENSMUSG00000098529	0
ENSMUSG00000098530	0
ENSMUSG00000098531	0
ENSMUSG00000098532	0
ENSMUSG00000098533	0
ENSMUSG00000098534	0
ENSMUSG00000098535	0
ENSMUSG00000098536	0
ENSMUSG00000098537	0
ENSMUSG00000098538	0
ENSMUSG00000098539	0
ENSMUSG00000098540	0
ENSMUSG00000098541	0
ENSMUSG00000098542	0
ENSMUSG00000098543	0
ENSMUSG00000098544	0
ENSMUSG00000098547	39
ENSMUSG00000098548	0
ENSMUSG00000098549	0
ENSMUSG00000098550	1
ENSMUSG00000098552	0
ENSMUSG00000098553	0
ENSMUSG00000098555	0
ENSMUSG00000098557	400
ENSMUSG00000098558	0
ENSMUSG00000098559	0
ENSMUSG00000098560	0
ENSMUSG00000098561	0
ENSMUSG00000098562	0
ENSMUSG00000098563	0
ENSMUSG00000098564	0
ENSMUSG00000098565	0
ENSMUSG00000098566	0
ENSMUSG00000098567	0
ENSMUSG00000098568	0
ENSMUSG00000098569	0
ENSMUSG00000098570	1
ENSMUSG00000098572	0
ENSMUSG00000098573	0
ENSMUSG00000098574	0
ENSMUSG00000098575	0
ENSMUSG00000098577	0
ENSMUSG00000098578	0
ENSMUSG00000098579	0
ENSMUSG00000098580	0
ENSMUSG00000098582	0
ENSMUSG00000098583	0
ENSMUSG00000098585	0
ENSMUSG00000098586	0
ENSMUSG00000098588	0
ENSMUSG00000098589	0
ENSMUSG00000098590	0
ENSMUSG00000098591	0
ENSMUSG00000098592	0
ENSMUSG00000098593	0
ENSMUSG00000098594	0
ENSMUSG00000098595	0
ENSMUSG00000098596	0
ENSMUSG00000098597	0
ENSMUSG00000098599	0
ENSMUSG00000098600	0
ENSMUSG00000098601	0
ENSMUSG00000098602	0
ENSMUSG00000098603	0
ENSMUSG00000098604	0
ENSMUSG00000098606	0
ENSMUSG00000098607	0
ENSMUSG00000098608	0
ENSMUSG00000098609	0
ENSMUSG00000098611	0
ENSMUSG00000098612	0
ENSMUSG00000098613	0
ENSMUSG00000098614	0
ENSMUSG00000098617	0
ENSMUSG00000098618	0
ENSMUSG00000098619	0
ENSMUSG00000098620	0
ENSMUSG00000098621	0
ENSMUSG00000098622	0
ENSMUSG00000098623	0
ENSMUSG00000098624	0
ENSMUSG00000098625	0
ENSMUSG00000098626	0
ENSMUSG00000098627	0
ENSMUSG00000098628	0
ENSMUSG00000098629	0
ENSMUSG00000098630	0
ENSMUSG00000098631	0
ENSMUSG00000098632	0
ENSMUSG00000098634	0
ENSMUSG00000098635	0
ENSMUSG00000098636	0
ENSMUSG00000098638	0
ENSMUSG00000098640	0
ENSMUSG00000098641	0
ENSMUSG00000098642	0
ENSMUSG00000098644	0
ENSMUSG00000098645	0
ENSMUSG00000098646	0
ENSMUSG00000098647	0
ENSMUSG00000098648	0
ENSMUSG00000098649	0
ENSMUSG00000098650	2
ENSMUSG00000098651	0
ENSMUSG00000098652	0
ENSMUSG00000098653	0
ENSMUSG00000098654	0
ENSMUSG00000098655	0
ENSMUSG00000098656	0
ENSMUSG00000098657	0
ENSMUSG00000098658	0
ENSMUSG00000098659	0
ENSMUSG00000098660	0
ENSMUSG00000098661	3
ENSMUSG00000098662	0
ENSMUSG00000098663	1
ENSMUSG00000098664	0
ENSMUSG00000098665	0
ENSMUSG00000098666	0
ENSMUSG00000098667	0
ENSMUSG00000098668	0
ENSMUSG00000098669	0
ENSMUSG00000098670	0
ENSMUSG00000098671	0
ENSMUSG00000098672	1
ENSMUSG00000098674	0
ENSMUSG00000098675	0
ENSMUSG00000098676	0
ENSMUSG00000098677	0
ENSMUSG00000098678	12
ENSMUSG00000098679	0
ENSMUSG00000098680	0
ENSMUSG00000098682	0
ENSMUSG00000098683	0
ENSMUSG00000098684	0
ENSMUSG00000098685	0
ENSMUSG00000098686	0
ENSMUSG00000098687	0
ENSMUSG00000098688	0
ENSMUSG00000098689	0
ENSMUSG00000098690	0
ENSMUSG00000098691	0
ENSMUSG00000098692	2
ENSMUSG00000098693	0
ENSMUSG00000098694	0
ENSMUSG00000098695	0
ENSMUSG00000098696	0
ENSMUSG00000098697	0
ENSMUSG00000098698	0
ENSMUSG00000098700	0
ENSMUSG00000098701	0
ENSMUSG00000098702	31
ENSMUSG00000098703	0
ENSMUSG00000098704	0
ENSMUSG00000098705	0
ENSMUSG00000098706	0
ENSMUSG00000098707	0
ENSMUSG00000098708	62
ENSMUSG00000098709	0
ENSMUSG00000098710	1
ENSMUSG00000098711	0
ENSMUSG00000098712	0
ENSMUSG00000098713	1
ENSMUSG00000098714	0
ENSMUSG00000098715	0
ENSMUSG00000098716	0
ENSMUSG00000098717	0
ENSMUSG00000098718	0
ENSMUSG00000098719	0
ENSMUSG00000098720	0
ENSMUSG00000098721	0
ENSMUSG00000098722	0
ENSMUSG00000098723	0
ENSMUSG00000098725	0
ENSMUSG00000098726	0
ENSMUSG00000098727	0
ENSMUSG00000098728	0
ENSMUSG00000098729	0
ENSMUSG00000098730	0
ENSMUSG00000098731	0
ENSMUSG00000098732	0
ENSMUSG00000098733	0
ENSMUSG00000098734	0
ENSMUSG00000098735	0
ENSMUSG00000098736	0
ENSMUSG00000098737	0
ENSMUSG00000098739	0
ENSMUSG00000098740	0
ENSMUSG00000098741	0
ENSMUSG00000098742	0
ENSMUSG00000098743	0
ENSMUSG00000098744	0
ENSMUSG00000098745	0
ENSMUSG00000098747	578
ENSMUSG00000098748	0
ENSMUSG00000098749	5
ENSMUSG00000098750	0
ENSMUSG00000098751	0
ENSMUSG00000098752	0
ENSMUSG00000098754	0
ENSMUSG00000098755	0
ENSMUSG00000098756	0
ENSMUSG00000098757	0
ENSMUSG00000098758	0
ENSMUSG00000098759	1
ENSMUSG00000098760	0
ENSMUSG00000098761	1
ENSMUSG00000098762	0
ENSMUSG00000098763	0
ENSMUSG00000098764	0
ENSMUSG00000098765	0
ENSMUSG00000098766	0
ENSMUSG00000098767	0
ENSMUSG00000098768	0
ENSMUSG00000098769	0
ENSMUSG00000098770	0
ENSMUSG00000098771	0
ENSMUSG00000098772	0
ENSMUSG00000098773	0
ENSMUSG00000098774	0
ENSMUSG00000098775	0
ENSMUSG00000098776	0
ENSMUSG00000098777	0
ENSMUSG00000098778	0
ENSMUSG00000098779	1
ENSMUSG00000098780	0
ENSMUSG00000098781	0
ENSMUSG00000098782	0
ENSMUSG00000098783	0
ENSMUSG00000098784	0
ENSMUSG00000098785	0
ENSMUSG00000098786	0
ENSMUSG00000098787	0
ENSMUSG00000098788	0
ENSMUSG00000098789	84
ENSMUSG00000098790	0
ENSMUSG00000098791	0
ENSMUSG00000098792	6
ENSMUSG00000098793	0
ENSMUSG00000098794	0
ENSMUSG00000098795	0
ENSMUSG00000098796	0
ENSMUSG00000098797	0
ENSMUSG00000098798	0
ENSMUSG00000098799	0
ENSMUSG00000098800	0
ENSMUSG00000098801	0
ENSMUSG00000098802	0
ENSMUSG00000098803	0
ENSMUSG00000098805	0
ENSMUSG00000098807	0
ENSMUSG00000098808	0
ENSMUSG00000098809	0
ENSMUSG00000098811	0
ENSMUSG00000098812	0
ENSMUSG00000098813	0
ENSMUSG00000098814	2
ENSMUSG00000098815	0
ENSMUSG00000098816	0
ENSMUSG00000098817	0
ENSMUSG00000098818	0
ENSMUSG00000098819	0
ENSMUSG00000098820	0
ENSMUSG00000098821	0
ENSMUSG00000098822	0
ENSMUSG00000098823	0
ENSMUSG00000098824	0
ENSMUSG00000098825	0
ENSMUSG00000098826	0
ENSMUSG00000098827	0
ENSMUSG00000098828	0
ENSMUSG00000098829	0
ENSMUSG00000098830	1
ENSMUSG00000098831	0
ENSMUSG00000098832	0
ENSMUSG00000098833	0
ENSMUSG00000098834	0
ENSMUSG00000098836	0
ENSMUSG00000098837	0
ENSMUSG00000098838	0
ENSMUSG00000098839	0
ENSMUSG00000098840	0
ENSMUSG00000098842	0
ENSMUSG00000098843	0
ENSMUSG00000098844	0
ENSMUSG00000098845	0
ENSMUSG00000098846	0
ENSMUSG00000098847	0
ENSMUSG00000098848	0
ENSMUSG00000098849	0
ENSMUSG00000098850	13
ENSMUSG00000098851	0
ENSMUSG00000098852	0
ENSMUSG00000098853	0
ENSMUSG00000098854	0
ENSMUSG00000098855	0
ENSMUSG00000098856	0
ENSMUSG00000098857	0
ENSMUSG00000098858	0
ENSMUSG00000098859	0
ENSMUSG00000098860	0
ENSMUSG00000098861	0
ENSMUSG00000098862	0
ENSMUSG00000098863	0
ENSMUSG00000098864	0
ENSMUSG00000098865	0
ENSMUSG00000098866	0
ENSMUSG00000098867	1
ENSMUSG00000098868	0
ENSMUSG00000098869	0
ENSMUSG00000098871	0
ENSMUSG00000098873	0
ENSMUSG00000098874	0
ENSMUSG00000098875	0
ENSMUSG00000098876	0
ENSMUSG00000098877	0
ENSMUSG00000098878	0
ENSMUSG00000098879	0
ENSMUSG00000098880	0
ENSMUSG00000098881	0
ENSMUSG00000098882	2
ENSMUSG00000098883	0
ENSMUSG00000098884	0
ENSMUSG00000098885	0
ENSMUSG00000098886	0
ENSMUSG00000098887	0
ENSMUSG00000098888	0
ENSMUSG00000098889	1
ENSMUSG00000098890	0
ENSMUSG00000098891	0
ENSMUSG00000098893	0
ENSMUSG00000098894	0
ENSMUSG00000098895	0
ENSMUSG00000098896	0
ENSMUSG00000098897	0
ENSMUSG00000098898	0
ENSMUSG00000098899	0
ENSMUSG00000098900	0
ENSMUSG00000098901	0
ENSMUSG00000098903	0
ENSMUSG00000098904	0
ENSMUSG00000098905	71
ENSMUSG00000098906	0
ENSMUSG00000098907	0
ENSMUSG00000098908	0
ENSMUSG00000098909	0
ENSMUSG00000098910	0
ENSMUSG00000098912	0
ENSMUSG00000098914	0
ENSMUSG00000098915	0
ENSMUSG00000098916	0
ENSMUSG00000098917	0
ENSMUSG00000098918	0
ENSMUSG00000098919	0
ENSMUSG00000098920	0
ENSMUSG00000098922	0
ENSMUSG00000098923	399
ENSMUSG00000098924	0
ENSMUSG00000098925	0
ENSMUSG00000098926	0
ENSMUSG00000098928	0
ENSMUSG00000098929	0
ENSMUSG00000098931	0
ENSMUSG00000098932	0
ENSMUSG00000098934	0
ENSMUSG00000098935	0
ENSMUSG00000098937	0
ENSMUSG00000098938	0
ENSMUSG00000098939	0
ENSMUSG00000098940	0
ENSMUSG00000098942	0
ENSMUSG00000098943	0
ENSMUSG00000098944	0
ENSMUSG00000098945	0
ENSMUSG00000098946	0
ENSMUSG00000098947	0
ENSMUSG00000098948	0
ENSMUSG00000098949	1
ENSMUSG00000098950	4
ENSMUSG00000098951	0
ENSMUSG00000098952	0
ENSMUSG00000098953	0
ENSMUSG00000098954	0
ENSMUSG00000098955	1
ENSMUSG00000098956	5
ENSMUSG00000098957	0
ENSMUSG00000098958	0
ENSMUSG00000098959	0
ENSMUSG00000098960	0
ENSMUSG00000098961	0
ENSMUSG00000098962	0
ENSMUSG00000098963	0
ENSMUSG00000098964	0
ENSMUSG00000098965	0
ENSMUSG00000098966	0
ENSMUSG00000098967	0
ENSMUSG00000098968	0
ENSMUSG00000098969	0
ENSMUSG00000098970	0
ENSMUSG00000098972	2
ENSMUSG00000098973	1849
ENSMUSG00000098974	0
ENSMUSG00000098975	0
ENSMUSG00000098976	0
ENSMUSG00000098977	0
ENSMUSG00000098978	0
ENSMUSG00000098979	0
ENSMUSG00000098980	0
ENSMUSG00000098981	0
ENSMUSG00000098982	0
ENSMUSG00000098983	0
ENSMUSG00000098984	0
ENSMUSG00000098985	1
ENSMUSG00000098986	0
ENSMUSG00000098987	0
ENSMUSG00000098988	0
ENSMUSG00000098989	0
ENSMUSG00000098990	0
ENSMUSG00000098991	0
ENSMUSG00000098992	0
ENSMUSG00000098993	0
ENSMUSG00000098994	0
ENSMUSG00000098995	0
ENSMUSG00000098996	0
ENSMUSG00000098997	0
ENSMUSG00000098998	0
ENSMUSG00000098999	0
ENSMUSG00000099000	0
ENSMUSG00000099001	0
ENSMUSG00000099002	0
ENSMUSG00000099003	0
ENSMUSG00000099004	0
ENSMUSG00000099005	0
ENSMUSG00000099006	0
ENSMUSG00000099008	0
ENSMUSG00000099009	0
ENSMUSG00000099010	0
ENSMUSG00000099011	0
ENSMUSG00000099012	0
ENSMUSG00000099013	0
ENSMUSG00000099014	0
ENSMUSG00000099015	0
ENSMUSG00000099016	0
ENSMUSG00000099017	0
ENSMUSG00000099018	0
ENSMUSG00000099019	0
ENSMUSG00000099020	0
ENSMUSG00000099021	0
ENSMUSG00000099022	0
ENSMUSG00000099024	0
ENSMUSG00000099025	0
ENSMUSG00000099027	0
ENSMUSG00000099030	0
ENSMUSG00000099031	0
ENSMUSG00000099032	11
ENSMUSG00000099033	0
ENSMUSG00000099034	13
ENSMUSG00000099035	0
ENSMUSG00000099036	0
ENSMUSG00000099037	0
ENSMUSG00000099039	0
ENSMUSG00000099041	76
ENSMUSG00000099042	0
ENSMUSG00000099043	0
ENSMUSG00000099045	0
ENSMUSG00000099047	0
ENSMUSG00000099049	0
ENSMUSG00000099050	0
ENSMUSG00000099051	0
ENSMUSG00000099052	0
ENSMUSG00000099053	0
ENSMUSG00000099054	0
ENSMUSG00000099055	9
ENSMUSG00000099056	0
ENSMUSG00000099057	0
ENSMUSG00000099058	0
ENSMUSG00000099059	0
ENSMUSG00000099060	0
ENSMUSG00000099061	9
ENSMUSG00000099062	0
ENSMUSG00000099063	0
ENSMUSG00000099064	0
ENSMUSG00000099066	0
ENSMUSG00000099068	0
ENSMUSG00000099069	0
ENSMUSG00000099070	0
ENSMUSG00000099071	0
ENSMUSG00000099072	0
ENSMUSG00000099073	0
ENSMUSG00000099074	0
ENSMUSG00000099075	0
ENSMUSG00000099076	0
ENSMUSG00000099078	0
ENSMUSG00000099079	0
ENSMUSG00000099080	0
ENSMUSG00000099081	0
ENSMUSG00000099082	0
ENSMUSG00000099083	484
ENSMUSG00000099085	0
ENSMUSG00000099086	0
ENSMUSG00000099087	0
ENSMUSG00000099088	0
ENSMUSG00000099089	0
ENSMUSG00000099091	0
ENSMUSG00000099092	0
ENSMUSG00000099093	0
ENSMUSG00000099094	0
ENSMUSG00000099095	0
ENSMUSG00000099096	0
ENSMUSG00000099097	0
ENSMUSG00000099098	2
ENSMUSG00000099099	0
ENSMUSG00000099101	0
ENSMUSG00000099102	0
ENSMUSG00000099103	0
ENSMUSG00000099104	49
ENSMUSG00000099105	0
ENSMUSG00000099106	0
ENSMUSG00000099107	0
ENSMUSG00000099108	0
ENSMUSG00000099109	0
ENSMUSG00000099110	0
ENSMUSG00000099111	0
ENSMUSG00000099112	33
ENSMUSG00000099114	0
ENSMUSG00000099115	0
ENSMUSG00000099117	0
ENSMUSG00000099118	0
ENSMUSG00000099119	0
ENSMUSG00000099120	0
ENSMUSG00000099123	0
ENSMUSG00000099124	0
ENSMUSG00000099125	0
ENSMUSG00000099126	0
ENSMUSG00000099127	0
ENSMUSG00000099128	0
ENSMUSG00000099129	0
ENSMUSG00000099130	0
ENSMUSG00000099131	0
ENSMUSG00000099132	0
ENSMUSG00000099133	0
ENSMUSG00000099134	0
ENSMUSG00000099135	0
ENSMUSG00000099136	0
ENSMUSG00000099137	2
ENSMUSG00000099138	0
ENSMUSG00000099139	0
ENSMUSG00000099140	3
ENSMUSG00000099141	0
ENSMUSG00000099142	0
ENSMUSG00000099143	0
ENSMUSG00000099144	0
ENSMUSG00000099145	0
ENSMUSG00000099146	316
ENSMUSG00000099147	0
ENSMUSG00000099148	0
ENSMUSG00000099149	0
ENSMUSG00000099150	0
ENSMUSG00000099151	0
ENSMUSG00000099152	0
ENSMUSG00000099153	0
ENSMUSG00000099154	0
ENSMUSG00000099155	0
ENSMUSG00000099157	0
ENSMUSG00000099158	0
ENSMUSG00000099159	0
ENSMUSG00000099160	0
ENSMUSG00000099161	0
ENSMUSG00000099162	0
ENSMUSG00000099163	0
ENSMUSG00000099165	0
ENSMUSG00000099166	0
ENSMUSG00000099168	0
ENSMUSG00000099169	0
ENSMUSG00000099170	0
ENSMUSG00000099172	0
ENSMUSG00000099173	0
ENSMUSG00000099174	0
ENSMUSG00000099176	0
ENSMUSG00000099178	1
ENSMUSG00000099179	1
ENSMUSG00000099180	0
ENSMUSG00000099181	0
ENSMUSG00000099182	0
ENSMUSG00000099183	0
ENSMUSG00000099184	0
ENSMUSG00000099185	0
ENSMUSG00000099186	0
ENSMUSG00000099188	0
ENSMUSG00000099189	0
ENSMUSG00000099190	0
ENSMUSG00000099191	0
ENSMUSG00000099192	1
ENSMUSG00000099193	0
ENSMUSG00000099196	0
ENSMUSG00000099197	0
ENSMUSG00000099198	0
ENSMUSG00000099199	0
ENSMUSG00000099200	0
ENSMUSG00000099201	0
ENSMUSG00000099202	0
ENSMUSG00000099203	0
ENSMUSG00000099204	0
ENSMUSG00000099205	0
ENSMUSG00000099206	0
ENSMUSG00000099207	0
ENSMUSG00000099208	0
ENSMUSG00000099209	0
ENSMUSG00000099210	0
ENSMUSG00000099211	0
ENSMUSG00000099212	0
ENSMUSG00000099213	0
ENSMUSG00000099214	0
ENSMUSG00000099215	0
ENSMUSG00000099216	0
ENSMUSG00000099218	0
ENSMUSG00000099219	0
ENSMUSG00000099220	0
ENSMUSG00000099221	0
ENSMUSG00000099222	0
ENSMUSG00000099223	0
ENSMUSG00000099224	0
ENSMUSG00000099225	0
ENSMUSG00000099226	0
ENSMUSG00000099227	0
ENSMUSG00000099228	0
ENSMUSG00000099229	0
ENSMUSG00000099230	0
ENSMUSG00000099232	0
ENSMUSG00000099233	0
ENSMUSG00000099235	0
ENSMUSG00000099236	0
ENSMUSG00000099237	0
ENSMUSG00000099238	0
ENSMUSG00000099239	0
ENSMUSG00000099240	0
ENSMUSG00000099241	0
ENSMUSG00000099242	19
ENSMUSG00000099243	0
ENSMUSG00000099244	0
ENSMUSG00000099245	0
ENSMUSG00000099246	0
ENSMUSG00000099247	0
ENSMUSG00000099248	0
ENSMUSG00000099250	0
ENSMUSG00000099252	0
ENSMUSG00000099253	0
ENSMUSG00000099254	0
ENSMUSG00000099255	0
ENSMUSG00000099256	0
ENSMUSG00000099257	0
ENSMUSG00000099258	0
ENSMUSG00000099259	0
ENSMUSG00000099260	0
ENSMUSG00000099261	0
ENSMUSG00000099263	0
ENSMUSG00000099264	0
ENSMUSG00000099266	0
ENSMUSG00000099267	1
ENSMUSG00000099268	0
ENSMUSG00000099269	0
ENSMUSG00000099270	0
ENSMUSG00000099272	0
ENSMUSG00000099273	0
ENSMUSG00000099274	0
ENSMUSG00000099275	0
ENSMUSG00000099276	0
ENSMUSG00000099278	0
ENSMUSG00000099279	0
ENSMUSG00000099280	0
ENSMUSG00000099283	0
ENSMUSG00000099284	0
ENSMUSG00000099285	0
ENSMUSG00000099286	0
ENSMUSG00000099287	0
ENSMUSG00000099289	0
ENSMUSG00000099290	0
ENSMUSG00000099291	0
ENSMUSG00000099292	0
ENSMUSG00000099293	0
ENSMUSG00000099294	0
ENSMUSG00000099295	0
ENSMUSG00000099298	0
ENSMUSG00000099299	0
ENSMUSG00000099300	0
ENSMUSG00000099301	0
ENSMUSG00000099302	0
ENSMUSG00000099303	0
ENSMUSG00000099304	0
ENSMUSG00000099307	0
ENSMUSG00000099308	0
ENSMUSG00000099309	0
ENSMUSG00000099310	0
ENSMUSG00000099311	0
ENSMUSG00000099312	0
ENSMUSG00000099313	0
ENSMUSG00000099314	0
ENSMUSG00000099315	0
ENSMUSG00000099316	0
ENSMUSG00000099317	0
ENSMUSG00000099318	0
ENSMUSG00000099319	0
ENSMUSG00000099320	0
ENSMUSG00000099321	0
ENSMUSG00000099322	0
ENSMUSG00000099323	0
ENSMUSG00000099324	0
ENSMUSG00000099325	0
ENSMUSG00000099326	0
ENSMUSG00000099328	0
ENSMUSG00000099329	0
ENSMUSG00000099330	0
ENSMUSG00000099331	0
ENSMUSG00000099332	0
ENSMUSG00000099334	0
ENSMUSG00000099335	0
ENSMUSG00000099336	0
ENSMUSG00000099337	0
ENSMUSG00000099338	26
ENSMUSG00000099339	0
ENSMUSG00000099340	0
ENSMUSG00000099341	0
ENSMUSG00000099342	2
ENSMUSG00000099343	0
ENSMUSG00000099344	0
ENSMUSG00000099346	0
ENSMUSG00000099347	0
ENSMUSG00000099348	0
ENSMUSG00000099349	0
ENSMUSG00000099350	0
ENSMUSG00000099351	0
ENSMUSG00000099352	0
ENSMUSG00000099353	0
ENSMUSG00000099354	3
ENSMUSG00000099355	0
ENSMUSG00000099357	0
ENSMUSG00000099359	0
ENSMUSG00000099360	0
ENSMUSG00000099361	0
ENSMUSG00000099362	0
ENSMUSG00000099363	0
ENSMUSG00000099364	0
ENSMUSG00000099366	0
ENSMUSG00000099367	0
ENSMUSG00000099368	0
ENSMUSG00000099369	0
ENSMUSG00000099370	0
ENSMUSG00000099371	0
ENSMUSG00000099372	0
ENSMUSG00000099373	0
ENSMUSG00000099374	0
ENSMUSG00000099375	4
ENSMUSG00000099376	0
ENSMUSG00000099377	4
ENSMUSG00000099378	0
ENSMUSG00000099379	0
ENSMUSG00000099380	0
ENSMUSG00000099381	1
ENSMUSG00000099382	0
ENSMUSG00000099383	30
ENSMUSG00000099384	2
ENSMUSG00000099385	7
ENSMUSG00000099386	0
ENSMUSG00000099387	0
ENSMUSG00000099388	0
ENSMUSG00000099389	0
ENSMUSG00000099390	0
ENSMUSG00000099391	0
ENSMUSG00000099392	0
ENSMUSG00000099393	0
ENSMUSG00000099394	0
ENSMUSG00000099395	0
ENSMUSG00000099396	0
ENSMUSG00000099397	3
ENSMUSG00000099398	19
ENSMUSG00000099399	0
ENSMUSG00000099400	2
ENSMUSG00000099401	0
ENSMUSG00000099403	0
ENSMUSG00000099404	1
ENSMUSG00000099405	0
ENSMUSG00000099406	0
ENSMUSG00000099407	0
ENSMUSG00000099408	0
ENSMUSG00000099409	0
ENSMUSG00000099410	0
ENSMUSG00000099411	0
ENSMUSG00000099412	0
ENSMUSG00000099413	14
ENSMUSG00000099414	0
ENSMUSG00000099415	0
ENSMUSG00000099416	0
ENSMUSG00000099417	1
ENSMUSG00000099418	0
ENSMUSG00000099419	0
ENSMUSG00000099420	0
ENSMUSG00000099421	0
ENSMUSG00000099422	0
ENSMUSG00000099423	0
ENSMUSG00000099424	0
ENSMUSG00000099425	0
ENSMUSG00000099426	0
ENSMUSG00000099427	0
ENSMUSG00000099428	0
ENSMUSG00000099429	0
ENSMUSG00000099430	0
ENSMUSG00000099431	0
ENSMUSG00000099432	0
ENSMUSG00000099433	0
ENSMUSG00000099434	0
ENSMUSG00000099435	0
ENSMUSG00000099436	0
ENSMUSG00000099437	1
ENSMUSG00000099438	0
ENSMUSG00000099439	0
ENSMUSG00000099440	0
ENSMUSG00000099441	0
ENSMUSG00000099442	0
ENSMUSG00000099443	0
ENSMUSG00000099444	0
ENSMUSG00000099445	0
ENSMUSG00000099446	0
ENSMUSG00000099447	0
ENSMUSG00000099448	0
ENSMUSG00000099449	0
ENSMUSG00000099450	0
ENSMUSG00000099451	0
ENSMUSG00000099452	0
ENSMUSG00000099453	0
ENSMUSG00000099454	0
ENSMUSG00000099455	0
ENSMUSG00000099456	0
ENSMUSG00000099457	0
ENSMUSG00000099458	0
ENSMUSG00000099459	0
ENSMUSG00000099460	0
ENSMUSG00000099461	0
ENSMUSG00000099462	0
ENSMUSG00000099463	0
ENSMUSG00000099464	0
ENSMUSG00000099465	0
ENSMUSG00000099466	0
ENSMUSG00000099467	0
ENSMUSG00000099468	0
ENSMUSG00000099469	0
ENSMUSG00000099470	0
ENSMUSG00000099471	0
ENSMUSG00000099472	0
ENSMUSG00000099473	0
ENSMUSG00000099474	0
ENSMUSG00000099476	0
ENSMUSG00000099477	0
ENSMUSG00000099478	0
ENSMUSG00000099479	0
ENSMUSG00000099480	0
ENSMUSG00000099481	197
ENSMUSG00000099482	0
ENSMUSG00000099483	0
ENSMUSG00000099484	0
ENSMUSG00000099485	0
ENSMUSG00000099486	0
ENSMUSG00000099487	0
ENSMUSG00000099488	0
ENSMUSG00000099489	0
ENSMUSG00000099490	0
ENSMUSG00000099491	0
ENSMUSG00000099492	0
ENSMUSG00000099493	0
ENSMUSG00000099494	0
ENSMUSG00000099495	0
ENSMUSG00000099496	0
ENSMUSG00000099497	0
ENSMUSG00000099498	0
ENSMUSG00000099499	0
ENSMUSG00000099500	0
ENSMUSG00000099501	0
ENSMUSG00000099502	0
ENSMUSG00000099503	0
ENSMUSG00000099504	0
ENSMUSG00000099505	0
ENSMUSG00000099506	0
ENSMUSG00000099507	0
ENSMUSG00000099508	0
ENSMUSG00000099509	0
ENSMUSG00000099510	0
ENSMUSG00000099511	0
ENSMUSG00000099512	0
ENSMUSG00000099513	0
ENSMUSG00000099514	0
ENSMUSG00000099516	0
ENSMUSG00000099517	0
ENSMUSG00000099518	0
ENSMUSG00000099519	5
ENSMUSG00000099520	0
ENSMUSG00000099521	0
ENSMUSG00000099522	0
ENSMUSG00000099523	0
ENSMUSG00000099524	0
ENSMUSG00000099525	0
ENSMUSG00000099526	0
ENSMUSG00000099527	0
ENSMUSG00000099528	0
ENSMUSG00000099529	0
ENSMUSG00000099530	0
ENSMUSG00000099531	0
ENSMUSG00000099532	0
ENSMUSG00000099534	0
ENSMUSG00000099535	0
ENSMUSG00000099536	0
ENSMUSG00000099537	0
ENSMUSG00000099539	0
ENSMUSG00000099541	0
ENSMUSG00000099542	0
ENSMUSG00000099543	0
ENSMUSG00000099544	0
ENSMUSG00000099545	0
ENSMUSG00000099546	0
ENSMUSG00000099547	0
ENSMUSG00000099548	0
ENSMUSG00000099549	0
ENSMUSG00000099550	0
ENSMUSG00000099551	0
ENSMUSG00000099552	0
ENSMUSG00000099553	0
ENSMUSG00000099554	0
ENSMUSG00000099555	0
ENSMUSG00000099556	5
ENSMUSG00000099558	0
ENSMUSG00000099559	0
ENSMUSG00000099560	0
ENSMUSG00000099561	0
ENSMUSG00000099562	0
ENSMUSG00000099563	0
ENSMUSG00000099564	0
ENSMUSG00000099565	0
ENSMUSG00000099566	0
ENSMUSG00000099568	1
ENSMUSG00000099569	0
ENSMUSG00000099570	0
ENSMUSG00000099571	1
ENSMUSG00000099572	0
ENSMUSG00000099573	0
ENSMUSG00000099574	0
ENSMUSG00000099575	0
ENSMUSG00000099576	0
ENSMUSG00000099577	0
ENSMUSG00000099578	0
ENSMUSG00000099579	3
ENSMUSG00000099581	0
ENSMUSG00000099582	0
ENSMUSG00000099583	2
ENSMUSG00000099584	0
ENSMUSG00000099585	0
ENSMUSG00000099586	0
ENSMUSG00000099587	0
ENSMUSG00000099588	0
ENSMUSG00000099589	0
ENSMUSG00000099590	0
ENSMUSG00000099591	0
ENSMUSG00000099592	0
ENSMUSG00000099593	0
ENSMUSG00000099594	0
ENSMUSG00000099595	0
ENSMUSG00000099596	0
ENSMUSG00000099598	0
ENSMUSG00000099599	5
ENSMUSG00000099600	0
ENSMUSG00000099601	0
ENSMUSG00000099603	0
ENSMUSG00000099604	0
ENSMUSG00000099605	0
ENSMUSG00000099606	0
ENSMUSG00000099607	0
ENSMUSG00000099608	0
ENSMUSG00000099609	0
ENSMUSG00000099610	0
ENSMUSG00000099611	0
ENSMUSG00000099612	0
ENSMUSG00000099613	0
ENSMUSG00000099614	0
ENSMUSG00000099615	0
ENSMUSG00000099616	0
ENSMUSG00000099617	1
ENSMUSG00000099618	0
ENSMUSG00000099619	0
ENSMUSG00000099620	0
ENSMUSG00000099621	0
ENSMUSG00000099622	0
ENSMUSG00000099623	0
ENSMUSG00000099624	0
ENSMUSG00000099625	0
ENSMUSG00000099626	0
ENSMUSG00000099627	0
ENSMUSG00000099628	0
ENSMUSG00000099629	0
ENSMUSG00000099630	0
ENSMUSG00000099631	5
ENSMUSG00000099632	9
ENSMUSG00000099633	0
ENSMUSG00000099634	3
ENSMUSG00000099635	0
ENSMUSG00000099636	0
ENSMUSG00000099637	0
ENSMUSG00000099638	0
ENSMUSG00000099639	0
ENSMUSG00000099640	0
ENSMUSG00000099641	0
ENSMUSG00000099642	0
ENSMUSG00000099643	0
ENSMUSG00000099644	0
ENSMUSG00000099645	0
ENSMUSG00000099646	0
ENSMUSG00000099647	123
ENSMUSG00000099648	0
ENSMUSG00000099649	0
ENSMUSG00000099650	0
ENSMUSG00000099651	0
ENSMUSG00000099652	0
ENSMUSG00000099653	0
ENSMUSG00000099654	0
ENSMUSG00000099655	1
ENSMUSG00000099656	0
ENSMUSG00000099657	0
ENSMUSG00000099658	3
ENSMUSG00000099659	0
ENSMUSG00000099660	0
ENSMUSG00000099661	0
ENSMUSG00000099662	0
ENSMUSG00000099663	0
ENSMUSG00000099664	0
ENSMUSG00000099665	0
ENSMUSG00000099666	0
ENSMUSG00000099667	0
ENSMUSG00000099668	0
ENSMUSG00000099669	0
ENSMUSG00000099670	0
ENSMUSG00000099671	0
ENSMUSG00000099672	0
ENSMUSG00000099673	0
ENSMUSG00000099674	0
ENSMUSG00000099675	0
ENSMUSG00000099676	0
ENSMUSG00000099677	0
ENSMUSG00000099678	0
ENSMUSG00000099679	0
ENSMUSG00000099681	59
ENSMUSG00000099682	0
ENSMUSG00000099683	0
ENSMUSG00000099684	0
ENSMUSG00000099685	0
ENSMUSG00000099686	0
ENSMUSG00000099687	0
ENSMUSG00000099688	0
ENSMUSG00000099689	158
ENSMUSG00000099690	0
ENSMUSG00000099691	0
ENSMUSG00000099692	0
ENSMUSG00000099693	0
ENSMUSG00000099694	0
ENSMUSG00000099695	0
ENSMUSG00000099696	0
ENSMUSG00000099698	0
ENSMUSG00000099699	0
ENSMUSG00000099700	0
ENSMUSG00000099701	0
ENSMUSG00000099702	0
ENSMUSG00000099703	0
ENSMUSG00000099704	0
ENSMUSG00000099706	0
ENSMUSG00000099707	250
ENSMUSG00000099708	4
ENSMUSG00000099709	0
ENSMUSG00000099711	0
ENSMUSG00000099712	0
ENSMUSG00000099713	0
ENSMUSG00000099714	0
ENSMUSG00000099715	0
ENSMUSG00000099716	0
ENSMUSG00000099717	0
ENSMUSG00000099718	0
ENSMUSG00000099719	0
ENSMUSG00000099721	0
ENSMUSG00000099722	0
ENSMUSG00000099723	0
ENSMUSG00000099724	0
ENSMUSG00000099725	0
ENSMUSG00000099726	0
ENSMUSG00000099727	0
ENSMUSG00000099728	0
ENSMUSG00000099729	0
ENSMUSG00000099730	0
ENSMUSG00000099731	0
ENSMUSG00000099732	2
ENSMUSG00000099733	0
ENSMUSG00000099734	0
ENSMUSG00000099735	0
ENSMUSG00000099736	0
ENSMUSG00000099737	0
ENSMUSG00000099738	0
ENSMUSG00000099739	0
ENSMUSG00000099740	0
ENSMUSG00000099741	1
ENSMUSG00000099742	0
ENSMUSG00000099744	0
ENSMUSG00000099745	0
ENSMUSG00000099746	1
ENSMUSG00000099747	0
ENSMUSG00000099748	0
ENSMUSG00000099749	0
ENSMUSG00000099750	0
ENSMUSG00000099751	0
ENSMUSG00000099752	0
ENSMUSG00000099753	0
ENSMUSG00000099754	0
ENSMUSG00000099755	0
ENSMUSG00000099756	0
ENSMUSG00000099757	1
ENSMUSG00000099758	0
ENSMUSG00000099759	7
ENSMUSG00000099760	2
ENSMUSG00000099761	0
ENSMUSG00000099762	0
ENSMUSG00000099764	51
ENSMUSG00000099765	0
ENSMUSG00000099766	0
ENSMUSG00000099767	0
ENSMUSG00000099768	0
ENSMUSG00000099770	0
ENSMUSG00000099771	0
ENSMUSG00000099772	0
ENSMUSG00000099773	0
ENSMUSG00000099774	0
ENSMUSG00000099775	0
ENSMUSG00000099776	0
ENSMUSG00000099777	0
ENSMUSG00000099778	0
ENSMUSG00000099779	131
ENSMUSG00000099780	0
ENSMUSG00000099781	0
ENSMUSG00000099782	0
ENSMUSG00000099783	0
ENSMUSG00000099784	0
ENSMUSG00000099785	0
ENSMUSG00000099786	0
ENSMUSG00000099787	0
ENSMUSG00000099789	0
ENSMUSG00000099790	0
ENSMUSG00000099791	0
ENSMUSG00000099792	0
ENSMUSG00000099793	0
ENSMUSG00000099794	0
ENSMUSG00000099795	0
ENSMUSG00000099796	0
ENSMUSG00000099797	0
ENSMUSG00000099798	0
ENSMUSG00000099799	0
ENSMUSG00000099800	0
ENSMUSG00000099801	0
ENSMUSG00000099802	0
ENSMUSG00000099803	0
ENSMUSG00000099804	0
ENSMUSG00000099805	0
ENSMUSG00000099806	0
ENSMUSG00000099807	0
ENSMUSG00000099808	0
ENSMUSG00000099809	0
ENSMUSG00000099810	0
ENSMUSG00000099811	0
ENSMUSG00000099812	0
ENSMUSG00000099814	0
ENSMUSG00000099815	0
ENSMUSG00000099816	0
ENSMUSG00000099817	0
ENSMUSG00000099818	0
ENSMUSG00000099819	0
ENSMUSG00000099820	0
ENSMUSG00000099821	0
ENSMUSG00000099822	0
ENSMUSG00000099823	0
ENSMUSG00000099824	0
ENSMUSG00000099825	1
ENSMUSG00000099826	0
ENSMUSG00000099827	0
ENSMUSG00000099828	0
ENSMUSG00000099829	0
ENSMUSG00000099831	0
ENSMUSG00000099832	0
ENSMUSG00000099833	0
ENSMUSG00000099834	0
ENSMUSG00000099835	1
ENSMUSG00000099836	0
ENSMUSG00000099838	0
ENSMUSG00000099839	0
ENSMUSG00000099840	0
ENSMUSG00000099841	0
ENSMUSG00000099842	0
ENSMUSG00000099843	71
ENSMUSG00000099845	0
ENSMUSG00000099846	0
ENSMUSG00000099847	0
ENSMUSG00000099848	0
ENSMUSG00000099849	0
ENSMUSG00000099850	0
ENSMUSG00000099851	0
ENSMUSG00000099852	0
ENSMUSG00000099853	0
ENSMUSG00000099854	0
ENSMUSG00000099855	0
ENSMUSG00000099856	0
ENSMUSG00000099858	230
ENSMUSG00000099860	0
ENSMUSG00000099861	0
ENSMUSG00000099862	0
ENSMUSG00000099863	0
ENSMUSG00000099864	0
ENSMUSG00000099865	0
ENSMUSG00000099866	0
ENSMUSG00000099867	0
ENSMUSG00000099868	0
ENSMUSG00000099869	0
ENSMUSG00000099870	5
ENSMUSG00000099871	0
ENSMUSG00000099872	0
ENSMUSG00000099873	0
ENSMUSG00000099874	1
ENSMUSG00000099875	68
ENSMUSG00000099876	50
ENSMUSG00000099877	0
ENSMUSG00000099878	0
ENSMUSG00000099879	0
ENSMUSG00000099880	0
ENSMUSG00000099881	201
ENSMUSG00000099882	0
ENSMUSG00000099883	0
ENSMUSG00000099884	0
ENSMUSG00000099886	0
ENSMUSG00000099888	0
ENSMUSG00000099889	25
ENSMUSG00000099890	0
ENSMUSG00000099891	0
ENSMUSG00000099892	0
ENSMUSG00000099893	0
ENSMUSG00000099894	0
ENSMUSG00000099895	0
ENSMUSG00000099896	0
ENSMUSG00000099897	0
ENSMUSG00000099898	0
ENSMUSG00000099899	0
ENSMUSG00000099900	0
ENSMUSG00000099901	0
ENSMUSG00000099902	252
ENSMUSG00000099903	0
ENSMUSG00000099904	0
ENSMUSG00000099905	0
ENSMUSG00000099906	0
ENSMUSG00000099907	0
ENSMUSG00000099908	0
ENSMUSG00000099910	0
ENSMUSG00000099911	0
ENSMUSG00000099912	0
ENSMUSG00000099913	0
ENSMUSG00000099914	0
ENSMUSG00000099915	0
ENSMUSG00000099916	0
ENSMUSG00000099917	0
ENSMUSG00000099918	0
ENSMUSG00000099920	0
ENSMUSG00000099921	0
ENSMUSG00000099922	0
ENSMUSG00000099923	0
ENSMUSG00000099924	0
ENSMUSG00000099925	0
ENSMUSG00000099926	0
ENSMUSG00000099927	0
ENSMUSG00000099928	0
ENSMUSG00000099929	0
ENSMUSG00000099930	0
ENSMUSG00000099931	0
ENSMUSG00000099932	0
ENSMUSG00000099933	0
ENSMUSG00000099934	0
ENSMUSG00000099935	0
ENSMUSG00000099936	0
ENSMUSG00000099937	0
ENSMUSG00000099938	0
ENSMUSG00000099939	0
ENSMUSG00000099940	0
ENSMUSG00000099941	0
ENSMUSG00000099942	0
ENSMUSG00000099943	0
ENSMUSG00000099944	0
ENSMUSG00000099945	0
ENSMUSG00000099946	0
ENSMUSG00000099947	0
ENSMUSG00000099948	0
ENSMUSG00000099949	0
ENSMUSG00000099950	0
ENSMUSG00000099951	0
ENSMUSG00000099952	0
ENSMUSG00000099953	0
ENSMUSG00000099954	0
ENSMUSG00000099955	0
ENSMUSG00000099956	0
ENSMUSG00000099957	0
ENSMUSG00000099958	0
ENSMUSG00000099959	3
ENSMUSG00000099960	0
ENSMUSG00000099961	0
ENSMUSG00000099962	0
ENSMUSG00000099963	0
ENSMUSG00000099964	0
ENSMUSG00000099965	0
ENSMUSG00000099966	155
ENSMUSG00000099967	0
ENSMUSG00000099968	0
ENSMUSG00000099969	0
ENSMUSG00000099970	0
ENSMUSG00000099971	0
ENSMUSG00000099972	0
ENSMUSG00000099973	0
ENSMUSG00000099974	0
ENSMUSG00000099975	0
ENSMUSG00000099976	0
ENSMUSG00000099977	0
ENSMUSG00000099978	0
ENSMUSG00000099979	0
ENSMUSG00000099980	0
ENSMUSG00000099981	0
ENSMUSG00000099982	0
ENSMUSG00000099983	0
ENSMUSG00000099985	0
ENSMUSG00000099986	0
ENSMUSG00000099988	0
ENSMUSG00000099989	0
ENSMUSG00000099990	0
ENSMUSG00000099991	0
ENSMUSG00000099992	0
ENSMUSG00000099993	0
ENSMUSG00000099994	0
ENSMUSG00000099995	0
ENSMUSG00000099996	0
ENSMUSG00000099997	1
ENSMUSG00000099998	2
ENSMUSG00000099999	0
ENSMUSG00000100000	0
ENSMUSG00000100001	0
ENSMUSG00000100002	3
ENSMUSG00000100003	0
ENSMUSG00000100004	0
ENSMUSG00000100005	51
ENSMUSG00000100006	0
ENSMUSG00000100007	0
ENSMUSG00000100008	0
ENSMUSG00000100009	3
ENSMUSG00000100010	0
ENSMUSG00000100011	0
ENSMUSG00000100012	0
ENSMUSG00000100013	0
ENSMUSG00000100014	0
ENSMUSG00000100015	0
ENSMUSG00000100016	0
ENSMUSG00000100017	33
ENSMUSG00000100018	55
ENSMUSG00000100019	0
ENSMUSG00000100020	19
ENSMUSG00000100021	0
ENSMUSG00000100022	0
ENSMUSG00000100023	0
ENSMUSG00000100024	0
ENSMUSG00000100025	1
ENSMUSG00000100026	0
ENSMUSG00000100027	0
ENSMUSG00000100028	0
ENSMUSG00000100029	3
ENSMUSG00000100031	0
ENSMUSG00000100032	0
ENSMUSG00000100033	3
ENSMUSG00000100034	0
ENSMUSG00000100035	0
ENSMUSG00000100036	0
ENSMUSG00000100037	0
ENSMUSG00000100038	0
ENSMUSG00000100039	0
ENSMUSG00000100040	0
ENSMUSG00000100041	1
ENSMUSG00000100042	0
ENSMUSG00000100043	0
ENSMUSG00000100044	0
ENSMUSG00000100045	0
ENSMUSG00000100046	0
ENSMUSG00000100047	0
ENSMUSG00000100048	0
ENSMUSG00000100049	0
ENSMUSG00000100050	0
ENSMUSG00000100051	0
ENSMUSG00000100052	0
ENSMUSG00000100053	0
ENSMUSG00000100054	0
ENSMUSG00000100055	0
ENSMUSG00000100056	0
ENSMUSG00000100057	0
ENSMUSG00000100058	0
ENSMUSG00000100059	0
ENSMUSG00000100060	0
ENSMUSG00000100061	0
ENSMUSG00000100062	0
ENSMUSG00000100063	0
ENSMUSG00000100064	0
ENSMUSG00000100065	27
ENSMUSG00000100066	0
ENSMUSG00000100067	0
ENSMUSG00000100068	0
ENSMUSG00000100069	3
ENSMUSG00000100070	0
ENSMUSG00000100071	1
ENSMUSG00000100072	0
ENSMUSG00000100073	0
ENSMUSG00000100074	0
ENSMUSG00000100075	24
ENSMUSG00000100076	0
ENSMUSG00000100077	0
ENSMUSG00000100078	2
ENSMUSG00000100079	0
ENSMUSG00000100080	0
ENSMUSG00000100081	0
ENSMUSG00000100082	0
ENSMUSG00000100083	0
ENSMUSG00000100084	6
ENSMUSG00000100085	0
ENSMUSG00000100086	0
ENSMUSG00000100087	0
ENSMUSG00000100088	0
ENSMUSG00000100089	0
ENSMUSG00000100090	0
ENSMUSG00000100091	0
ENSMUSG00000100092	0
ENSMUSG00000100093	0
ENSMUSG00000100094	2446
ENSMUSG00000100095	0
ENSMUSG00000100096	0
ENSMUSG00000100097	0
ENSMUSG00000100098	0
ENSMUSG00000100099	0
ENSMUSG00000100100	0
ENSMUSG00000100101	0
ENSMUSG00000100103	0
ENSMUSG00000100104	116
ENSMUSG00000100105	0
ENSMUSG00000100106	0
ENSMUSG00000100107	0
ENSMUSG00000100108	1
ENSMUSG00000100109	0
ENSMUSG00000100110	0
ENSMUSG00000100111	0
ENSMUSG00000100112	0
ENSMUSG00000100113	1
ENSMUSG00000100115	0
ENSMUSG00000100116	0
ENSMUSG00000100117	0
ENSMUSG00000100118	0
ENSMUSG00000100119	0
ENSMUSG00000100120	0
ENSMUSG00000100121	1
ENSMUSG00000100122	0
ENSMUSG00000100123	0
ENSMUSG00000100124	0
ENSMUSG00000100125	0
ENSMUSG00000100126	0
ENSMUSG00000100127	0
ENSMUSG00000100128	0
ENSMUSG00000100129	0
ENSMUSG00000100130	0
ENSMUSG00000100131	16
ENSMUSG00000100132	0
ENSMUSG00000100133	0
ENSMUSG00000100134	0
ENSMUSG00000100135	0
ENSMUSG00000100136	0
ENSMUSG00000100137	0
ENSMUSG00000100138	0
ENSMUSG00000100140	0
ENSMUSG00000100141	7
ENSMUSG00000100142	0
ENSMUSG00000100144	0
ENSMUSG00000100145	0
ENSMUSG00000100146	0
ENSMUSG00000100147	77
ENSMUSG00000100148	0
ENSMUSG00000100149	0
ENSMUSG00000100150	0
ENSMUSG00000100151	0
ENSMUSG00000100152	0
ENSMUSG00000100153	18
ENSMUSG00000100154	0
ENSMUSG00000100155	0
ENSMUSG00000100156	0
ENSMUSG00000100157	4
ENSMUSG00000100158	0
ENSMUSG00000100159	0
ENSMUSG00000100160	0
ENSMUSG00000100161	0
ENSMUSG00000100162	0
ENSMUSG00000100164	39
ENSMUSG00000100165	0
ENSMUSG00000100166	0
ENSMUSG00000100167	0
ENSMUSG00000100168	0
ENSMUSG00000100169	0
ENSMUSG00000100170	0
ENSMUSG00000100171	0
ENSMUSG00000100172	0
ENSMUSG00000100174	4
ENSMUSG00000100175	0
ENSMUSG00000100176	0
ENSMUSG00000100177	0
ENSMUSG00000100178	0
ENSMUSG00000100179	0
ENSMUSG00000100180	0
ENSMUSG00000100182	1
ENSMUSG00000100183	1
ENSMUSG00000100184	0
ENSMUSG00000100185	0
ENSMUSG00000100186	0
ENSMUSG00000100187	0
ENSMUSG00000100188	0
ENSMUSG00000100189	0
ENSMUSG00000100190	0
ENSMUSG00000100191	0
ENSMUSG00000100192	0
ENSMUSG00000100193	0
ENSMUSG00000100194	0
ENSMUSG00000100195	0
ENSMUSG00000100196	0
ENSMUSG00000100197	0
ENSMUSG00000100198	0
ENSMUSG00000100199	37
ENSMUSG00000100200	0
ENSMUSG00000100201	2
ENSMUSG00000100202	0
ENSMUSG00000100203	0
ENSMUSG00000100204	33
ENSMUSG00000100205	0
ENSMUSG00000100206	0
ENSMUSG00000100207	0
ENSMUSG00000100209	0
ENSMUSG00000100210	0
ENSMUSG00000100211	0
ENSMUSG00000100212	0
ENSMUSG00000100213	16
ENSMUSG00000100215	0
ENSMUSG00000100216	0
ENSMUSG00000100217	0
ENSMUSG00000100218	0
ENSMUSG00000100219	0
ENSMUSG00000100220	0
ENSMUSG00000100221	0
ENSMUSG00000100222	562
ENSMUSG00000100223	0
ENSMUSG00000100225	0
ENSMUSG00000100226	0
ENSMUSG00000100227	0
ENSMUSG00000100228	0
ENSMUSG00000100229	0
ENSMUSG00000100230	0
ENSMUSG00000100231	0
ENSMUSG00000100232	0
ENSMUSG00000100233	0
ENSMUSG00000100234	0
ENSMUSG00000100235	4
ENSMUSG00000100236	0
ENSMUSG00000100237	0
ENSMUSG00000100238	0
ENSMUSG00000100239	0
ENSMUSG00000100240	0
ENSMUSG00000100241	0
ENSMUSG00000100242	0
ENSMUSG00000100243	0
ENSMUSG00000100244	0
ENSMUSG00000100245	0
ENSMUSG00000100246	0
ENSMUSG00000100247	0
ENSMUSG00000100248	0
ENSMUSG00000100249	0
ENSMUSG00000100250	0
ENSMUSG00000100251	0
ENSMUSG00000100252	0
ENSMUSG00000100253	0
ENSMUSG00000100254	0
ENSMUSG00000100255	0
ENSMUSG00000100256	0
ENSMUSG00000100257	0
ENSMUSG00000100258	0
ENSMUSG00000100260	0
ENSMUSG00000100261	75
ENSMUSG00000100262	0
ENSMUSG00000100263	0
ENSMUSG00000100264	0
ENSMUSG00000100265	0
ENSMUSG00000100266	0
ENSMUSG00000100267	0
ENSMUSG00000100268	0
ENSMUSG00000100269	0
ENSMUSG00000100270	0
ENSMUSG00000100271	0
ENSMUSG00000100272	0
ENSMUSG00000100273	0
ENSMUSG00000100274	0
ENSMUSG00000100275	0
ENSMUSG00000100276	0
ENSMUSG00000100277	19
ENSMUSG00000100278	0
ENSMUSG00000100279	0
ENSMUSG00000100280	4
ENSMUSG00000100281	0
ENSMUSG00000100282	0
ENSMUSG00000100283	0
ENSMUSG00000100284	0
ENSMUSG00000100285	0
ENSMUSG00000100286	0
ENSMUSG00000100287	1
ENSMUSG00000100288	0
ENSMUSG00000100289	0
ENSMUSG00000100290	0
ENSMUSG00000100291	0
ENSMUSG00000100292	0
ENSMUSG00000100294	0
ENSMUSG00000100295	0
ENSMUSG00000100296	0
ENSMUSG00000100297	0
ENSMUSG00000100298	0
ENSMUSG00000100299	0
ENSMUSG00000100300	0
ENSMUSG00000100301	0
ENSMUSG00000100302	0
ENSMUSG00000100303	0
ENSMUSG00000100304	0
ENSMUSG00000100305	0
ENSMUSG00000100306	0
ENSMUSG00000100307	0
ENSMUSG00000100308	0
ENSMUSG00000100309	3
ENSMUSG00000100310	0
ENSMUSG00000100311	0
ENSMUSG00000100312	0
ENSMUSG00000100313	0
ENSMUSG00000100314	0
ENSMUSG00000100315	0
ENSMUSG00000100316	0
ENSMUSG00000100317	0
ENSMUSG00000100318	0
ENSMUSG00000100319	64
ENSMUSG00000100320	0
ENSMUSG00000100321	0
ENSMUSG00000100322	0
ENSMUSG00000100324	0
ENSMUSG00000100325	0
ENSMUSG00000100326	0
ENSMUSG00000100328	0
ENSMUSG00000100329	0
ENSMUSG00000100330	0
ENSMUSG00000100331	0
ENSMUSG00000100332	0
ENSMUSG00000100333	0
ENSMUSG00000100334	0
ENSMUSG00000100335	0
ENSMUSG00000100336	0
ENSMUSG00000100337	0
ENSMUSG00000100338	0
ENSMUSG00000100339	0
ENSMUSG00000100340	2
ENSMUSG00000100341	0
ENSMUSG00000100343	0
ENSMUSG00000100344	0
ENSMUSG00000100345	0
ENSMUSG00000100346	0
ENSMUSG00000100347	13
ENSMUSG00000100349	2
ENSMUSG00000100350	0
ENSMUSG00000100351	0
ENSMUSG00000100352	0
ENSMUSG00000100353	0
ENSMUSG00000100354	0
ENSMUSG00000100355	0
ENSMUSG00000100356	0
ENSMUSG00000100357	0
ENSMUSG00000100358	0
ENSMUSG00000100359	0
ENSMUSG00000100360	0
ENSMUSG00000100361	0
ENSMUSG00000100362	17
ENSMUSG00000100363	0
ENSMUSG00000100364	0
ENSMUSG00000100365	0
ENSMUSG00000100366	0
ENSMUSG00000100367	3
ENSMUSG00000100368	0
ENSMUSG00000100369	0
ENSMUSG00000100371	8
ENSMUSG00000100372	0
ENSMUSG00000100373	0
ENSMUSG00000100374	0
ENSMUSG00000100375	0
ENSMUSG00000100376	0
ENSMUSG00000100377	0
ENSMUSG00000100378	0
ENSMUSG00000100379	0
ENSMUSG00000100380	0
ENSMUSG00000100381	0
ENSMUSG00000100382	0
ENSMUSG00000100383	0
ENSMUSG00000100384	0
ENSMUSG00000100385	0
ENSMUSG00000100386	0
ENSMUSG00000100387	0
ENSMUSG00000100388	0
ENSMUSG00000100389	2
ENSMUSG00000100390	0
ENSMUSG00000100391	0
ENSMUSG00000100392	0
ENSMUSG00000100393	0
ENSMUSG00000100394	0
ENSMUSG00000100395	0
ENSMUSG00000100396	2
ENSMUSG00000100397	49
ENSMUSG00000100398	4
ENSMUSG00000100399	0
ENSMUSG00000100400	0
ENSMUSG00000100401	0
ENSMUSG00000100402	0
ENSMUSG00000100403	0
ENSMUSG00000100404	0
ENSMUSG00000100405	0
ENSMUSG00000100406	0
ENSMUSG00000100407	0
ENSMUSG00000100408	0
ENSMUSG00000100410	0
ENSMUSG00000100411	0
ENSMUSG00000100412	0
ENSMUSG00000100413	0
ENSMUSG00000100415	0
ENSMUSG00000100416	0
ENSMUSG00000100417	0
ENSMUSG00000100418	0
ENSMUSG00000100420	0
ENSMUSG00000100421	0
ENSMUSG00000100422	0
ENSMUSG00000100423	0
ENSMUSG00000100424	0
ENSMUSG00000100425	0
ENSMUSG00000100426	1
ENSMUSG00000100428	0
ENSMUSG00000100429	0
ENSMUSG00000100430	0
ENSMUSG00000100431	0
ENSMUSG00000100432	0
ENSMUSG00000100433	0
ENSMUSG00000100434	0
ENSMUSG00000100436	0
ENSMUSG00000100437	0
ENSMUSG00000100438	0
ENSMUSG00000100439	0
ENSMUSG00000100440	0
ENSMUSG00000100441	6
ENSMUSG00000100442	0
ENSMUSG00000100443	0
ENSMUSG00000100444	0
ENSMUSG00000100445	0
ENSMUSG00000100446	0
ENSMUSG00000100447	0
ENSMUSG00000100448	0
ENSMUSG00000100449	0
ENSMUSG00000100450	0
ENSMUSG00000100451	0
ENSMUSG00000100452	0
ENSMUSG00000100453	0
ENSMUSG00000100454	0
ENSMUSG00000100455	11
ENSMUSG00000100456	0
ENSMUSG00000100457	12
ENSMUSG00000100458	0
ENSMUSG00000100459	0
ENSMUSG00000100460	0
ENSMUSG00000100461	0
ENSMUSG00000100462	0
ENSMUSG00000100463	0
ENSMUSG00000100464	0
ENSMUSG00000100465	0
ENSMUSG00000100466	0
ENSMUSG00000100467	0
ENSMUSG00000100468	0
ENSMUSG00000100469	0
ENSMUSG00000100470	0
ENSMUSG00000100471	0
ENSMUSG00000100472	0
ENSMUSG00000100473	0
ENSMUSG00000100474	0
ENSMUSG00000100475	0
ENSMUSG00000100476	0
ENSMUSG00000100477	0
ENSMUSG00000100478	0
ENSMUSG00000100479	0
ENSMUSG00000100480	6
ENSMUSG00000100481	0
ENSMUSG00000100483	0
ENSMUSG00000100484	0
ENSMUSG00000100485	0
ENSMUSG00000100486	3
ENSMUSG00000100487	0
ENSMUSG00000100488	0
ENSMUSG00000100489	0
ENSMUSG00000100490	4
ENSMUSG00000100491	0
ENSMUSG00000100492	0
ENSMUSG00000100494	0
ENSMUSG00000100495	0
ENSMUSG00000100496	0
ENSMUSG00000100497	0
ENSMUSG00000100499	0
ENSMUSG00000100500	0
ENSMUSG00000100501	0
ENSMUSG00000100502	0
ENSMUSG00000100503	0
ENSMUSG00000100504	0
ENSMUSG00000100505	0
ENSMUSG00000100506	0
ENSMUSG00000100507	0
ENSMUSG00000100508	0
ENSMUSG00000100509	0
ENSMUSG00000100510	139
ENSMUSG00000100511	0
ENSMUSG00000100512	21
ENSMUSG00000100513	0
ENSMUSG00000100514	0
ENSMUSG00000100515	0
ENSMUSG00000100516	0
ENSMUSG00000100517	0
ENSMUSG00000100518	0
ENSMUSG00000100519	0
ENSMUSG00000100520	0
ENSMUSG00000100521	0
ENSMUSG00000100522	0
ENSMUSG00000100523	0
ENSMUSG00000100524	0
ENSMUSG00000100525	0
ENSMUSG00000100526	0
ENSMUSG00000100527	0
ENSMUSG00000100528	0
ENSMUSG00000100529	0
ENSMUSG00000100530	0
ENSMUSG00000100531	0
ENSMUSG00000100532	0
ENSMUSG00000100533	0
ENSMUSG00000100534	0
ENSMUSG00000100535	0
ENSMUSG00000100536	2
ENSMUSG00000100537	0
ENSMUSG00000100538	0
ENSMUSG00000100539	0
ENSMUSG00000100540	0
ENSMUSG00000100541	0
ENSMUSG00000100542	0
ENSMUSG00000100543	0
ENSMUSG00000100544	0
ENSMUSG00000100546	0
ENSMUSG00000100547	0
ENSMUSG00000100548	0
ENSMUSG00000100549	0
ENSMUSG00000100550	0
ENSMUSG00000100551	4
ENSMUSG00000100552	0
ENSMUSG00000100553	0
ENSMUSG00000100554	0
ENSMUSG00000100555	0
ENSMUSG00000100556	0
ENSMUSG00000100557	0
ENSMUSG00000100558	0
ENSMUSG00000100559	0
ENSMUSG00000100560	0
ENSMUSG00000100561	0
ENSMUSG00000100562	0
ENSMUSG00000100563	0
ENSMUSG00000100564	0
ENSMUSG00000100565	0
ENSMUSG00000100566	0
ENSMUSG00000100567	0
ENSMUSG00000100568	0
ENSMUSG00000100569	0
ENSMUSG00000100570	0
ENSMUSG00000100571	0
ENSMUSG00000100572	0
ENSMUSG00000100573	0
ENSMUSG00000100574	0
ENSMUSG00000100575	0
ENSMUSG00000100576	0
ENSMUSG00000100577	0
ENSMUSG00000100578	0
ENSMUSG00000100579	0
ENSMUSG00000100580	0
ENSMUSG00000100581	0
ENSMUSG00000100582	0
ENSMUSG00000100583	0
ENSMUSG00000100584	0
ENSMUSG00000100585	0
ENSMUSG00000100586	0
ENSMUSG00000100587	0
ENSMUSG00000100588	0
ENSMUSG00000100589	0
ENSMUSG00000100590	0
ENSMUSG00000100591	0
ENSMUSG00000100592	0
ENSMUSG00000100593	16
ENSMUSG00000100594	72
ENSMUSG00000100595	0
ENSMUSG00000100596	0
ENSMUSG00000100597	0
ENSMUSG00000100598	0
ENSMUSG00000100599	3
ENSMUSG00000100600	1
ENSMUSG00000100602	0
ENSMUSG00000100603	0
ENSMUSG00000100604	0
ENSMUSG00000100605	0
ENSMUSG00000100606	0
ENSMUSG00000100607	0
ENSMUSG00000100608	0
ENSMUSG00000100609	0
ENSMUSG00000100610	0
ENSMUSG00000100611	0
ENSMUSG00000100613	0
ENSMUSG00000100614	0
ENSMUSG00000100615	0
ENSMUSG00000100616	0
ENSMUSG00000100617	0
ENSMUSG00000100618	0
ENSMUSG00000100619	0
ENSMUSG00000100620	0
ENSMUSG00000100621	0
ENSMUSG00000100622	0
ENSMUSG00000100623	0
ENSMUSG00000100624	0
ENSMUSG00000100625	0
ENSMUSG00000100626	0
ENSMUSG00000100627	0
ENSMUSG00000100628	0
ENSMUSG00000100629	0
ENSMUSG00000100630	0
ENSMUSG00000100632	0
ENSMUSG00000100634	0
ENSMUSG00000100635	0
ENSMUSG00000100636	0
ENSMUSG00000100637	0
ENSMUSG00000100639	0
ENSMUSG00000100640	0
ENSMUSG00000100641	0
ENSMUSG00000100642	0
ENSMUSG00000100643	0
ENSMUSG00000100644	0
ENSMUSG00000100645	0
ENSMUSG00000100646	0
ENSMUSG00000100647	0
ENSMUSG00000100648	0
ENSMUSG00000100649	0
ENSMUSG00000100650	0
ENSMUSG00000100651	0
ENSMUSG00000100652	8
ENSMUSG00000100653	0
ENSMUSG00000100654	0
ENSMUSG00000100655	0
ENSMUSG00000100656	0
ENSMUSG00000100657	0
ENSMUSG00000100658	4
ENSMUSG00000100659	0
ENSMUSG00000100660	0
ENSMUSG00000100661	0
ENSMUSG00000100662	0
ENSMUSG00000100663	0
ENSMUSG00000100664	0
ENSMUSG00000100665	0
ENSMUSG00000100666	0
ENSMUSG00000100667	0
ENSMUSG00000100668	0
ENSMUSG00000100669	0
ENSMUSG00000100670	0
ENSMUSG00000100671	0
ENSMUSG00000100672	0
ENSMUSG00000100673	0
ENSMUSG00000100674	0
ENSMUSG00000100675	0
ENSMUSG00000100676	0
ENSMUSG00000100677	0
ENSMUSG00000100678	0
ENSMUSG00000100679	0
ENSMUSG00000100680	67
ENSMUSG00000100681	0
ENSMUSG00000100682	0
ENSMUSG00000100683	0
ENSMUSG00000100684	0
ENSMUSG00000100685	0
ENSMUSG00000100687	0
ENSMUSG00000100689	0
ENSMUSG00000100690	0
ENSMUSG00000100691	280
ENSMUSG00000100692	0
ENSMUSG00000100693	0
ENSMUSG00000100694	0
ENSMUSG00000100695	0
ENSMUSG00000100696	0
ENSMUSG00000100697	0
ENSMUSG00000100698	0
ENSMUSG00000100699	0
ENSMUSG00000100700	0
ENSMUSG00000100701	25
ENSMUSG00000100702	0
ENSMUSG00000100703	0
ENSMUSG00000100704	0
ENSMUSG00000100705	0
ENSMUSG00000100706	1
ENSMUSG00000100707	11
ENSMUSG00000100708	0
ENSMUSG00000100709	0
ENSMUSG00000100710	0
ENSMUSG00000100711	0
ENSMUSG00000100712	0
ENSMUSG00000100713	0
ENSMUSG00000100714	0
ENSMUSG00000100715	0
ENSMUSG00000100716	0
ENSMUSG00000100717	0
ENSMUSG00000100718	0
ENSMUSG00000100719	0
ENSMUSG00000100720	0
ENSMUSG00000100721	0
ENSMUSG00000100722	0
ENSMUSG00000100723	0
ENSMUSG00000100724	0
ENSMUSG00000100726	0
ENSMUSG00000100727	0
ENSMUSG00000100728	0
ENSMUSG00000100730	0
ENSMUSG00000100731	0
ENSMUSG00000100732	1
ENSMUSG00000100733	0
ENSMUSG00000100734	0
ENSMUSG00000100736	0
ENSMUSG00000100737	0
ENSMUSG00000100738	0
ENSMUSG00000100739	0
ENSMUSG00000100740	0
ENSMUSG00000100741	0
ENSMUSG00000100742	0
ENSMUSG00000100743	0
ENSMUSG00000100744	1
ENSMUSG00000100745	0
ENSMUSG00000100746	0
ENSMUSG00000100747	0
ENSMUSG00000100749	0
ENSMUSG00000100750	0
ENSMUSG00000100751	0
ENSMUSG00000100752	0
ENSMUSG00000100753	0
ENSMUSG00000100754	0
ENSMUSG00000100755	0
ENSMUSG00000100756	0
ENSMUSG00000100757	0
ENSMUSG00000100758	0
ENSMUSG00000100759	0
ENSMUSG00000100760	0
ENSMUSG00000100761	0
ENSMUSG00000100762	0
ENSMUSG00000100763	0
ENSMUSG00000100764	2
ENSMUSG00000100765	0
ENSMUSG00000100767	0
ENSMUSG00000100768	0
ENSMUSG00000100769	0
ENSMUSG00000100770	0
ENSMUSG00000100771	0
ENSMUSG00000100772	0
ENSMUSG00000100773	0
ENSMUSG00000100774	0
ENSMUSG00000100775	17
ENSMUSG00000100776	0
ENSMUSG00000100777	0
ENSMUSG00000100778	0
ENSMUSG00000100779	0
ENSMUSG00000100780	0
ENSMUSG00000100781	0
ENSMUSG00000100782	0
ENSMUSG00000100783	3
ENSMUSG00000100784	0
ENSMUSG00000100785	0
ENSMUSG00000100786	0
ENSMUSG00000100787	0
ENSMUSG00000100788	0
ENSMUSG00000100789	0
ENSMUSG00000100790	0
ENSMUSG00000100791	0
ENSMUSG00000100792	0
ENSMUSG00000100794	0
ENSMUSG00000100795	0
ENSMUSG00000100796	0
ENSMUSG00000100797	0
ENSMUSG00000100798	0
ENSMUSG00000100799	0
ENSMUSG00000100800	0
ENSMUSG00000100801	2
ENSMUSG00000100802	0
ENSMUSG00000100803	0
ENSMUSG00000100804	0
ENSMUSG00000100805	0
ENSMUSG00000100806	0
ENSMUSG00000100807	0
ENSMUSG00000100808	0
ENSMUSG00000100809	0
ENSMUSG00000100810	0
ENSMUSG00000100811	0
ENSMUSG00000100812	0
ENSMUSG00000100813	3
ENSMUSG00000100814	0
ENSMUSG00000100815	0
ENSMUSG00000100816	0
ENSMUSG00000100817	0
ENSMUSG00000100818	0
ENSMUSG00000100819	1
ENSMUSG00000100820	0
ENSMUSG00000100821	0
ENSMUSG00000100822	0
ENSMUSG00000100823	0
ENSMUSG00000100825	0
ENSMUSG00000100826	196
ENSMUSG00000100827	0
ENSMUSG00000100830	0
ENSMUSG00000100831	27
ENSMUSG00000100832	0
ENSMUSG00000100833	0
ENSMUSG00000100834	0
ENSMUSG00000100835	0
ENSMUSG00000100836	0
ENSMUSG00000100837	6
ENSMUSG00000100838	0
ENSMUSG00000100839	0
ENSMUSG00000100841	0
ENSMUSG00000100842	0
ENSMUSG00000100843	0
ENSMUSG00000100844	0
ENSMUSG00000100845	0
ENSMUSG00000100846	0
ENSMUSG00000100847	0
ENSMUSG00000100848	0
ENSMUSG00000100849	0
ENSMUSG00000100850	0
ENSMUSG00000100851	0
ENSMUSG00000100852	0
ENSMUSG00000100853	0
ENSMUSG00000100854	0
ENSMUSG00000100856	0
ENSMUSG00000100857	0
ENSMUSG00000100858	0
ENSMUSG00000100859	0
ENSMUSG00000100860	0
ENSMUSG00000100861	0
ENSMUSG00000100862	116
ENSMUSG00000100863	206
ENSMUSG00000100864	0
ENSMUSG00000100865	51
ENSMUSG00000100866	0
ENSMUSG00000100867	4
ENSMUSG00000100868	0
ENSMUSG00000100869	0
ENSMUSG00000100870	0
ENSMUSG00000100871	0
ENSMUSG00000100872	0
ENSMUSG00000100873	0
ENSMUSG00000100874	0
ENSMUSG00000100875	0
ENSMUSG00000100876	7
ENSMUSG00000100877	0
ENSMUSG00000100878	0
ENSMUSG00000100879	0
ENSMUSG00000100880	0
ENSMUSG00000100881	0
ENSMUSG00000100882	0
ENSMUSG00000100883	0
ENSMUSG00000100884	0
ENSMUSG00000100885	0
ENSMUSG00000100886	0
ENSMUSG00000100887	0
ENSMUSG00000100888	0
ENSMUSG00000100889	0
ENSMUSG00000100890	0
ENSMUSG00000100891	0
ENSMUSG00000100892	0
ENSMUSG00000100893	0
ENSMUSG00000100894	0
ENSMUSG00000100895	0
ENSMUSG00000100896	0
ENSMUSG00000100897	0
ENSMUSG00000100898	0
ENSMUSG00000100899	0
ENSMUSG00000100900	0
ENSMUSG00000100901	0
ENSMUSG00000100902	0
ENSMUSG00000100903	0
ENSMUSG00000100904	0
ENSMUSG00000100905	0
ENSMUSG00000100906	0
ENSMUSG00000100907	0
ENSMUSG00000100908	0
ENSMUSG00000100910	0
ENSMUSG00000100911	0
ENSMUSG00000100912	0
ENSMUSG00000100913	78
ENSMUSG00000100914	0
ENSMUSG00000100915	0
ENSMUSG00000100916	0
ENSMUSG00000100917	0
ENSMUSG00000100918	0
ENSMUSG00000100919	0
ENSMUSG00000100920	0
ENSMUSG00000100922	0
ENSMUSG00000100923	0
ENSMUSG00000100925	0
ENSMUSG00000100926	0
ENSMUSG00000100927	1
ENSMUSG00000100928	0
ENSMUSG00000100929	0
ENSMUSG00000100930	0
ENSMUSG00000100931	0
ENSMUSG00000100932	3
ENSMUSG00000100933	0
ENSMUSG00000100935	0
ENSMUSG00000100936	0
ENSMUSG00000100937	5
ENSMUSG00000100938	0
ENSMUSG00000100939	0
ENSMUSG00000100940	1
ENSMUSG00000100941	0
ENSMUSG00000100942	0
ENSMUSG00000100943	0
ENSMUSG00000100944	0
ENSMUSG00000100945	0
ENSMUSG00000100946	0
ENSMUSG00000100947	0
ENSMUSG00000100948	0
ENSMUSG00000100949	0
ENSMUSG00000100950	0
ENSMUSG00000100951	0
ENSMUSG00000100952	0
ENSMUSG00000100953	0
ENSMUSG00000100954	3
ENSMUSG00000100955	0
ENSMUSG00000100956	0
ENSMUSG00000100957	0
ENSMUSG00000100958	0
ENSMUSG00000100959	2
ENSMUSG00000100960	0
ENSMUSG00000100961	0
ENSMUSG00000100962	0
ENSMUSG00000100963	0
ENSMUSG00000100964	0
ENSMUSG00000100965	0
ENSMUSG00000100966	0
ENSMUSG00000100967	7
ENSMUSG00000100968	0
ENSMUSG00000100969	0
ENSMUSG00000100970	0
ENSMUSG00000100971	0
ENSMUSG00000100972	0
ENSMUSG00000100973	0
ENSMUSG00000100974	0
ENSMUSG00000100975	84
ENSMUSG00000100976	0
ENSMUSG00000100977	0
ENSMUSG00000100978	0
ENSMUSG00000100979	0
ENSMUSG00000100980	0
ENSMUSG00000100981	0
ENSMUSG00000100982	0
ENSMUSG00000100983	0
ENSMUSG00000100984	0
ENSMUSG00000100985	0
ENSMUSG00000100986	0
ENSMUSG00000100987	0
ENSMUSG00000100988	0
ENSMUSG00000100989	0
ENSMUSG00000100990	0
ENSMUSG00000100991	0
ENSMUSG00000100992	0
ENSMUSG00000100993	0
ENSMUSG00000100994	0
ENSMUSG00000100995	0
ENSMUSG00000100996	0
ENSMUSG00000100998	0
ENSMUSG00000100999	0
ENSMUSG00000101000	0
ENSMUSG00000101001	0
ENSMUSG00000101002	0
ENSMUSG00000101003	0
ENSMUSG00000101004	0
ENSMUSG00000101005	0
ENSMUSG00000101006	0
ENSMUSG00000101007	0
ENSMUSG00000101008	0
ENSMUSG00000101009	1
ENSMUSG00000101010	0
ENSMUSG00000101011	0
ENSMUSG00000101012	0
ENSMUSG00000101013	109
ENSMUSG00000101014	0
ENSMUSG00000101015	0
ENSMUSG00000101016	0
ENSMUSG00000101017	0
ENSMUSG00000101018	0
ENSMUSG00000101019	0
ENSMUSG00000101020	0
ENSMUSG00000101021	0
ENSMUSG00000101022	0
ENSMUSG00000101023	0
ENSMUSG00000101024	0
ENSMUSG00000101025	0
ENSMUSG00000101026	2
ENSMUSG00000101027	0
ENSMUSG00000101028	0
ENSMUSG00000101029	0
ENSMUSG00000101030	0
ENSMUSG00000101031	0
ENSMUSG00000101032	0
ENSMUSG00000101033	0
ENSMUSG00000101035	0
ENSMUSG00000101036	0
ENSMUSG00000101037	7
ENSMUSG00000101038	0
ENSMUSG00000101039	0
ENSMUSG00000101040	0
ENSMUSG00000101041	0
ENSMUSG00000101042	0
ENSMUSG00000101043	0
ENSMUSG00000101044	0
ENSMUSG00000101045	0
ENSMUSG00000101046	0
ENSMUSG00000101049	2
ENSMUSG00000101050	0
ENSMUSG00000101051	0
ENSMUSG00000101052	0
ENSMUSG00000101053	0
ENSMUSG00000101054	0
ENSMUSG00000101055	0
ENSMUSG00000101056	0
ENSMUSG00000101057	0
ENSMUSG00000101058	0
ENSMUSG00000101059	3
ENSMUSG00000101060	0
ENSMUSG00000101061	0
ENSMUSG00000101062	0
ENSMUSG00000101063	0
ENSMUSG00000101064	0
ENSMUSG00000101065	0
ENSMUSG00000101066	0
ENSMUSG00000101067	0
ENSMUSG00000101068	0
ENSMUSG00000101069	0
ENSMUSG00000101070	0
ENSMUSG00000101071	0
ENSMUSG00000101072	0
ENSMUSG00000101073	0
ENSMUSG00000101074	0
ENSMUSG00000101075	0
ENSMUSG00000101076	0
ENSMUSG00000101077	0
ENSMUSG00000101078	0
ENSMUSG00000101079	0
ENSMUSG00000101080	0
ENSMUSG00000101081	0
ENSMUSG00000101082	1
ENSMUSG00000101083	0
ENSMUSG00000101084	0
ENSMUSG00000101085	0
ENSMUSG00000101086	0
ENSMUSG00000101087	0
ENSMUSG00000101088	0
ENSMUSG00000101089	0
ENSMUSG00000101090	0
ENSMUSG00000101091	0
ENSMUSG00000101092	0
ENSMUSG00000101093	0
ENSMUSG00000101094	0
ENSMUSG00000101095	0
ENSMUSG00000101096	0
ENSMUSG00000101097	0
ENSMUSG00000101098	0
ENSMUSG00000101099	0
ENSMUSG00000101100	0
ENSMUSG00000101101	0
ENSMUSG00000101102	0
ENSMUSG00000101103	0
ENSMUSG00000101104	1
ENSMUSG00000101105	0
ENSMUSG00000101106	0
ENSMUSG00000101107	0
ENSMUSG00000101108	0
ENSMUSG00000101109	0
ENSMUSG00000101110	0
ENSMUSG00000101111	132
ENSMUSG00000101112	0
ENSMUSG00000101113	0
ENSMUSG00000101114	0
ENSMUSG00000101115	0
ENSMUSG00000101116	0
ENSMUSG00000101117	0
ENSMUSG00000101118	0
ENSMUSG00000101119	0
ENSMUSG00000101120	0
ENSMUSG00000101122	34
ENSMUSG00000101123	0
ENSMUSG00000101124	0
ENSMUSG00000101125	0
ENSMUSG00000101126	0
ENSMUSG00000101127	0
ENSMUSG00000101128	0
ENSMUSG00000101129	0
ENSMUSG00000101130	0
ENSMUSG00000101131	0
ENSMUSG00000101132	0
ENSMUSG00000101133	0
ENSMUSG00000101134	0
ENSMUSG00000101135	0
ENSMUSG00000101136	0
ENSMUSG00000101137	0
ENSMUSG00000101138	0
ENSMUSG00000101139	0
ENSMUSG00000101140	0
ENSMUSG00000101141	0
ENSMUSG00000101142	0
ENSMUSG00000101143	0
ENSMUSG00000101144	0
ENSMUSG00000101145	0
ENSMUSG00000101146	0
ENSMUSG00000101147	0
ENSMUSG00000101148	0
ENSMUSG00000101149	0
ENSMUSG00000101150	0
ENSMUSG00000101151	0
ENSMUSG00000101152	0
ENSMUSG00000101153	0
ENSMUSG00000101154	0
ENSMUSG00000101155	0
ENSMUSG00000101156	0
ENSMUSG00000101157	0
ENSMUSG00000101158	0
ENSMUSG00000101159	0
ENSMUSG00000101160	0
ENSMUSG00000101161	0
ENSMUSG00000101162	0
ENSMUSG00000101163	0
ENSMUSG00000101164	0
ENSMUSG00000101166	0
ENSMUSG00000101167	0
ENSMUSG00000101168	0
ENSMUSG00000101170	0
ENSMUSG00000101171	0
ENSMUSG00000101172	0
ENSMUSG00000101173	0
ENSMUSG00000101174	0
ENSMUSG00000101177	0
ENSMUSG00000101178	0
ENSMUSG00000101179	0
ENSMUSG00000101180	0
ENSMUSG00000101181	0
ENSMUSG00000101182	0
ENSMUSG00000101183	0
ENSMUSG00000101184	0
ENSMUSG00000101185	0
ENSMUSG00000101186	0
ENSMUSG00000101188	166
ENSMUSG00000101189	0
ENSMUSG00000101190	0
ENSMUSG00000101191	0
ENSMUSG00000101192	0
ENSMUSG00000101193	0
ENSMUSG00000101194	0
ENSMUSG00000101195	0
ENSMUSG00000101196	0
ENSMUSG00000101197	0
ENSMUSG00000101198	0
ENSMUSG00000101199	1
ENSMUSG00000101200	0
ENSMUSG00000101201	0
ENSMUSG00000101202	0
ENSMUSG00000101203	0
ENSMUSG00000101204	0
ENSMUSG00000101205	0
ENSMUSG00000101206	0
ENSMUSG00000101207	0
ENSMUSG00000101208	0
ENSMUSG00000101209	0
ENSMUSG00000101210	0
ENSMUSG00000101211	26
ENSMUSG00000101212	0
ENSMUSG00000101213	0
ENSMUSG00000101214	0
ENSMUSG00000101215	0
ENSMUSG00000101216	0
ENSMUSG00000101218	0
ENSMUSG00000101219	0
ENSMUSG00000101220	0
ENSMUSG00000101221	0
ENSMUSG00000101222	0
ENSMUSG00000101223	0
ENSMUSG00000101224	0
ENSMUSG00000101225	63
ENSMUSG00000101226	0
ENSMUSG00000101227	0
ENSMUSG00000101228	0
ENSMUSG00000101229	0
ENSMUSG00000101230	0
ENSMUSG00000101231	0
ENSMUSG00000101232	0
ENSMUSG00000101233	0
ENSMUSG00000101234	0
ENSMUSG00000101235	0
ENSMUSG00000101236	0
ENSMUSG00000101237	0
ENSMUSG00000101238	0
ENSMUSG00000101239	0
ENSMUSG00000101240	0
ENSMUSG00000101241	0
ENSMUSG00000101242	0
ENSMUSG00000101243	0
ENSMUSG00000101244	0
ENSMUSG00000101245	0
ENSMUSG00000101246	0
ENSMUSG00000101247	0
ENSMUSG00000101248	0
ENSMUSG00000101249	56
ENSMUSG00000101250	0
ENSMUSG00000101251	0
ENSMUSG00000101252	0
ENSMUSG00000101253	0
ENSMUSG00000101254	0
ENSMUSG00000101255	0
ENSMUSG00000101256	0
ENSMUSG00000101257	0
ENSMUSG00000101258	0
ENSMUSG00000101259	0
ENSMUSG00000101260	0
ENSMUSG00000101261	0
ENSMUSG00000101262	0
ENSMUSG00000101263	0
ENSMUSG00000101264	3
ENSMUSG00000101265	0
ENSMUSG00000101266	0
ENSMUSG00000101267	0
ENSMUSG00000101268	0
ENSMUSG00000101270	0
ENSMUSG00000101271	0
ENSMUSG00000101272	0
ENSMUSG00000101273	0
ENSMUSG00000101275	0
ENSMUSG00000101276	0
ENSMUSG00000101277	0
ENSMUSG00000101278	0
ENSMUSG00000101279	0
ENSMUSG00000101280	0
ENSMUSG00000101281	1
ENSMUSG00000101282	0
ENSMUSG00000101283	0
ENSMUSG00000101284	0
ENSMUSG00000101285	0
ENSMUSG00000101286	0
ENSMUSG00000101287	0
ENSMUSG00000101288	0
ENSMUSG00000101289	0
ENSMUSG00000101290	0
ENSMUSG00000101291	0
ENSMUSG00000101292	0
ENSMUSG00000101294	0
ENSMUSG00000101295	0
ENSMUSG00000101296	0
ENSMUSG00000101297	0
ENSMUSG00000101298	0
ENSMUSG00000101299	0
ENSMUSG00000101300	0
ENSMUSG00000101301	0
ENSMUSG00000101302	0
ENSMUSG00000101303	0
ENSMUSG00000101304	37
ENSMUSG00000101305	0
ENSMUSG00000101306	0
ENSMUSG00000101307	0
ENSMUSG00000101308	0
ENSMUSG00000101309	0
ENSMUSG00000101310	0
ENSMUSG00000101311	0
ENSMUSG00000101312	0
ENSMUSG00000101313	0
ENSMUSG00000101314	0
ENSMUSG00000101315	0
ENSMUSG00000101316	100
ENSMUSG00000101317	0
ENSMUSG00000101318	0
ENSMUSG00000101319	0
ENSMUSG00000101320	6
ENSMUSG00000101321	0
ENSMUSG00000101323	0
ENSMUSG00000101324	0
ENSMUSG00000101325	0
ENSMUSG00000101326	0
ENSMUSG00000101327	0
ENSMUSG00000101328	0
ENSMUSG00000101329	0
ENSMUSG00000101330	0
ENSMUSG00000101331	0
ENSMUSG00000101332	0
ENSMUSG00000101333	0
ENSMUSG00000101334	0
ENSMUSG00000101335	142
ENSMUSG00000101336	0
ENSMUSG00000101337	0
ENSMUSG00000101338	0
ENSMUSG00000101339	0
ENSMUSG00000101340	0
ENSMUSG00000101341	0
ENSMUSG00000101342	0
ENSMUSG00000101343	0
ENSMUSG00000101344	0
ENSMUSG00000101345	0
ENSMUSG00000101346	0
ENSMUSG00000101347	0
ENSMUSG00000101348	0
ENSMUSG00000101349	0
ENSMUSG00000101350	0
ENSMUSG00000101351	0
ENSMUSG00000101352	0
ENSMUSG00000101353	0
ENSMUSG00000101354	0
ENSMUSG00000101355	0
ENSMUSG00000101356	2
ENSMUSG00000101357	0
ENSMUSG00000101358	0
ENSMUSG00000101359	0
ENSMUSG00000101360	0
ENSMUSG00000101361	0
ENSMUSG00000101362	0
ENSMUSG00000101363	0
ENSMUSG00000101364	0
ENSMUSG00000101365	0
ENSMUSG00000101366	0
ENSMUSG00000101367	0
ENSMUSG00000101368	0
ENSMUSG00000101369	0
ENSMUSG00000101370	0
ENSMUSG00000101371	0
ENSMUSG00000101372	9
ENSMUSG00000101373	0
ENSMUSG00000101374	0
ENSMUSG00000101375	0
ENSMUSG00000101376	0
ENSMUSG00000101377	0
ENSMUSG00000101378	14
ENSMUSG00000101379	0
ENSMUSG00000101380	0
ENSMUSG00000101381	0
ENSMUSG00000101382	0
ENSMUSG00000101383	0
ENSMUSG00000101385	0
ENSMUSG00000101386	0
ENSMUSG00000101387	0
ENSMUSG00000101388	0
ENSMUSG00000101389	11
ENSMUSG00000101390	0
ENSMUSG00000101391	0
ENSMUSG00000101392	0
ENSMUSG00000101393	0
ENSMUSG00000101394	0
ENSMUSG00000101395	0
ENSMUSG00000101396	0
ENSMUSG00000101397	8551
ENSMUSG00000101398	0
ENSMUSG00000101399	0
ENSMUSG00000101400	0
ENSMUSG00000101401	0
ENSMUSG00000101402	0
ENSMUSG00000101403	0
ENSMUSG00000101404	0
ENSMUSG00000101405	0
ENSMUSG00000101406	0
ENSMUSG00000101407	0
ENSMUSG00000101408	0
ENSMUSG00000101409	0
ENSMUSG00000101410	0
ENSMUSG00000101411	0
ENSMUSG00000101412	0
ENSMUSG00000101413	0
ENSMUSG00000101414	0
ENSMUSG00000101415	0
ENSMUSG00000101416	0
ENSMUSG00000101417	0
ENSMUSG00000101418	0
ENSMUSG00000101419	0
ENSMUSG00000101420	0
ENSMUSG00000101421	0
ENSMUSG00000101422	0
ENSMUSG00000101423	0
ENSMUSG00000101424	0
ENSMUSG00000101425	0
ENSMUSG00000101426	0
ENSMUSG00000101427	0
ENSMUSG00000101428	0
ENSMUSG00000101429	0
ENSMUSG00000101431	0
ENSMUSG00000101433	0
ENSMUSG00000101434	0
ENSMUSG00000101435	0
ENSMUSG00000101436	0
ENSMUSG00000101437	1
ENSMUSG00000101438	21
ENSMUSG00000101439	0
ENSMUSG00000101440	0
ENSMUSG00000101441	0
ENSMUSG00000101442	0
ENSMUSG00000101443	0
ENSMUSG00000101444	0
ENSMUSG00000101445	0
ENSMUSG00000101446	0
ENSMUSG00000101447	0
ENSMUSG00000101448	0
ENSMUSG00000101449	1
ENSMUSG00000101450	1
ENSMUSG00000101451	0
ENSMUSG00000101452	0
ENSMUSG00000101453	0
ENSMUSG00000101454	0
ENSMUSG00000101455	0
ENSMUSG00000101456	0
ENSMUSG00000101457	0
ENSMUSG00000101459	0
ENSMUSG00000101462	3
ENSMUSG00000101463	0
ENSMUSG00000101464	39
ENSMUSG00000101465	0
ENSMUSG00000101466	0
ENSMUSG00000101467	0
ENSMUSG00000101468	0
ENSMUSG00000101469	0
ENSMUSG00000101470	0
ENSMUSG00000101471	0
ENSMUSG00000101472	0
ENSMUSG00000101473	0
ENSMUSG00000101474	0
ENSMUSG00000101475	0
ENSMUSG00000101476	0
ENSMUSG00000101477	1
ENSMUSG00000101478	0
ENSMUSG00000101479	0
ENSMUSG00000101480	0
ENSMUSG00000101481	0
ENSMUSG00000101482	12
ENSMUSG00000101483	0
ENSMUSG00000101484	0
ENSMUSG00000101486	0
ENSMUSG00000101487	0
ENSMUSG00000101489	0
ENSMUSG00000101490	0
ENSMUSG00000101491	0
ENSMUSG00000101492	0
ENSMUSG00000101493	16
ENSMUSG00000101494	0
ENSMUSG00000101495	0
ENSMUSG00000101496	1
ENSMUSG00000101497	0
ENSMUSG00000101498	0
ENSMUSG00000101499	0
ENSMUSG00000101500	0
ENSMUSG00000101501	4
ENSMUSG00000101502	0
ENSMUSG00000101503	0
ENSMUSG00000101504	0
ENSMUSG00000101505	0
ENSMUSG00000101506	0
ENSMUSG00000101507	0
ENSMUSG00000101508	0
ENSMUSG00000101509	0
ENSMUSG00000101510	0
ENSMUSG00000101511	0
ENSMUSG00000101512	0
ENSMUSG00000101513	0
ENSMUSG00000101514	415
ENSMUSG00000101515	0
ENSMUSG00000101516	0
ENSMUSG00000101517	321
ENSMUSG00000101518	0
ENSMUSG00000101519	0
ENSMUSG00000101520	0
ENSMUSG00000101521	0
ENSMUSG00000101522	0
ENSMUSG00000101523	47
ENSMUSG00000101525	0
ENSMUSG00000101526	0
ENSMUSG00000101527	0
ENSMUSG00000101528	0
ENSMUSG00000101529	0
ENSMUSG00000101530	0
ENSMUSG00000101531	0
ENSMUSG00000101532	0
ENSMUSG00000101533	0
ENSMUSG00000101534	0
ENSMUSG00000101535	0
ENSMUSG00000101536	0
ENSMUSG00000101537	41
ENSMUSG00000101538	0
ENSMUSG00000101539	0
ENSMUSG00000101540	0
ENSMUSG00000101541	0
ENSMUSG00000101542	0
ENSMUSG00000101543	0
ENSMUSG00000101544	0
ENSMUSG00000101545	0
ENSMUSG00000101546	0
ENSMUSG00000101547	0
ENSMUSG00000101548	0
ENSMUSG00000101549	0
ENSMUSG00000101550	0
ENSMUSG00000101551	0
ENSMUSG00000101552	0
ENSMUSG00000101553	0
ENSMUSG00000101554	0
ENSMUSG00000101555	0
ENSMUSG00000101556	8
ENSMUSG00000101557	0
ENSMUSG00000101558	0
ENSMUSG00000101559	0
ENSMUSG00000101560	0
ENSMUSG00000101562	0
ENSMUSG00000101563	0
ENSMUSG00000101564	3
ENSMUSG00000101565	0
ENSMUSG00000101566	0
ENSMUSG00000101567	336
ENSMUSG00000101568	0
ENSMUSG00000101569	0
ENSMUSG00000101570	0
ENSMUSG00000101571	0
ENSMUSG00000101573	0
ENSMUSG00000101574	0
ENSMUSG00000101575	0
ENSMUSG00000101576	0
ENSMUSG00000101578	0
ENSMUSG00000101579	0
ENSMUSG00000101580	0
ENSMUSG00000101581	0
ENSMUSG00000101582	0
ENSMUSG00000101583	0
ENSMUSG00000101584	0
ENSMUSG00000101585	2
ENSMUSG00000101586	0
ENSMUSG00000101587	0
ENSMUSG00000101588	0
ENSMUSG00000101589	132
ENSMUSG00000101590	0
ENSMUSG00000101592	0
ENSMUSG00000101593	0
ENSMUSG00000101594	0
ENSMUSG00000101595	0
ENSMUSG00000101596	0
ENSMUSG00000101597	0
ENSMUSG00000101598	0
ENSMUSG00000101599	44
ENSMUSG00000101600	0
ENSMUSG00000101601	0
ENSMUSG00000101602	0
ENSMUSG00000101603	0
ENSMUSG00000101605	0
ENSMUSG00000101606	0
ENSMUSG00000101607	0
ENSMUSG00000101608	0
ENSMUSG00000101609	56
ENSMUSG00000101610	0
ENSMUSG00000101611	0
ENSMUSG00000101612	0
ENSMUSG00000101613	0
ENSMUSG00000101614	0
ENSMUSG00000101615	0
ENSMUSG00000101616	0
ENSMUSG00000101617	0
ENSMUSG00000101618	0
ENSMUSG00000101619	0
ENSMUSG00000101621	0
ENSMUSG00000101622	0
ENSMUSG00000101623	0
ENSMUSG00000101624	0
ENSMUSG00000101625	0
ENSMUSG00000101626	0
ENSMUSG00000101627	0
ENSMUSG00000101628	3
ENSMUSG00000101629	0
ENSMUSG00000101630	0
ENSMUSG00000101631	0
ENSMUSG00000101632	0
ENSMUSG00000101633	0
ENSMUSG00000101634	0
ENSMUSG00000101636	0
ENSMUSG00000101637	0
ENSMUSG00000101638	0
ENSMUSG00000101639	0
ENSMUSG00000101640	0
ENSMUSG00000101641	0
ENSMUSG00000101642	0
ENSMUSG00000101643	0
ENSMUSG00000101644	0
ENSMUSG00000101645	0
ENSMUSG00000101646	0
ENSMUSG00000101647	0
ENSMUSG00000101648	0
ENSMUSG00000101649	0
ENSMUSG00000101650	0
ENSMUSG00000101651	2
ENSMUSG00000101652	0
ENSMUSG00000101653	0
ENSMUSG00000101654	0
ENSMUSG00000101655	115
ENSMUSG00000101656	0
ENSMUSG00000101657	0
ENSMUSG00000101658	0
ENSMUSG00000101659	0
ENSMUSG00000101660	0
ENSMUSG00000101661	0
ENSMUSG00000101662	0
ENSMUSG00000101664	0
ENSMUSG00000101665	0
ENSMUSG00000101666	1
ENSMUSG00000101667	0
ENSMUSG00000101668	0
ENSMUSG00000101669	0
ENSMUSG00000101670	0
ENSMUSG00000101671	0
ENSMUSG00000101672	0
ENSMUSG00000101673	0
ENSMUSG00000101674	0
ENSMUSG00000101675	0
ENSMUSG00000101676	0
ENSMUSG00000101678	5
ENSMUSG00000101679	0
ENSMUSG00000101680	0
ENSMUSG00000101681	0
ENSMUSG00000101682	0
ENSMUSG00000101683	0
ENSMUSG00000101684	0
ENSMUSG00000101685	19
ENSMUSG00000101686	0
ENSMUSG00000101687	6
ENSMUSG00000101688	0
ENSMUSG00000101689	0
ENSMUSG00000101690	0
ENSMUSG00000101691	0
ENSMUSG00000101692	0
ENSMUSG00000101693	14
ENSMUSG00000101694	0
ENSMUSG00000101695	0
ENSMUSG00000101698	0
ENSMUSG00000101699	0
ENSMUSG00000101700	0
ENSMUSG00000101701	0
ENSMUSG00000101702	0
ENSMUSG00000101703	0
ENSMUSG00000101704	0
ENSMUSG00000101705	0
ENSMUSG00000101706	0
ENSMUSG00000101707	0
ENSMUSG00000101708	0
ENSMUSG00000101709	0
ENSMUSG00000101710	0
ENSMUSG00000101711	0
ENSMUSG00000101712	0
ENSMUSG00000101713	0
ENSMUSG00000101714	0
ENSMUSG00000101715	0
ENSMUSG00000101716	0
ENSMUSG00000101717	0
ENSMUSG00000101718	0
ENSMUSG00000101719	0
ENSMUSG00000101720	0
ENSMUSG00000101721	0
ENSMUSG00000101722	0
ENSMUSG00000101723	0
ENSMUSG00000101724	3
ENSMUSG00000101725	0
ENSMUSG00000101726	0
ENSMUSG00000101727	0
ENSMUSG00000101728	0
ENSMUSG00000101729	1
ENSMUSG00000101730	0
ENSMUSG00000101731	0
ENSMUSG00000101732	0
ENSMUSG00000101733	0
ENSMUSG00000101734	0
ENSMUSG00000101735	0
ENSMUSG00000101736	0
ENSMUSG00000101737	0
ENSMUSG00000101739	0
ENSMUSG00000101740	0
ENSMUSG00000101741	0
ENSMUSG00000101742	0
ENSMUSG00000101743	0
ENSMUSG00000101744	0
ENSMUSG00000101745	0
ENSMUSG00000101746	0
ENSMUSG00000101747	0
ENSMUSG00000101748	0
ENSMUSG00000101750	1
ENSMUSG00000101751	0
ENSMUSG00000101752	0
ENSMUSG00000101753	0
ENSMUSG00000101754	0
ENSMUSG00000101755	0
ENSMUSG00000101756	0
ENSMUSG00000101757	0
ENSMUSG00000101758	0
ENSMUSG00000101759	0
ENSMUSG00000101760	0
ENSMUSG00000101761	0
ENSMUSG00000101762	0
ENSMUSG00000101763	0
ENSMUSG00000101764	0
ENSMUSG00000101765	0
ENSMUSG00000101766	0
ENSMUSG00000101768	0
ENSMUSG00000101769	0
ENSMUSG00000101770	0
ENSMUSG00000101771	0
ENSMUSG00000101772	0
ENSMUSG00000101773	0
ENSMUSG00000101774	0
ENSMUSG00000101775	0
ENSMUSG00000101776	0
ENSMUSG00000101777	0
ENSMUSG00000101778	0
ENSMUSG00000101779	0
ENSMUSG00000101780	0
ENSMUSG00000101781	0
ENSMUSG00000101782	0
ENSMUSG00000101783	0
ENSMUSG00000101784	8
ENSMUSG00000101785	0
ENSMUSG00000101786	0
ENSMUSG00000101787	0
ENSMUSG00000101788	0
ENSMUSG00000101789	0
ENSMUSG00000101790	0
ENSMUSG00000101791	0
ENSMUSG00000101792	0
ENSMUSG00000101793	0
ENSMUSG00000101794	0
ENSMUSG00000101795	393
ENSMUSG00000101796	0
ENSMUSG00000101797	0
ENSMUSG00000101798	0
ENSMUSG00000101799	0
ENSMUSG00000101800	9
ENSMUSG00000101801	0
ENSMUSG00000101802	0
ENSMUSG00000101803	0
ENSMUSG00000101804	0
ENSMUSG00000101805	0
ENSMUSG00000101806	0
ENSMUSG00000101807	0
ENSMUSG00000101808	0
ENSMUSG00000101809	0
ENSMUSG00000101810	0
ENSMUSG00000101811	0
ENSMUSG00000101812	0
ENSMUSG00000101813	0
ENSMUSG00000101814	1
ENSMUSG00000101815	0
ENSMUSG00000101816	0
ENSMUSG00000101817	0
ENSMUSG00000101818	0
ENSMUSG00000101819	0
ENSMUSG00000101820	0
ENSMUSG00000101821	0
ENSMUSG00000101822	0
ENSMUSG00000101823	5
ENSMUSG00000101824	0
ENSMUSG00000101825	0
ENSMUSG00000101826	0
ENSMUSG00000101827	0
ENSMUSG00000101828	3
ENSMUSG00000101829	0
ENSMUSG00000101830	0
ENSMUSG00000101831	0
ENSMUSG00000101832	0
ENSMUSG00000101833	0
ENSMUSG00000101834	4
ENSMUSG00000101835	0
ENSMUSG00000101836	0
ENSMUSG00000101837	0
ENSMUSG00000101838	0
ENSMUSG00000101839	0
ENSMUSG00000101840	0
ENSMUSG00000101841	20
ENSMUSG00000101842	0
ENSMUSG00000101843	0
ENSMUSG00000101844	0
ENSMUSG00000101845	0
ENSMUSG00000101846	0
ENSMUSG00000101847	0
ENSMUSG00000101848	0
ENSMUSG00000101849	0
ENSMUSG00000101850	0
ENSMUSG00000101851	0
ENSMUSG00000101852	0
ENSMUSG00000101853	0
ENSMUSG00000101854	0
ENSMUSG00000101855	0
ENSMUSG00000101856	81
ENSMUSG00000101857	0
ENSMUSG00000101858	0
ENSMUSG00000101859	0
ENSMUSG00000101860	0
ENSMUSG00000101861	0
ENSMUSG00000101862	2
ENSMUSG00000101863	0
ENSMUSG00000101864	0
ENSMUSG00000101865	0
ENSMUSG00000101866	0
ENSMUSG00000101867	0
ENSMUSG00000101868	0
ENSMUSG00000101869	0
ENSMUSG00000101870	0
ENSMUSG00000101871	0
ENSMUSG00000101872	0
ENSMUSG00000101873	0
ENSMUSG00000101874	0
ENSMUSG00000101875	0
ENSMUSG00000101877	0
ENSMUSG00000101878	345
ENSMUSG00000101879	0
ENSMUSG00000101880	0
ENSMUSG00000101881	0
ENSMUSG00000101882	0
ENSMUSG00000101883	0
ENSMUSG00000101884	0
ENSMUSG00000101885	0
ENSMUSG00000101886	0
ENSMUSG00000101887	0
ENSMUSG00000101888	0
ENSMUSG00000101890	0
ENSMUSG00000101891	0
ENSMUSG00000101892	310
ENSMUSG00000101893	0
ENSMUSG00000101894	0
ENSMUSG00000101895	0
ENSMUSG00000101896	1
ENSMUSG00000101897	0
ENSMUSG00000101898	0
ENSMUSG00000101899	0
ENSMUSG00000101900	0
ENSMUSG00000101901	0
ENSMUSG00000101902	0
ENSMUSG00000101903	0
ENSMUSG00000101904	12
ENSMUSG00000101905	0
ENSMUSG00000101906	0
ENSMUSG00000101907	0
ENSMUSG00000101908	0
ENSMUSG00000101909	0
ENSMUSG00000101910	0
ENSMUSG00000101911	0
ENSMUSG00000101912	0
ENSMUSG00000101913	0
ENSMUSG00000101914	0
ENSMUSG00000101915	0
ENSMUSG00000101916	0
ENSMUSG00000101917	0
ENSMUSG00000101918	0
ENSMUSG00000101919	0
ENSMUSG00000101920	0
ENSMUSG00000101921	0
ENSMUSG00000101922	0
ENSMUSG00000101923	0
ENSMUSG00000101925	0
ENSMUSG00000101927	0
ENSMUSG00000101928	0
ENSMUSG00000101929	0
ENSMUSG00000101930	0
ENSMUSG00000101931	0
ENSMUSG00000101932	0
ENSMUSG00000101933	0
ENSMUSG00000101934	0
ENSMUSG00000101935	0
ENSMUSG00000101936	0
ENSMUSG00000101937	0
ENSMUSG00000101938	0
ENSMUSG00000101939	7
ENSMUSG00000101940	0
ENSMUSG00000101941	0
ENSMUSG00000101942	0
ENSMUSG00000101943	0
ENSMUSG00000101944	0
ENSMUSG00000101945	0
ENSMUSG00000101947	0
ENSMUSG00000101948	0
ENSMUSG00000101949	3
ENSMUSG00000101950	0
ENSMUSG00000101951	0
ENSMUSG00000101952	0
ENSMUSG00000101953	0
ENSMUSG00000101954	0
ENSMUSG00000101955	0
ENSMUSG00000101956	0
ENSMUSG00000101957	0
ENSMUSG00000101958	0
ENSMUSG00000101959	2
ENSMUSG00000101960	0
ENSMUSG00000101961	0
ENSMUSG00000101962	0
ENSMUSG00000101963	0
ENSMUSG00000101964	0
ENSMUSG00000101965	0
ENSMUSG00000101966	1
ENSMUSG00000101967	0
ENSMUSG00000101968	0
ENSMUSG00000101969	4
ENSMUSG00000101970	220
ENSMUSG00000101971	0
ENSMUSG00000101972	0
ENSMUSG00000101973	0
ENSMUSG00000101974	0
ENSMUSG00000101975	0
ENSMUSG00000101977	0
ENSMUSG00000101978	0
ENSMUSG00000101980	0
ENSMUSG00000101981	0
ENSMUSG00000101982	0
ENSMUSG00000101983	0
ENSMUSG00000101984	0
ENSMUSG00000101985	0
ENSMUSG00000101986	2
ENSMUSG00000101987	0
ENSMUSG00000101988	0
ENSMUSG00000101989	0
ENSMUSG00000101990	0
ENSMUSG00000101991	0
ENSMUSG00000101992	0
ENSMUSG00000101993	0
ENSMUSG00000101994	0
ENSMUSG00000101995	0
ENSMUSG00000101996	0
ENSMUSG00000101997	0
ENSMUSG00000101998	0
ENSMUSG00000102000	0
ENSMUSG00000102001	0
ENSMUSG00000102002	0
ENSMUSG00000102003	0
ENSMUSG00000102004	0
ENSMUSG00000102005	0
ENSMUSG00000102006	0
ENSMUSG00000102008	0
ENSMUSG00000102009	0
ENSMUSG00000102010	0
ENSMUSG00000102011	0
ENSMUSG00000102013	0
ENSMUSG00000102014	22
ENSMUSG00000102015	0
ENSMUSG00000102016	0
ENSMUSG00000102017	0
ENSMUSG00000102018	8
ENSMUSG00000102019	0
ENSMUSG00000102020	0
ENSMUSG00000102022	0
ENSMUSG00000102023	0
ENSMUSG00000102025	0
ENSMUSG00000102026	0
ENSMUSG00000102027	0
ENSMUSG00000102028	0
ENSMUSG00000102029	0
ENSMUSG00000102030	0
ENSMUSG00000102031	0
ENSMUSG00000102032	0
ENSMUSG00000102033	0
ENSMUSG00000102035	0
ENSMUSG00000102036	0
ENSMUSG00000102037	0
ENSMUSG00000102038	38
ENSMUSG00000102039	0
ENSMUSG00000102041	0
ENSMUSG00000102042	0
ENSMUSG00000102043	0
ENSMUSG00000102044	0
ENSMUSG00000102045	0
ENSMUSG00000102046	0
ENSMUSG00000102047	64
ENSMUSG00000102048	0
ENSMUSG00000102049	0
ENSMUSG00000102050	0
ENSMUSG00000102051	0
ENSMUSG00000102052	0
ENSMUSG00000102053	0
ENSMUSG00000102054	0
ENSMUSG00000102055	1
ENSMUSG00000102056	0
ENSMUSG00000102057	0
ENSMUSG00000102058	0
ENSMUSG00000102059	83
ENSMUSG00000102060	1
ENSMUSG00000102061	0
ENSMUSG00000102062	0
ENSMUSG00000102063	0
ENSMUSG00000102064	0
ENSMUSG00000102065	0
ENSMUSG00000102067	0
ENSMUSG00000102068	0
ENSMUSG00000102069	0
ENSMUSG00000102070	52
ENSMUSG00000102071	0
ENSMUSG00000102072	0
ENSMUSG00000102073	0
ENSMUSG00000102074	0
ENSMUSG00000102075	0
ENSMUSG00000102076	0
ENSMUSG00000102077	0
ENSMUSG00000102079	0
ENSMUSG00000102080	0
ENSMUSG00000102081	0
ENSMUSG00000102082	0
ENSMUSG00000102083	0
ENSMUSG00000102084	0
ENSMUSG00000102085	0
ENSMUSG00000102087	0
ENSMUSG00000102088	2
ENSMUSG00000102090	0
ENSMUSG00000102091	98
ENSMUSG00000102092	0
ENSMUSG00000102093	0
ENSMUSG00000102095	896
ENSMUSG00000102096	0
ENSMUSG00000102097	0
ENSMUSG00000102098	0
ENSMUSG00000102099	0
ENSMUSG00000102100	0
ENSMUSG00000102101	82
ENSMUSG00000102102	0
ENSMUSG00000102103	0
ENSMUSG00000102104	0
ENSMUSG00000102105	0
ENSMUSG00000102106	3
ENSMUSG00000102107	0
ENSMUSG00000102108	0
ENSMUSG00000102109	0
ENSMUSG00000102110	0
ENSMUSG00000102111	0
ENSMUSG00000102112	19
ENSMUSG00000102113	0
ENSMUSG00000102114	0
ENSMUSG00000102115	0
ENSMUSG00000102116	0
ENSMUSG00000102117	0
ENSMUSG00000102118	0
ENSMUSG00000102119	0
ENSMUSG00000102120	0
ENSMUSG00000102121	0
ENSMUSG00000102122	0
ENSMUSG00000102123	0
ENSMUSG00000102124	0
ENSMUSG00000102125	0
ENSMUSG00000102126	0
ENSMUSG00000102127	0
ENSMUSG00000102128	0
ENSMUSG00000102129	0
ENSMUSG00000102131	0
ENSMUSG00000102132	0
ENSMUSG00000102133	0
ENSMUSG00000102134	0
ENSMUSG00000102135	0
ENSMUSG00000102136	0
ENSMUSG00000102137	0
ENSMUSG00000102138	0
ENSMUSG00000102139	0
ENSMUSG00000102140	0
ENSMUSG00000102141	0
ENSMUSG00000102142	0
ENSMUSG00000102143	9
ENSMUSG00000102144	0
ENSMUSG00000102145	0
ENSMUSG00000102146	0
ENSMUSG00000102147	0
ENSMUSG00000102148	0
ENSMUSG00000102149	0
ENSMUSG00000102150	0
ENSMUSG00000102151	3
ENSMUSG00000102152	0
ENSMUSG00000102153	3
ENSMUSG00000102154	0
ENSMUSG00000102155	0
ENSMUSG00000102157	0
ENSMUSG00000102158	0
ENSMUSG00000102159	0
ENSMUSG00000102160	0
ENSMUSG00000102162	0
ENSMUSG00000102163	1
ENSMUSG00000102164	0
ENSMUSG00000102166	0
ENSMUSG00000102167	0
ENSMUSG00000102168	0
ENSMUSG00000102169	0
ENSMUSG00000102170	0
ENSMUSG00000102171	32
ENSMUSG00000102172	0
ENSMUSG00000102173	0
ENSMUSG00000102174	0
ENSMUSG00000102175	0
ENSMUSG00000102176	0
ENSMUSG00000102177	0
ENSMUSG00000102178	0
ENSMUSG00000102179	3
ENSMUSG00000102180	0
ENSMUSG00000102181	0
ENSMUSG00000102182	0
ENSMUSG00000102184	1
ENSMUSG00000102185	0
ENSMUSG00000102186	0
ENSMUSG00000102187	0
ENSMUSG00000102188	0
ENSMUSG00000102189	0
ENSMUSG00000102190	1
ENSMUSG00000102191	0
ENSMUSG00000102192	0
ENSMUSG00000102193	0
ENSMUSG00000102194	0
ENSMUSG00000102195	0
ENSMUSG00000102196	0
ENSMUSG00000102197	0
ENSMUSG00000102198	0
ENSMUSG00000102199	0
ENSMUSG00000102200	0
ENSMUSG00000102201	0
ENSMUSG00000102202	14
ENSMUSG00000102203	0
ENSMUSG00000102204	0
ENSMUSG00000102205	0
ENSMUSG00000102206	0
ENSMUSG00000102207	0
ENSMUSG00000102208	0
ENSMUSG00000102211	7
ENSMUSG00000102212	0
ENSMUSG00000102213	0
ENSMUSG00000102214	0
ENSMUSG00000102215	0
ENSMUSG00000102216	0
ENSMUSG00000102217	0
ENSMUSG00000102218	0
ENSMUSG00000102219	0
ENSMUSG00000102220	0
ENSMUSG00000102221	0
ENSMUSG00000102222	2
ENSMUSG00000102223	0
ENSMUSG00000102224	0
ENSMUSG00000102225	2
ENSMUSG00000102227	0
ENSMUSG00000102229	0
ENSMUSG00000102230	0
ENSMUSG00000102231	0
ENSMUSG00000102232	0
ENSMUSG00000102233	0
ENSMUSG00000102234	0
ENSMUSG00000102235	0
ENSMUSG00000102236	0
ENSMUSG00000102238	0
ENSMUSG00000102239	0
ENSMUSG00000102240	0
ENSMUSG00000102241	1
ENSMUSG00000102242	0
ENSMUSG00000102243	0
ENSMUSG00000102244	0
ENSMUSG00000102245	0
ENSMUSG00000102246	2
ENSMUSG00000102247	0
ENSMUSG00000102248	0
ENSMUSG00000102249	0
ENSMUSG00000102250	0
ENSMUSG00000102251	0
ENSMUSG00000102252	290
ENSMUSG00000102253	0
ENSMUSG00000102254	0
ENSMUSG00000102255	0
ENSMUSG00000102256	0
ENSMUSG00000102257	0
ENSMUSG00000102258	2
ENSMUSG00000102259	0
ENSMUSG00000102260	0
ENSMUSG00000102261	0
ENSMUSG00000102262	0
ENSMUSG00000102263	0
ENSMUSG00000102264	0
ENSMUSG00000102265	0
ENSMUSG00000102266	0
ENSMUSG00000102267	0
ENSMUSG00000102268	0
ENSMUSG00000102269	14
ENSMUSG00000102270	1
ENSMUSG00000102271	0
ENSMUSG00000102272	17
ENSMUSG00000102273	0
ENSMUSG00000102274	2
ENSMUSG00000102275	11
ENSMUSG00000102276	0
ENSMUSG00000102277	0
ENSMUSG00000102278	1
ENSMUSG00000102279	0
ENSMUSG00000102280	0
ENSMUSG00000102281	0
ENSMUSG00000102282	0
ENSMUSG00000102283	0
ENSMUSG00000102284	0
ENSMUSG00000102285	0
ENSMUSG00000102286	0
ENSMUSG00000102287	0
ENSMUSG00000102288	0
ENSMUSG00000102289	0
ENSMUSG00000102290	0
ENSMUSG00000102291	0
ENSMUSG00000102293	0
ENSMUSG00000102294	0
ENSMUSG00000102295	0
ENSMUSG00000102296	0
ENSMUSG00000102297	0
ENSMUSG00000102298	0
ENSMUSG00000102299	0
ENSMUSG00000102300	0
ENSMUSG00000102301	0
ENSMUSG00000102302	19
ENSMUSG00000102303	0
ENSMUSG00000102304	0
ENSMUSG00000102305	3
ENSMUSG00000102307	0
ENSMUSG00000102308	0
ENSMUSG00000102309	0
ENSMUSG00000102310	0
ENSMUSG00000102311	0
ENSMUSG00000102312	0
ENSMUSG00000102313	0
ENSMUSG00000102314	0
ENSMUSG00000102315	0
ENSMUSG00000102316	0
ENSMUSG00000102317	0
ENSMUSG00000102318	0
ENSMUSG00000102319	0
ENSMUSG00000102320	0
ENSMUSG00000102321	0
ENSMUSG00000102322	0
ENSMUSG00000102323	0
ENSMUSG00000102324	0
ENSMUSG00000102325	0
ENSMUSG00000102326	4
ENSMUSG00000102327	0
ENSMUSG00000102328	0
ENSMUSG00000102329	0
ENSMUSG00000102330	0
ENSMUSG00000102331	0
ENSMUSG00000102332	0
ENSMUSG00000102333	0
ENSMUSG00000102334	0
ENSMUSG00000102335	0
ENSMUSG00000102336	2
ENSMUSG00000102337	0
ENSMUSG00000102338	0
ENSMUSG00000102339	0
ENSMUSG00000102341	0
ENSMUSG00000102342	0
ENSMUSG00000102343	0
ENSMUSG00000102344	2
ENSMUSG00000102345	0
ENSMUSG00000102346	0
ENSMUSG00000102347	0
ENSMUSG00000102348	0
ENSMUSG00000102349	0
ENSMUSG00000102350	0
ENSMUSG00000102352	0
ENSMUSG00000102353	86
ENSMUSG00000102354	0
ENSMUSG00000102355	0
ENSMUSG00000102356	0
ENSMUSG00000102357	0
ENSMUSG00000102358	0
ENSMUSG00000102359	0
ENSMUSG00000102360	0
ENSMUSG00000102362	0
ENSMUSG00000102363	0
ENSMUSG00000102364	0
ENSMUSG00000102365	0
ENSMUSG00000102366	0
ENSMUSG00000102367	2
ENSMUSG00000102368	0
ENSMUSG00000102369	0
ENSMUSG00000102370	0
ENSMUSG00000102371	0
ENSMUSG00000102372	0
ENSMUSG00000102373	0
ENSMUSG00000102374	7
ENSMUSG00000102375	94
ENSMUSG00000102376	0
ENSMUSG00000102377	0
ENSMUSG00000102378	0
ENSMUSG00000102379	0
ENSMUSG00000102380	4
ENSMUSG00000102381	0
ENSMUSG00000102382	0
ENSMUSG00000102383	0
ENSMUSG00000102384	0
ENSMUSG00000102385	0
ENSMUSG00000102386	0
ENSMUSG00000102387	0
ENSMUSG00000102388	0
ENSMUSG00000102389	0
ENSMUSG00000102390	0
ENSMUSG00000102391	0
ENSMUSG00000102392	0
ENSMUSG00000102393	0
ENSMUSG00000102394	0
ENSMUSG00000102396	0
ENSMUSG00000102397	0
ENSMUSG00000102398	0
ENSMUSG00000102399	23
ENSMUSG00000102400	0
ENSMUSG00000102401	0
ENSMUSG00000102402	0
ENSMUSG00000102403	0
ENSMUSG00000102404	0
ENSMUSG00000102405	0
ENSMUSG00000102406	0
ENSMUSG00000102407	0
ENSMUSG00000102408	0
ENSMUSG00000102409	0
ENSMUSG00000102410	0
ENSMUSG00000102411	40
ENSMUSG00000102413	0
ENSMUSG00000102414	0
ENSMUSG00000102415	0
ENSMUSG00000102416	0
ENSMUSG00000102417	0
ENSMUSG00000102418	3
ENSMUSG00000102419	0
ENSMUSG00000102420	0
ENSMUSG00000102421	0
ENSMUSG00000102422	0
ENSMUSG00000102423	0
ENSMUSG00000102424	0
ENSMUSG00000102425	20
ENSMUSG00000102427	0
ENSMUSG00000102428	1
ENSMUSG00000102429	0
ENSMUSG00000102430	0
ENSMUSG00000102432	29
ENSMUSG00000102433	0
ENSMUSG00000102434	0
ENSMUSG00000102436	0
ENSMUSG00000102437	0
ENSMUSG00000102438	0
ENSMUSG00000102439	0
ENSMUSG00000102440	0
ENSMUSG00000102441	0
ENSMUSG00000102442	0
ENSMUSG00000102443	0
ENSMUSG00000102445	0
ENSMUSG00000102446	0
ENSMUSG00000102447	0
ENSMUSG00000102448	0
ENSMUSG00000102449	0
ENSMUSG00000102450	0
ENSMUSG00000102451	0
ENSMUSG00000102452	2
ENSMUSG00000102453	0
ENSMUSG00000102456	0
ENSMUSG00000102457	0
ENSMUSG00000102458	0
ENSMUSG00000102459	1
ENSMUSG00000102460	0
ENSMUSG00000102461	0
ENSMUSG00000102462	0
ENSMUSG00000102463	2
ENSMUSG00000102464	0
ENSMUSG00000102465	0
ENSMUSG00000102466	0
ENSMUSG00000102467	0
ENSMUSG00000102469	0
ENSMUSG00000102470	0
ENSMUSG00000102471	0
ENSMUSG00000102473	0
ENSMUSG00000102474	0
ENSMUSG00000102475	0
ENSMUSG00000102476	0
ENSMUSG00000102478	0
ENSMUSG00000102479	0
ENSMUSG00000102480	0
ENSMUSG00000102481	0
ENSMUSG00000102482	0
ENSMUSG00000102483	0
ENSMUSG00000102484	0
ENSMUSG00000102485	0
ENSMUSG00000102486	0
ENSMUSG00000102487	0
ENSMUSG00000102488	0
ENSMUSG00000102489	0
ENSMUSG00000102490	0
ENSMUSG00000102491	0
ENSMUSG00000102492	0
ENSMUSG00000102493	1
ENSMUSG00000102494	0
ENSMUSG00000102495	0
ENSMUSG00000102496	3
ENSMUSG00000102497	0
ENSMUSG00000102498	0
ENSMUSG00000102499	0
ENSMUSG00000102500	0
ENSMUSG00000102501	0
ENSMUSG00000102502	0
ENSMUSG00000102503	2
ENSMUSG00000102504	0
ENSMUSG00000102505	0
ENSMUSG00000102506	0
ENSMUSG00000102507	0
ENSMUSG00000102508	0
ENSMUSG00000102509	3
ENSMUSG00000102510	0
ENSMUSG00000102511	0
ENSMUSG00000102512	0
ENSMUSG00000102513	0
ENSMUSG00000102514	0
ENSMUSG00000102515	0
ENSMUSG00000102516	0
ENSMUSG00000102517	0
ENSMUSG00000102518	0
ENSMUSG00000102520	0
ENSMUSG00000102521	0
ENSMUSG00000102522	0
ENSMUSG00000102523	0
ENSMUSG00000102524	0
ENSMUSG00000102525	66
ENSMUSG00000102526	0
ENSMUSG00000102528	0
ENSMUSG00000102529	0
ENSMUSG00000102530	0
ENSMUSG00000102531	0
ENSMUSG00000102532	0
ENSMUSG00000102533	1
ENSMUSG00000102534	0
ENSMUSG00000102535	0
ENSMUSG00000102536	0
ENSMUSG00000102537	0
ENSMUSG00000102538	0
ENSMUSG00000102539	0
ENSMUSG00000102540	0
ENSMUSG00000102541	0
ENSMUSG00000102542	0
ENSMUSG00000102543	0
ENSMUSG00000102544	3
ENSMUSG00000102545	15
ENSMUSG00000102546	0
ENSMUSG00000102547	0
ENSMUSG00000102548	0
ENSMUSG00000102549	1
ENSMUSG00000102550	33
ENSMUSG00000102551	0
ENSMUSG00000102552	0
ENSMUSG00000102553	12
ENSMUSG00000102554	0
ENSMUSG00000102555	8
ENSMUSG00000102556	0
ENSMUSG00000102558	0
ENSMUSG00000102559	5
ENSMUSG00000102561	0
ENSMUSG00000102562	3
ENSMUSG00000102563	0
ENSMUSG00000102564	0
ENSMUSG00000102565	0
ENSMUSG00000102566	0
ENSMUSG00000102568	0
ENSMUSG00000102569	0
ENSMUSG00000102570	0
ENSMUSG00000102571	1
ENSMUSG00000102572	0
ENSMUSG00000102573	0
ENSMUSG00000102574	0
ENSMUSG00000102575	0
ENSMUSG00000102576	0
ENSMUSG00000102577	9
ENSMUSG00000102578	0
ENSMUSG00000102579	0
ENSMUSG00000102580	0
ENSMUSG00000102581	0
ENSMUSG00000102582	0
ENSMUSG00000102583	0
ENSMUSG00000102584	0
ENSMUSG00000102585	0
ENSMUSG00000102586	0
ENSMUSG00000102587	0
ENSMUSG00000102588	0
ENSMUSG00000102589	0
ENSMUSG00000102590	0
ENSMUSG00000102591	0
ENSMUSG00000102592	0
ENSMUSG00000102593	0
ENSMUSG00000102594	0
ENSMUSG00000102595	1
ENSMUSG00000102596	0
ENSMUSG00000102597	0
ENSMUSG00000102598	0
ENSMUSG00000102599	0
ENSMUSG00000102600	0
ENSMUSG00000102601	0
ENSMUSG00000102602	64
ENSMUSG00000102603	0
ENSMUSG00000102605	0
ENSMUSG00000102606	0
ENSMUSG00000102607	0
ENSMUSG00000102608	0
ENSMUSG00000102609	35
ENSMUSG00000102610	0
ENSMUSG00000102611	0
ENSMUSG00000102612	0
ENSMUSG00000102613	0
ENSMUSG00000102614	0
ENSMUSG00000102615	5
ENSMUSG00000102616	1
ENSMUSG00000102617	0
ENSMUSG00000102618	0
ENSMUSG00000102619	2
ENSMUSG00000102620	0
ENSMUSG00000102621	0
ENSMUSG00000102622	0
ENSMUSG00000102623	0
ENSMUSG00000102624	0
ENSMUSG00000102625	0
ENSMUSG00000102626	0
ENSMUSG00000102627	0
ENSMUSG00000102628	0
ENSMUSG00000102629	0
ENSMUSG00000102630	1
ENSMUSG00000102632	1
ENSMUSG00000102633	0
ENSMUSG00000102634	0
ENSMUSG00000102635	0
ENSMUSG00000102636	0
ENSMUSG00000102637	0
ENSMUSG00000102639	0
ENSMUSG00000102641	0
ENSMUSG00000102642	0
ENSMUSG00000102643	0
ENSMUSG00000102644	211
ENSMUSG00000102645	0
ENSMUSG00000102646	0
ENSMUSG00000102647	0
ENSMUSG00000102648	0
ENSMUSG00000102649	4
ENSMUSG00000102650	0
ENSMUSG00000102651	0
ENSMUSG00000102652	2
ENSMUSG00000102653	0
ENSMUSG00000102654	0
ENSMUSG00000102655	0
ENSMUSG00000102656	0
ENSMUSG00000102657	0
ENSMUSG00000102658	0
ENSMUSG00000102659	0
ENSMUSG00000102660	0
ENSMUSG00000102661	0
ENSMUSG00000102662	1
ENSMUSG00000102663	0
ENSMUSG00000102664	1
ENSMUSG00000102665	2
ENSMUSG00000102666	0
ENSMUSG00000102667	0
ENSMUSG00000102668	0
ENSMUSG00000102670	0
ENSMUSG00000102672	0
ENSMUSG00000102673	0
ENSMUSG00000102674	0
ENSMUSG00000102676	0
ENSMUSG00000102677	0
ENSMUSG00000102678	0
ENSMUSG00000102679	0
ENSMUSG00000102680	0
ENSMUSG00000102681	0
ENSMUSG00000102682	0
ENSMUSG00000102683	0
ENSMUSG00000102684	0
ENSMUSG00000102685	0
ENSMUSG00000102686	0
ENSMUSG00000102687	0
ENSMUSG00000102688	0
ENSMUSG00000102689	0
ENSMUSG00000102690	0
ENSMUSG00000102691	12
ENSMUSG00000102692	1
ENSMUSG00000102693	0
ENSMUSG00000102694	1
ENSMUSG00000102696	0
ENSMUSG00000102697	0
ENSMUSG00000102698	0
ENSMUSG00000102699	0
ENSMUSG00000102700	0
ENSMUSG00000102701	29
ENSMUSG00000102702	0
ENSMUSG00000102703	0
ENSMUSG00000102704	0
ENSMUSG00000102705	0
ENSMUSG00000102706	0
ENSMUSG00000102707	0
ENSMUSG00000102709	0
ENSMUSG00000102710	10
ENSMUSG00000102712	0
ENSMUSG00000102713	1
ENSMUSG00000102714	0
ENSMUSG00000102715	0
ENSMUSG00000102716	0
ENSMUSG00000102717	0
ENSMUSG00000102718	0
ENSMUSG00000102719	5
ENSMUSG00000102721	0
ENSMUSG00000102722	3
ENSMUSG00000102723	0
ENSMUSG00000102725	0
ENSMUSG00000102726	0
ENSMUSG00000102728	0
ENSMUSG00000102729	1
ENSMUSG00000102730	0
ENSMUSG00000102731	0
ENSMUSG00000102732	0
ENSMUSG00000102733	0
ENSMUSG00000102734	0
ENSMUSG00000102735	0
ENSMUSG00000102737	0
ENSMUSG00000102738	0
ENSMUSG00000102739	0
ENSMUSG00000102740	0
ENSMUSG00000102741	0
ENSMUSG00000102742	1
ENSMUSG00000102743	0
ENSMUSG00000102744	0
ENSMUSG00000102745	0
ENSMUSG00000102746	0
ENSMUSG00000102747	0
ENSMUSG00000102748	2
ENSMUSG00000102749	0
ENSMUSG00000102750	3
ENSMUSG00000102751	0
ENSMUSG00000102752	266
ENSMUSG00000102753	0
ENSMUSG00000102754	0
ENSMUSG00000102755	0
ENSMUSG00000102756	0
ENSMUSG00000102757	17
ENSMUSG00000102758	158
ENSMUSG00000102759	0
ENSMUSG00000102760	0
ENSMUSG00000102761	0
ENSMUSG00000102762	0
ENSMUSG00000102763	0
ENSMUSG00000102764	0
ENSMUSG00000102765	0
ENSMUSG00000102766	0
ENSMUSG00000102768	0
ENSMUSG00000102769	0
ENSMUSG00000102770	0
ENSMUSG00000102771	0
ENSMUSG00000102772	0
ENSMUSG00000102773	0
ENSMUSG00000102774	0
ENSMUSG00000102775	2
ENSMUSG00000102776	0
ENSMUSG00000102777	0
ENSMUSG00000102778	0
ENSMUSG00000102779	2
ENSMUSG00000102780	4
ENSMUSG00000102782	1
ENSMUSG00000102783	0
ENSMUSG00000102784	0
ENSMUSG00000102785	0
ENSMUSG00000102786	0
ENSMUSG00000102787	0
ENSMUSG00000102788	1
ENSMUSG00000102789	0
ENSMUSG00000102790	0
ENSMUSG00000102791	0
ENSMUSG00000102792	0
ENSMUSG00000102793	0
ENSMUSG00000102794	0
ENSMUSG00000102795	0
ENSMUSG00000102796	0
ENSMUSG00000102797	0
ENSMUSG00000102798	0
ENSMUSG00000102799	0
ENSMUSG00000102800	0
ENSMUSG00000102801	0
ENSMUSG00000102802	0
ENSMUSG00000102803	0
ENSMUSG00000102804	0
ENSMUSG00000102805	1
ENSMUSG00000102806	0
ENSMUSG00000102807	0
ENSMUSG00000102808	0
ENSMUSG00000102809	0
ENSMUSG00000102810	0
ENSMUSG00000102813	4
ENSMUSG00000102814	0
ENSMUSG00000102815	0
ENSMUSG00000102816	0
ENSMUSG00000102817	0
ENSMUSG00000102818	0
ENSMUSG00000102819	0
ENSMUSG00000102820	0
ENSMUSG00000102821	0
ENSMUSG00000102822	0
ENSMUSG00000102824	391
ENSMUSG00000102825	0
ENSMUSG00000102826	0
ENSMUSG00000102827	197
ENSMUSG00000102828	0
ENSMUSG00000102830	0
ENSMUSG00000102831	0
ENSMUSG00000102832	0
ENSMUSG00000102833	2
ENSMUSG00000102834	0
ENSMUSG00000102835	0
ENSMUSG00000102836	0
ENSMUSG00000102837	0
ENSMUSG00000102838	0
ENSMUSG00000102839	0
ENSMUSG00000102840	2
ENSMUSG00000102841	0
ENSMUSG00000102842	0
ENSMUSG00000102844	5
ENSMUSG00000102845	0
ENSMUSG00000102846	0
ENSMUSG00000102847	0
ENSMUSG00000102848	0
ENSMUSG00000102849	0
ENSMUSG00000102850	1
ENSMUSG00000102851	0
ENSMUSG00000102852	6
ENSMUSG00000102853	0
ENSMUSG00000102854	2
ENSMUSG00000102855	0
ENSMUSG00000102856	1
ENSMUSG00000102857	0
ENSMUSG00000102858	0
ENSMUSG00000102859	0
ENSMUSG00000102860	0
ENSMUSG00000102861	1
ENSMUSG00000102862	0
ENSMUSG00000102863	3
ENSMUSG00000102864	0
ENSMUSG00000102865	0
ENSMUSG00000102866	0
ENSMUSG00000102867	0
ENSMUSG00000102868	0
ENSMUSG00000102869	418
ENSMUSG00000102870	0
ENSMUSG00000102871	0
ENSMUSG00000102872	0
ENSMUSG00000102874	0
ENSMUSG00000102875	6
ENSMUSG00000102876	0
ENSMUSG00000102877	0
ENSMUSG00000102878	0
ENSMUSG00000102879	0
ENSMUSG00000102880	0
ENSMUSG00000102881	0
ENSMUSG00000102882	48
ENSMUSG00000102883	0
ENSMUSG00000102884	0
ENSMUSG00000102885	0
ENSMUSG00000102886	0
ENSMUSG00000102887	0
ENSMUSG00000102888	0
ENSMUSG00000102889	0
ENSMUSG00000102890	0
ENSMUSG00000102891	0
ENSMUSG00000102892	0
ENSMUSG00000102893	0
ENSMUSG00000102894	0
ENSMUSG00000102895	0
ENSMUSG00000102896	0
ENSMUSG00000102897	0
ENSMUSG00000102899	0
ENSMUSG00000102900	2
ENSMUSG00000102901	0
ENSMUSG00000102902	0
ENSMUSG00000102903	0
ENSMUSG00000102904	0
ENSMUSG00000102905	0
ENSMUSG00000102906	0
ENSMUSG00000102907	0
ENSMUSG00000102908	1
ENSMUSG00000102909	0
ENSMUSG00000102910	0
ENSMUSG00000102911	0
ENSMUSG00000102912	1
ENSMUSG00000102913	0
ENSMUSG00000102914	328
ENSMUSG00000102915	1
ENSMUSG00000102916	0
ENSMUSG00000102917	0
ENSMUSG00000102918	5
ENSMUSG00000102919	4
ENSMUSG00000102920	0
ENSMUSG00000102921	0
ENSMUSG00000102922	0
ENSMUSG00000102923	6
ENSMUSG00000102925	0
ENSMUSG00000102926	0
ENSMUSG00000102927	0
ENSMUSG00000102928	0
ENSMUSG00000102929	7
ENSMUSG00000102930	0
ENSMUSG00000102931	6
ENSMUSG00000102932	0
ENSMUSG00000102933	0
ENSMUSG00000102934	0
ENSMUSG00000102935	0
ENSMUSG00000102936	0
ENSMUSG00000102937	0
ENSMUSG00000102939	0
ENSMUSG00000102940	0
ENSMUSG00000102941	0
ENSMUSG00000102942	0
ENSMUSG00000102943	0
ENSMUSG00000102945	0
ENSMUSG00000102946	0
ENSMUSG00000102948	1
ENSMUSG00000102949	0
ENSMUSG00000102950	0
ENSMUSG00000102951	0
ENSMUSG00000102952	1
ENSMUSG00000102953	0
ENSMUSG00000102955	0
ENSMUSG00000102956	1
ENSMUSG00000102957	0
ENSMUSG00000102958	0
ENSMUSG00000102959	0
ENSMUSG00000102960	1
ENSMUSG00000102961	0
ENSMUSG00000102962	0
ENSMUSG00000102963	0
ENSMUSG00000102964	9
ENSMUSG00000102965	0
ENSMUSG00000102966	0
ENSMUSG00000102967	0
ENSMUSG00000102968	0
ENSMUSG00000102969	0
ENSMUSG00000102970	1
ENSMUSG00000102971	0
ENSMUSG00000102972	0
ENSMUSG00000102973	0
ENSMUSG00000102975	0
ENSMUSG00000102976	0
ENSMUSG00000102977	0
ENSMUSG00000102979	0
ENSMUSG00000102980	0
ENSMUSG00000102981	0
ENSMUSG00000102982	18
ENSMUSG00000102983	3
ENSMUSG00000102984	0
ENSMUSG00000102985	0
ENSMUSG00000102986	0
ENSMUSG00000102987	0
ENSMUSG00000102988	0
ENSMUSG00000102989	2
ENSMUSG00000102990	0
ENSMUSG00000102991	0
ENSMUSG00000102992	0
ENSMUSG00000102993	0
ENSMUSG00000102994	0
ENSMUSG00000102995	0
ENSMUSG00000102997	0
ENSMUSG00000102998	0
ENSMUSG00000102999	5
ENSMUSG00000103000	0
ENSMUSG00000103001	0
ENSMUSG00000103002	0
ENSMUSG00000103003	0
ENSMUSG00000103004	0
ENSMUSG00000103005	0
ENSMUSG00000103006	0
ENSMUSG00000103007	0
ENSMUSG00000103008	0
ENSMUSG00000103009	21
ENSMUSG00000103010	0
ENSMUSG00000103011	0
ENSMUSG00000103012	0
ENSMUSG00000103013	0
ENSMUSG00000103015	0
ENSMUSG00000103016	2
ENSMUSG00000103017	0
ENSMUSG00000103018	0
ENSMUSG00000103020	0
ENSMUSG00000103021	0
ENSMUSG00000103023	0
ENSMUSG00000103024	0
ENSMUSG00000103025	0
ENSMUSG00000103026	0
ENSMUSG00000103027	0
ENSMUSG00000103028	0
ENSMUSG00000103029	0
ENSMUSG00000103030	23
ENSMUSG00000103031	0
ENSMUSG00000103032	2
ENSMUSG00000103033	0
ENSMUSG00000103034	1
ENSMUSG00000103035	0
ENSMUSG00000103037	2
ENSMUSG00000103038	0
ENSMUSG00000103039	26
ENSMUSG00000103040	0
ENSMUSG00000103041	60
ENSMUSG00000103042	2
ENSMUSG00000103043	0
ENSMUSG00000103044	0
ENSMUSG00000103045	0
ENSMUSG00000103046	21
ENSMUSG00000103047	0
ENSMUSG00000103049	0
ENSMUSG00000103050	0
ENSMUSG00000103051	0
ENSMUSG00000103052	0
ENSMUSG00000103053	0
ENSMUSG00000103054	0
ENSMUSG00000103055	0
ENSMUSG00000103056	1
ENSMUSG00000103058	0
ENSMUSG00000103059	0
ENSMUSG00000103060	0
ENSMUSG00000103061	0
ENSMUSG00000103062	1
ENSMUSG00000103063	0
ENSMUSG00000103064	0
ENSMUSG00000103065	0
ENSMUSG00000103066	0
ENSMUSG00000103067	0
ENSMUSG00000103069	0
ENSMUSG00000103070	0
ENSMUSG00000103071	0
ENSMUSG00000103072	0
ENSMUSG00000103073	0
ENSMUSG00000103074	0
ENSMUSG00000103075	0
ENSMUSG00000103076	2
ENSMUSG00000103077	0
ENSMUSG00000103078	0
ENSMUSG00000103079	0
ENSMUSG00000103080	0
ENSMUSG00000103081	0
ENSMUSG00000103082	0
ENSMUSG00000103083	0
ENSMUSG00000103084	0
ENSMUSG00000103085	8
ENSMUSG00000103086	0
ENSMUSG00000103087	0
ENSMUSG00000103088	0
ENSMUSG00000103089	1
ENSMUSG00000103090	0
ENSMUSG00000103091	0
ENSMUSG00000103092	0
ENSMUSG00000103094	1
ENSMUSG00000103095	0
ENSMUSG00000103096	0
ENSMUSG00000103097	0
ENSMUSG00000103098	1
ENSMUSG00000103099	0
ENSMUSG00000103100	0
ENSMUSG00000103101	0
ENSMUSG00000103102	0
ENSMUSG00000103103	19
ENSMUSG00000103105	0
ENSMUSG00000103106	0
ENSMUSG00000103107	0
ENSMUSG00000103108	0
ENSMUSG00000103110	0
ENSMUSG00000103111	0
ENSMUSG00000103112	0
ENSMUSG00000103113	0
ENSMUSG00000103114	1
ENSMUSG00000103115	6
ENSMUSG00000103116	0
ENSMUSG00000103118	0
ENSMUSG00000103119	0
ENSMUSG00000103120	0
ENSMUSG00000103121	0
ENSMUSG00000103122	6
ENSMUSG00000103123	0
ENSMUSG00000103124	0
ENSMUSG00000103125	0
ENSMUSG00000103126	5
ENSMUSG00000103127	0
ENSMUSG00000103129	0
ENSMUSG00000103130	0
ENSMUSG00000103131	0
ENSMUSG00000103132	0
ENSMUSG00000103133	4
ENSMUSG00000103135	1
ENSMUSG00000103136	0
ENSMUSG00000103137	12
ENSMUSG00000103138	0
ENSMUSG00000103139	0
ENSMUSG00000103140	0
ENSMUSG00000103141	0
ENSMUSG00000103142	0
ENSMUSG00000103143	0
ENSMUSG00000103144	10
ENSMUSG00000103145	0
ENSMUSG00000103146	2
ENSMUSG00000103147	0
ENSMUSG00000103148	0
ENSMUSG00000103149	2
ENSMUSG00000103150	0
ENSMUSG00000103151	0
ENSMUSG00000103152	0
ENSMUSG00000103153	0
ENSMUSG00000103154	0
ENSMUSG00000103155	0
ENSMUSG00000103156	2
ENSMUSG00000103157	0
ENSMUSG00000103158	0
ENSMUSG00000103159	0
ENSMUSG00000103160	1
ENSMUSG00000103161	0
ENSMUSG00000103162	0
ENSMUSG00000103163	0
ENSMUSG00000103164	3
ENSMUSG00000103165	0
ENSMUSG00000103166	0
ENSMUSG00000103167	0
ENSMUSG00000103168	0
ENSMUSG00000103170	1
ENSMUSG00000103172	0
ENSMUSG00000103174	2
ENSMUSG00000103175	0
ENSMUSG00000103176	0
ENSMUSG00000103177	0
ENSMUSG00000103178	0
ENSMUSG00000103179	1
ENSMUSG00000103180	0
ENSMUSG00000103181	0
ENSMUSG00000103182	0
ENSMUSG00000103183	68
ENSMUSG00000103184	0
ENSMUSG00000103185	0
ENSMUSG00000103186	0
ENSMUSG00000103187	0
ENSMUSG00000103188	0
ENSMUSG00000103189	0
ENSMUSG00000103190	0
ENSMUSG00000103191	0
ENSMUSG00000103192	0
ENSMUSG00000103193	0
ENSMUSG00000103194	0
ENSMUSG00000103195	0
ENSMUSG00000103196	0
ENSMUSG00000103197	0
ENSMUSG00000103198	0
ENSMUSG00000103199	0
ENSMUSG00000103200	15
ENSMUSG00000103201	0
ENSMUSG00000103202	0
ENSMUSG00000103203	0
ENSMUSG00000103204	0
ENSMUSG00000103206	41
ENSMUSG00000103207	0
ENSMUSG00000103208	0
ENSMUSG00000103209	0
ENSMUSG00000103210	0
ENSMUSG00000103211	0
ENSMUSG00000103213	0
ENSMUSG00000103214	0
ENSMUSG00000103215	8
ENSMUSG00000103216	0
ENSMUSG00000103217	0
ENSMUSG00000103218	0
ENSMUSG00000103219	0
ENSMUSG00000103220	2
ENSMUSG00000103221	0
ENSMUSG00000103222	51
ENSMUSG00000103223	0
ENSMUSG00000103224	0
ENSMUSG00000103225	0
ENSMUSG00000103226	0
ENSMUSG00000103227	0
ENSMUSG00000103228	0
ENSMUSG00000103230	0
ENSMUSG00000103231	0
ENSMUSG00000103232	0
ENSMUSG00000103233	0
ENSMUSG00000103234	0
ENSMUSG00000103236	0
ENSMUSG00000103237	0
ENSMUSG00000103238	0
ENSMUSG00000103239	0
ENSMUSG00000103240	0
ENSMUSG00000103241	0
ENSMUSG00000103242	0
ENSMUSG00000103243	0
ENSMUSG00000103244	0
ENSMUSG00000103245	0
ENSMUSG00000103246	0
ENSMUSG00000103247	0
ENSMUSG00000103248	0
ENSMUSG00000103249	0
ENSMUSG00000103250	0
ENSMUSG00000103251	0
ENSMUSG00000103252	0
ENSMUSG00000103253	2
ENSMUSG00000103254	0
ENSMUSG00000103255	0
ENSMUSG00000103256	0
ENSMUSG00000103257	0
ENSMUSG00000103258	0
ENSMUSG00000103259	0
ENSMUSG00000103260	12
ENSMUSG00000103261	0
ENSMUSG00000103262	0
ENSMUSG00000103263	0
ENSMUSG00000103264	0
ENSMUSG00000103265	0
ENSMUSG00000103266	0
ENSMUSG00000103267	0
ENSMUSG00000103269	0
ENSMUSG00000103270	0
ENSMUSG00000103271	0
ENSMUSG00000103272	2
ENSMUSG00000103273	0
ENSMUSG00000103274	0
ENSMUSG00000103275	0
ENSMUSG00000103276	0
ENSMUSG00000103277	0
ENSMUSG00000103279	0
ENSMUSG00000103280	0
ENSMUSG00000103281	0
ENSMUSG00000103282	0
ENSMUSG00000103284	0
ENSMUSG00000103285	5
ENSMUSG00000103286	0
ENSMUSG00000103287	0
ENSMUSG00000103288	0
ENSMUSG00000103289	0
ENSMUSG00000103290	0
ENSMUSG00000103291	1
ENSMUSG00000103292	0
ENSMUSG00000103293	0
ENSMUSG00000103294	0
ENSMUSG00000103295	1
ENSMUSG00000103296	0
ENSMUSG00000103297	0
ENSMUSG00000103298	0
ENSMUSG00000103299	0
ENSMUSG00000103300	0
ENSMUSG00000103301	0
ENSMUSG00000103302	0
ENSMUSG00000103303	0
ENSMUSG00000103304	0
ENSMUSG00000103305	0
ENSMUSG00000103306	0
ENSMUSG00000103307	1
ENSMUSG00000103308	0
ENSMUSG00000103309	5
ENSMUSG00000103310	0
ENSMUSG00000103311	0
ENSMUSG00000103312	0
ENSMUSG00000103313	9
ENSMUSG00000103314	0
ENSMUSG00000103315	0
ENSMUSG00000103317	0
ENSMUSG00000103318	0
ENSMUSG00000103320	2
ENSMUSG00000103321	0
ENSMUSG00000103322	0
ENSMUSG00000103323	0
ENSMUSG00000103324	0
ENSMUSG00000103325	0
ENSMUSG00000103327	0
ENSMUSG00000103328	0
ENSMUSG00000103329	0
ENSMUSG00000103330	0
ENSMUSG00000103331	0
ENSMUSG00000103332	4
ENSMUSG00000103333	0
ENSMUSG00000103334	0
ENSMUSG00000103336	0
ENSMUSG00000103338	0
ENSMUSG00000103339	0
ENSMUSG00000103340	0
ENSMUSG00000103341	0
ENSMUSG00000103343	0
ENSMUSG00000103345	0
ENSMUSG00000103346	1
ENSMUSG00000103347	0
ENSMUSG00000103348	0
ENSMUSG00000103349	24
ENSMUSG00000103350	0
ENSMUSG00000103351	0
ENSMUSG00000103352	0
ENSMUSG00000103353	0
ENSMUSG00000103354	0
ENSMUSG00000103355	2
ENSMUSG00000103356	0
ENSMUSG00000103357	0
ENSMUSG00000103358	0
ENSMUSG00000103360	0
ENSMUSG00000103361	0
ENSMUSG00000103362	0
ENSMUSG00000103364	0
ENSMUSG00000103365	0
ENSMUSG00000103366	0
ENSMUSG00000103367	0
ENSMUSG00000103368	0
ENSMUSG00000103369	0
ENSMUSG00000103370	0
ENSMUSG00000103371	0
ENSMUSG00000103372	0
ENSMUSG00000103373	0
ENSMUSG00000103374	0
ENSMUSG00000103375	0
ENSMUSG00000103376	0
ENSMUSG00000103377	0
ENSMUSG00000103378	0
ENSMUSG00000103379	0
ENSMUSG00000103380	0
ENSMUSG00000103382	0
ENSMUSG00000103383	0
ENSMUSG00000103384	0
ENSMUSG00000103385	0
ENSMUSG00000103386	0
ENSMUSG00000103387	0
ENSMUSG00000103388	4
ENSMUSG00000103389	0
ENSMUSG00000103390	0
ENSMUSG00000103391	0
ENSMUSG00000103392	0
ENSMUSG00000103393	0
ENSMUSG00000103394	0
ENSMUSG00000103395	0
ENSMUSG00000103396	287
ENSMUSG00000103397	0
ENSMUSG00000103398	0
ENSMUSG00000103399	0
ENSMUSG00000103400	9
ENSMUSG00000103401	0
ENSMUSG00000103402	0
ENSMUSG00000103403	2
ENSMUSG00000103404	0
ENSMUSG00000103406	0
ENSMUSG00000103407	0
ENSMUSG00000103408	0
ENSMUSG00000103409	0
ENSMUSG00000103410	0
ENSMUSG00000103411	0
ENSMUSG00000103412	0
ENSMUSG00000103413	0
ENSMUSG00000103415	12
ENSMUSG00000103416	0
ENSMUSG00000103417	0
ENSMUSG00000103419	0
ENSMUSG00000103420	0
ENSMUSG00000103421	384
ENSMUSG00000103422	0
ENSMUSG00000103423	0
ENSMUSG00000103424	0
ENSMUSG00000103425	0
ENSMUSG00000103426	0
ENSMUSG00000103427	0
ENSMUSG00000103428	1
ENSMUSG00000103430	0
ENSMUSG00000103431	0
ENSMUSG00000103432	3
ENSMUSG00000103433	30
ENSMUSG00000103434	0
ENSMUSG00000103435	0
ENSMUSG00000103436	47
ENSMUSG00000103437	0
ENSMUSG00000103438	0
ENSMUSG00000103439	34
ENSMUSG00000103440	0
ENSMUSG00000103441	0
ENSMUSG00000103442	0
ENSMUSG00000103443	1
ENSMUSG00000103444	0
ENSMUSG00000103445	0
ENSMUSG00000103446	0
ENSMUSG00000103448	0
ENSMUSG00000103449	0
ENSMUSG00000103451	7
ENSMUSG00000103452	0
ENSMUSG00000103454	2
ENSMUSG00000103456	0
ENSMUSG00000103457	0
ENSMUSG00000103458	0
ENSMUSG00000103459	0
ENSMUSG00000103460	0
ENSMUSG00000103461	0
ENSMUSG00000103462	0
ENSMUSG00000103463	0
ENSMUSG00000103464	0
ENSMUSG00000103465	0
ENSMUSG00000103466	0
ENSMUSG00000103467	0
ENSMUSG00000103468	0
ENSMUSG00000103469	2
ENSMUSG00000103470	0
ENSMUSG00000103471	0
ENSMUSG00000103472	1
ENSMUSG00000103473	1
ENSMUSG00000103474	0
ENSMUSG00000103475	0
ENSMUSG00000103476	0
ENSMUSG00000103477	0
ENSMUSG00000103478	0
ENSMUSG00000103479	0
ENSMUSG00000103481	0
ENSMUSG00000103482	0
ENSMUSG00000103483	0
ENSMUSG00000103484	0
ENSMUSG00000103485	0
ENSMUSG00000103486	0
ENSMUSG00000103487	0
ENSMUSG00000103488	0
ENSMUSG00000103489	0
ENSMUSG00000103491	0
ENSMUSG00000103492	2
ENSMUSG00000103493	0
ENSMUSG00000103494	0
ENSMUSG00000103495	0
ENSMUSG00000103497	0
ENSMUSG00000103498	0
ENSMUSG00000103499	0
ENSMUSG00000103500	0
ENSMUSG00000103501	0
ENSMUSG00000103502	133
ENSMUSG00000103503	0
ENSMUSG00000103504	0
ENSMUSG00000103505	1
ENSMUSG00000103506	1
ENSMUSG00000103507	3
ENSMUSG00000103509	19
ENSMUSG00000103510	0
ENSMUSG00000103511	0
ENSMUSG00000103512	0
ENSMUSG00000103513	0
ENSMUSG00000103514	0
ENSMUSG00000103516	0
ENSMUSG00000103517	0
ENSMUSG00000103518	0
ENSMUSG00000103519	0
ENSMUSG00000103520	32
ENSMUSG00000103521	0
ENSMUSG00000103522	2
ENSMUSG00000103523	0
ENSMUSG00000103524	0
ENSMUSG00000103525	0
ENSMUSG00000103526	0
ENSMUSG00000103527	0
ENSMUSG00000103528	0
ENSMUSG00000103529	0
ENSMUSG00000103530	0
ENSMUSG00000103531	0
ENSMUSG00000103532	1
ENSMUSG00000103533	0
ENSMUSG00000103534	0
ENSMUSG00000103535	0
ENSMUSG00000103536	0
ENSMUSG00000103537	0
ENSMUSG00000103538	0
ENSMUSG00000103539	0
ENSMUSG00000103540	0
ENSMUSG00000103541	0
ENSMUSG00000103542	0
ENSMUSG00000103543	0
ENSMUSG00000103544	0
ENSMUSG00000103545	0
ENSMUSG00000103546	0
ENSMUSG00000103547	0
ENSMUSG00000103548	0
ENSMUSG00000103549	0
ENSMUSG00000103552	0
ENSMUSG00000103553	16
ENSMUSG00000103554	0
ENSMUSG00000103555	0
ENSMUSG00000103556	0
ENSMUSG00000103557	0
ENSMUSG00000103558	4
ENSMUSG00000103559	0
ENSMUSG00000103560	1
ENSMUSG00000103561	0
ENSMUSG00000103562	0
ENSMUSG00000103563	0
ENSMUSG00000103564	0
ENSMUSG00000103566	0
ENSMUSG00000103567	0
ENSMUSG00000103568	0
ENSMUSG00000103569	1
ENSMUSG00000103570	0
ENSMUSG00000103571	0
ENSMUSG00000103572	0
ENSMUSG00000103573	0
ENSMUSG00000103574	5
ENSMUSG00000103575	0
ENSMUSG00000103576	0
ENSMUSG00000103577	0
ENSMUSG00000103579	0
ENSMUSG00000103580	0
ENSMUSG00000103581	0
ENSMUSG00000103583	0
ENSMUSG00000103584	0
ENSMUSG00000103585	1
ENSMUSG00000103586	0
ENSMUSG00000103587	0
ENSMUSG00000103588	0
ENSMUSG00000103589	0
ENSMUSG00000103590	0
ENSMUSG00000103591	0
ENSMUSG00000103592	0
ENSMUSG00000103593	0
ENSMUSG00000103594	0
ENSMUSG00000103595	0
ENSMUSG00000103596	0
ENSMUSG00000103597	7
ENSMUSG00000103598	0
ENSMUSG00000103599	0
ENSMUSG00000103600	0
ENSMUSG00000103601	0
ENSMUSG00000103602	0
ENSMUSG00000103603	0
ENSMUSG00000103604	0
ENSMUSG00000103606	0
ENSMUSG00000103607	0
ENSMUSG00000103608	0
ENSMUSG00000103609	0
ENSMUSG00000103610	0
ENSMUSG00000103611	0
ENSMUSG00000103612	0
ENSMUSG00000103613	0
ENSMUSG00000103614	0
ENSMUSG00000103615	0
ENSMUSG00000103616	0
ENSMUSG00000103617	0
ENSMUSG00000103618	0
ENSMUSG00000103620	0
ENSMUSG00000103621	4
ENSMUSG00000103622	1
ENSMUSG00000103624	0
ENSMUSG00000103625	0
ENSMUSG00000103626	0
ENSMUSG00000103628	0
ENSMUSG00000103629	0
ENSMUSG00000103630	0
ENSMUSG00000103631	0
ENSMUSG00000103632	22
ENSMUSG00000103633	0
ENSMUSG00000103634	0
ENSMUSG00000103635	0
ENSMUSG00000103636	0
ENSMUSG00000103637	0
ENSMUSG00000103638	0
ENSMUSG00000103639	0
ENSMUSG00000103640	0
ENSMUSG00000103641	0
ENSMUSG00000103642	0
ENSMUSG00000103643	1
ENSMUSG00000103644	0
ENSMUSG00000103646	1
ENSMUSG00000103647	0
ENSMUSG00000103648	0
ENSMUSG00000103649	0
ENSMUSG00000103650	0
ENSMUSG00000103651	100
ENSMUSG00000103652	0
ENSMUSG00000103653	4820
ENSMUSG00000103654	0
ENSMUSG00000103655	0
ENSMUSG00000103656	0
ENSMUSG00000103657	4
ENSMUSG00000103658	8
ENSMUSG00000103659	0
ENSMUSG00000103660	0
ENSMUSG00000103662	5
ENSMUSG00000103663	0
ENSMUSG00000103664	0
ENSMUSG00000103665	0
ENSMUSG00000103666	0
ENSMUSG00000103667	0
ENSMUSG00000103668	0
ENSMUSG00000103669	0
ENSMUSG00000103670	0
ENSMUSG00000103672	2
ENSMUSG00000103673	0
ENSMUSG00000103674	3
ENSMUSG00000103675	0
ENSMUSG00000103676	0
ENSMUSG00000103677	5
ENSMUSG00000103678	0
ENSMUSG00000103679	0
ENSMUSG00000103680	0
ENSMUSG00000103681	0
ENSMUSG00000103684	0
ENSMUSG00000103685	0
ENSMUSG00000103686	0
ENSMUSG00000103688	5
ENSMUSG00000103689	0
ENSMUSG00000103690	0
ENSMUSG00000103691	2
ENSMUSG00000103692	0
ENSMUSG00000103693	0
ENSMUSG00000103694	0
ENSMUSG00000103695	0
ENSMUSG00000103696	0
ENSMUSG00000103697	1
ENSMUSG00000103698	0
ENSMUSG00000103699	0
ENSMUSG00000103700	0
ENSMUSG00000103701	0
ENSMUSG00000103702	0
ENSMUSG00000103703	35
ENSMUSG00000103704	0
ENSMUSG00000103705	0
ENSMUSG00000103706	1
ENSMUSG00000103707	0
ENSMUSG00000103708	0
ENSMUSG00000103709	0
ENSMUSG00000103710	0
ENSMUSG00000103711	1050
ENSMUSG00000103712	0
ENSMUSG00000103713	0
ENSMUSG00000103714	0
ENSMUSG00000103715	27
ENSMUSG00000103716	0
ENSMUSG00000103717	0
ENSMUSG00000103718	0
ENSMUSG00000103719	0
ENSMUSG00000103720	0
ENSMUSG00000103722	0
ENSMUSG00000103723	0
ENSMUSG00000103724	0
ENSMUSG00000103725	5
ENSMUSG00000103726	0
ENSMUSG00000103727	0
ENSMUSG00000103728	0
ENSMUSG00000103729	0
ENSMUSG00000103730	0
ENSMUSG00000103731	73
ENSMUSG00000103732	0
ENSMUSG00000103733	32
ENSMUSG00000103734	0
ENSMUSG00000103735	87
ENSMUSG00000103736	0
ENSMUSG00000103737	0
ENSMUSG00000103738	0
ENSMUSG00000103739	4
ENSMUSG00000103740	0
ENSMUSG00000103741	0
ENSMUSG00000103742	0
ENSMUSG00000103744	0
ENSMUSG00000103745	0
ENSMUSG00000103746	1
ENSMUSG00000103747	1
ENSMUSG00000103748	0
ENSMUSG00000103749	0
ENSMUSG00000103751	0
ENSMUSG00000103752	0
ENSMUSG00000103753	0
ENSMUSG00000103754	0
ENSMUSG00000103755	0
ENSMUSG00000103756	2
ENSMUSG00000103757	0
ENSMUSG00000103758	0
ENSMUSG00000103759	0
ENSMUSG00000103760	12
ENSMUSG00000103761	0
ENSMUSG00000103762	0
ENSMUSG00000103763	1
ENSMUSG00000103764	0
ENSMUSG00000103765	0
ENSMUSG00000103766	0
ENSMUSG00000103767	0
ENSMUSG00000103768	0
ENSMUSG00000103769	0
ENSMUSG00000103770	0
ENSMUSG00000103771	0
ENSMUSG00000103772	2
ENSMUSG00000103773	0
ENSMUSG00000103774	0
ENSMUSG00000103775	0
ENSMUSG00000103776	0
ENSMUSG00000103778	0
ENSMUSG00000103779	0
ENSMUSG00000103780	0
ENSMUSG00000103781	0
ENSMUSG00000103782	0
ENSMUSG00000103783	2
ENSMUSG00000103784	0
ENSMUSG00000103785	0
ENSMUSG00000103786	0
ENSMUSG00000103787	0
ENSMUSG00000103788	0
ENSMUSG00000103789	0
ENSMUSG00000103790	0
ENSMUSG00000103791	0
ENSMUSG00000103792	0
ENSMUSG00000103793	0
ENSMUSG00000103794	0
ENSMUSG00000103795	0
ENSMUSG00000103796	0
ENSMUSG00000103797	0
ENSMUSG00000103798	0
ENSMUSG00000103799	0
ENSMUSG00000103800	0
ENSMUSG00000103801	4
ENSMUSG00000103802	0
ENSMUSG00000103803	0
ENSMUSG00000103804	0
ENSMUSG00000103805	0
ENSMUSG00000103807	0
ENSMUSG00000103808	1
ENSMUSG00000103809	0
ENSMUSG00000103810	0
ENSMUSG00000103811	0
ENSMUSG00000103812	0
ENSMUSG00000103813	0
ENSMUSG00000103814	0
ENSMUSG00000103815	0
ENSMUSG00000103816	0
ENSMUSG00000103817	0
ENSMUSG00000103818	0
ENSMUSG00000103819	0
ENSMUSG00000103821	1
ENSMUSG00000103822	1
ENSMUSG00000103823	2
ENSMUSG00000103824	0
ENSMUSG00000103825	0
ENSMUSG00000103827	2
ENSMUSG00000103828	0
ENSMUSG00000103829	0
ENSMUSG00000103830	0
ENSMUSG00000103831	0
ENSMUSG00000103832	0
ENSMUSG00000103833	0
ENSMUSG00000103834	0
ENSMUSG00000103835	1
ENSMUSG00000103836	0
ENSMUSG00000103837	0
ENSMUSG00000103839	8
ENSMUSG00000103840	0
ENSMUSG00000103841	0
ENSMUSG00000103842	0
ENSMUSG00000103843	0
ENSMUSG00000103844	0
ENSMUSG00000103845	12
ENSMUSG00000103846	0
ENSMUSG00000103847	38
ENSMUSG00000103848	0
ENSMUSG00000103849	0
ENSMUSG00000103850	0
ENSMUSG00000103851	2
ENSMUSG00000103852	0
ENSMUSG00000103854	0
ENSMUSG00000103856	0
ENSMUSG00000103857	12
ENSMUSG00000103858	0
ENSMUSG00000103859	0
ENSMUSG00000103860	0
ENSMUSG00000103862	0
ENSMUSG00000103863	0
ENSMUSG00000103864	3
ENSMUSG00000103865	0
ENSMUSG00000103867	2
ENSMUSG00000103869	0
ENSMUSG00000103870	0
ENSMUSG00000103871	0
ENSMUSG00000103872	0
ENSMUSG00000103873	0
ENSMUSG00000103874	0
ENSMUSG00000103875	0
ENSMUSG00000103876	10
ENSMUSG00000103877	0
ENSMUSG00000103878	0
ENSMUSG00000103880	0
ENSMUSG00000103881	0
ENSMUSG00000103882	1
ENSMUSG00000103883	0
ENSMUSG00000103884	0
ENSMUSG00000103885	0
ENSMUSG00000103886	0
ENSMUSG00000103887	0
ENSMUSG00000103889	0
ENSMUSG00000103890	0
ENSMUSG00000103891	0
ENSMUSG00000103892	0
ENSMUSG00000103893	0
ENSMUSG00000103894	0
ENSMUSG00000103895	0
ENSMUSG00000103896	0
ENSMUSG00000103897	1
ENSMUSG00000103898	21
ENSMUSG00000103899	0
ENSMUSG00000103900	0
ENSMUSG00000103901	12
ENSMUSG00000103902	0
ENSMUSG00000103903	0
ENSMUSG00000103904	0
ENSMUSG00000103905	0
ENSMUSG00000103906	59
ENSMUSG00000103907	0
ENSMUSG00000103908	0
ENSMUSG00000103909	0
ENSMUSG00000103911	0
ENSMUSG00000103912	0
ENSMUSG00000103913	0
ENSMUSG00000103914	0
ENSMUSG00000103915	0
ENSMUSG00000103916	0
ENSMUSG00000103917	0
ENSMUSG00000103918	0
ENSMUSG00000103919	0
ENSMUSG00000103920	0
ENSMUSG00000103921	4
ENSMUSG00000103922	118
ENSMUSG00000103923	1
ENSMUSG00000103924	0
ENSMUSG00000103925	3
ENSMUSG00000103926	2
ENSMUSG00000103927	0
ENSMUSG00000103928	36
ENSMUSG00000103929	0
ENSMUSG00000103930	0
ENSMUSG00000103931	0
ENSMUSG00000103932	5
ENSMUSG00000103933	0
ENSMUSG00000103934	0
ENSMUSG00000103935	0
ENSMUSG00000103936	0
ENSMUSG00000103937	2
ENSMUSG00000103938	0
ENSMUSG00000103939	0
ENSMUSG00000103940	4
ENSMUSG00000103942	0
ENSMUSG00000103943	0
ENSMUSG00000103944	0
ENSMUSG00000103945	0
ENSMUSG00000103947	0
ENSMUSG00000103948	1
ENSMUSG00000103949	0
ENSMUSG00000103950	0
ENSMUSG00000103951	0
ENSMUSG00000103952	0
ENSMUSG00000103953	49
ENSMUSG00000103954	0
ENSMUSG00000103955	0
ENSMUSG00000103956	0
ENSMUSG00000103957	0
ENSMUSG00000103958	0
ENSMUSG00000103959	0
ENSMUSG00000103960	0
ENSMUSG00000103961	0
ENSMUSG00000103962	0
ENSMUSG00000103963	0
ENSMUSG00000103964	0
ENSMUSG00000103965	0
ENSMUSG00000103966	0
ENSMUSG00000103967	1
ENSMUSG00000103968	0
ENSMUSG00000103969	0
ENSMUSG00000103970	2
ENSMUSG00000103971	0
ENSMUSG00000103972	0
ENSMUSG00000103973	4
ENSMUSG00000103975	0
ENSMUSG00000103976	1
ENSMUSG00000103977	0
ENSMUSG00000103978	0
ENSMUSG00000103979	0
ENSMUSG00000103980	0
ENSMUSG00000103981	0
ENSMUSG00000103982	0
ENSMUSG00000103983	17
ENSMUSG00000103984	5
ENSMUSG00000103985	0
ENSMUSG00000103986	0
ENSMUSG00000103987	0
ENSMUSG00000103989	0
ENSMUSG00000103990	0
ENSMUSG00000103991	0
ENSMUSG00000103992	0
ENSMUSG00000103993	0
ENSMUSG00000103994	0
ENSMUSG00000103995	0
ENSMUSG00000103996	0
ENSMUSG00000103997	0
ENSMUSG00000103998	0
ENSMUSG00000103999	0
ENSMUSG00000104000	0
ENSMUSG00000104001	0
ENSMUSG00000104002	4
ENSMUSG00000104004	0
ENSMUSG00000104006	0
ENSMUSG00000104007	0
ENSMUSG00000104009	0
ENSMUSG00000104010	0
ENSMUSG00000104011	37
ENSMUSG00000104012	0
ENSMUSG00000104013	0
ENSMUSG00000104014	0
ENSMUSG00000104015	0
ENSMUSG00000104016	0
ENSMUSG00000104017	0
ENSMUSG00000104018	3
ENSMUSG00000104020	0
ENSMUSG00000104021	0
ENSMUSG00000104022	0
ENSMUSG00000104023	0
ENSMUSG00000104024	0
ENSMUSG00000104025	0
ENSMUSG00000104026	1
ENSMUSG00000104027	0
ENSMUSG00000104028	0
ENSMUSG00000104029	0
ENSMUSG00000104030	4
ENSMUSG00000104031	1
ENSMUSG00000104032	0
ENSMUSG00000104033	0
ENSMUSG00000104034	0
ENSMUSG00000104035	0
ENSMUSG00000104036	0
ENSMUSG00000104037	0
ENSMUSG00000104038	0
ENSMUSG00000104039	0
ENSMUSG00000104040	0
ENSMUSG00000104041	0
ENSMUSG00000104042	0
ENSMUSG00000104043	4
ENSMUSG00000104044	1
ENSMUSG00000104045	0
ENSMUSG00000104046	0
ENSMUSG00000104048	0
ENSMUSG00000104050	0
ENSMUSG00000104051	0
ENSMUSG00000104052	0
ENSMUSG00000104053	0
ENSMUSG00000104054	0
ENSMUSG00000104055	0
ENSMUSG00000104056	0
ENSMUSG00000104057	0
ENSMUSG00000104058	0
ENSMUSG00000104059	0
ENSMUSG00000104060	0
ENSMUSG00000104061	1
ENSMUSG00000104062	0
ENSMUSG00000104063	1
ENSMUSG00000104064	0
ENSMUSG00000104065	2
ENSMUSG00000104066	0
ENSMUSG00000104067	0
ENSMUSG00000104068	0
ENSMUSG00000104069	0
ENSMUSG00000104070	0
ENSMUSG00000104071	0
ENSMUSG00000104072	0
ENSMUSG00000104073	0
ENSMUSG00000104074	0
ENSMUSG00000104075	0
ENSMUSG00000104076	0
ENSMUSG00000104077	4
ENSMUSG00000104078	0
ENSMUSG00000104079	0
ENSMUSG00000104080	0
ENSMUSG00000104081	0
ENSMUSG00000104082	0
ENSMUSG00000104083	0
ENSMUSG00000104084	0
ENSMUSG00000104085	0
ENSMUSG00000104086	0
ENSMUSG00000104087	0
ENSMUSG00000104088	0
ENSMUSG00000104089	1
ENSMUSG00000104091	0
ENSMUSG00000104092	0
ENSMUSG00000104093	0
ENSMUSG00000104094	1
ENSMUSG00000104095	0
ENSMUSG00000104096	0
ENSMUSG00000104097	12
ENSMUSG00000104098	0
ENSMUSG00000104099	0
ENSMUSG00000104100	0
ENSMUSG00000104101	0
ENSMUSG00000104102	0
ENSMUSG00000104103	0
ENSMUSG00000104104	0
ENSMUSG00000104105	0
ENSMUSG00000104106	0
ENSMUSG00000104107	0
ENSMUSG00000104108	0
ENSMUSG00000104109	0
ENSMUSG00000104110	0
ENSMUSG00000104111	0
ENSMUSG00000104112	0
ENSMUSG00000104113	1
ENSMUSG00000104114	1
ENSMUSG00000104115	0
ENSMUSG00000104116	3
ENSMUSG00000104117	1
ENSMUSG00000104118	0
ENSMUSG00000104120	0
ENSMUSG00000104121	1
ENSMUSG00000104122	0
ENSMUSG00000104123	0
ENSMUSG00000104125	2
ENSMUSG00000104126	3
ENSMUSG00000104127	0
ENSMUSG00000104129	0
ENSMUSG00000104130	0
ENSMUSG00000104131	0
ENSMUSG00000104132	0
ENSMUSG00000104133	0
ENSMUSG00000104134	0
ENSMUSG00000104135	0
ENSMUSG00000104136	1
ENSMUSG00000104137	0
ENSMUSG00000104138	0
ENSMUSG00000104140	0
ENSMUSG00000104141	18
ENSMUSG00000104142	0
ENSMUSG00000104144	0
ENSMUSG00000104145	0
ENSMUSG00000104146	0
ENSMUSG00000104147	0
ENSMUSG00000104148	0
ENSMUSG00000104149	0
ENSMUSG00000104150	0
ENSMUSG00000104152	0
ENSMUSG00000104153	0
ENSMUSG00000104154	1
ENSMUSG00000104155	0
ENSMUSG00000104156	3
ENSMUSG00000104157	0
ENSMUSG00000104158	0
ENSMUSG00000104159	0
ENSMUSG00000104161	0
ENSMUSG00000104162	0
ENSMUSG00000104163	0
ENSMUSG00000104164	0
ENSMUSG00000104165	0
ENSMUSG00000104166	0
ENSMUSG00000104167	0
ENSMUSG00000104168	3
ENSMUSG00000104169	0
ENSMUSG00000104170	0
ENSMUSG00000104171	0
ENSMUSG00000104172	0
ENSMUSG00000104173	0
ENSMUSG00000104174	0
ENSMUSG00000104175	0
ENSMUSG00000104176	0
ENSMUSG00000104177	2
ENSMUSG00000104178	0
ENSMUSG00000104180	0
ENSMUSG00000104181	0
ENSMUSG00000104182	0
ENSMUSG00000104183	0
ENSMUSG00000104184	1
ENSMUSG00000104185	0
ENSMUSG00000104186	0
ENSMUSG00000104187	0
ENSMUSG00000104188	0
ENSMUSG00000104189	0
ENSMUSG00000104190	0
ENSMUSG00000104191	0
ENSMUSG00000104192	0
ENSMUSG00000104194	0
ENSMUSG00000104195	6
ENSMUSG00000104197	0
ENSMUSG00000104198	0
ENSMUSG00000104199	0
ENSMUSG00000104200	0
ENSMUSG00000104201	0
ENSMUSG00000104202	0
ENSMUSG00000104203	0
ENSMUSG00000104204	24
ENSMUSG00000104205	0
ENSMUSG00000104206	0
ENSMUSG00000104207	0
ENSMUSG00000104208	0
ENSMUSG00000104209	0
ENSMUSG00000104210	0
ENSMUSG00000104211	0
ENSMUSG00000104212	1
ENSMUSG00000104213	131
ENSMUSG00000104214	4
ENSMUSG00000104215	0
ENSMUSG00000104216	0
ENSMUSG00000104217	0
ENSMUSG00000104218	19
ENSMUSG00000104219	0
ENSMUSG00000104220	0
ENSMUSG00000104221	0
ENSMUSG00000104222	0
ENSMUSG00000104223	0
ENSMUSG00000104224	0
ENSMUSG00000104225	0
ENSMUSG00000104226	0
ENSMUSG00000104227	0
ENSMUSG00000104228	0
ENSMUSG00000104229	0
ENSMUSG00000104230	0
ENSMUSG00000104231	0
ENSMUSG00000104232	0
ENSMUSG00000104233	0
ENSMUSG00000104234	0
ENSMUSG00000104235	0
ENSMUSG00000104236	0
ENSMUSG00000104237	0
ENSMUSG00000104238	0
ENSMUSG00000104239	0
ENSMUSG00000104240	0
ENSMUSG00000104241	0
ENSMUSG00000104242	0
ENSMUSG00000104243	0
ENSMUSG00000104244	0
ENSMUSG00000104245	0
ENSMUSG00000104247	0
ENSMUSG00000104248	0
ENSMUSG00000104249	0
ENSMUSG00000104251	0
ENSMUSG00000104252	0
ENSMUSG00000104253	16
ENSMUSG00000104254	0
ENSMUSG00000104255	0
ENSMUSG00000104256	0
ENSMUSG00000104257	0
ENSMUSG00000104258	0
ENSMUSG00000104259	0
ENSMUSG00000104260	0
ENSMUSG00000104261	0
ENSMUSG00000104262	0
ENSMUSG00000104263	22
ENSMUSG00000104264	0
ENSMUSG00000104265	1
ENSMUSG00000104266	0
ENSMUSG00000104267	0
ENSMUSG00000104268	0
ENSMUSG00000104269	0
ENSMUSG00000104270	0
ENSMUSG00000104271	0
ENSMUSG00000104272	0
ENSMUSG00000104273	1
ENSMUSG00000104274	0
ENSMUSG00000104275	0
ENSMUSG00000104276	0
ENSMUSG00000104277	1
ENSMUSG00000104278	0
ENSMUSG00000104279	25
ENSMUSG00000104280	0
ENSMUSG00000104281	0
ENSMUSG00000104282	0
ENSMUSG00000104283	0
ENSMUSG00000104284	0
ENSMUSG00000104285	0
ENSMUSG00000104286	0
ENSMUSG00000104287	0
ENSMUSG00000104288	0
ENSMUSG00000104289	0
ENSMUSG00000104290	0
ENSMUSG00000104291	7
ENSMUSG00000104292	3
ENSMUSG00000104293	2
ENSMUSG00000104294	0
ENSMUSG00000104295	0
ENSMUSG00000104296	0
ENSMUSG00000104297	0
ENSMUSG00000104298	0
ENSMUSG00000104299	1
ENSMUSG00000104301	0
ENSMUSG00000104302	0
ENSMUSG00000104303	0
ENSMUSG00000104304	0
ENSMUSG00000104306	0
ENSMUSG00000104307	0
ENSMUSG00000104308	0
ENSMUSG00000104309	16
ENSMUSG00000104310	0
ENSMUSG00000104311	0
ENSMUSG00000104312	0
ENSMUSG00000104313	0
ENSMUSG00000104314	0
ENSMUSG00000104315	4
ENSMUSG00000104316	2
ENSMUSG00000104317	0
ENSMUSG00000104318	0
ENSMUSG00000104319	0
ENSMUSG00000104320	0
ENSMUSG00000104321	0
ENSMUSG00000104323	0
ENSMUSG00000104324	5
ENSMUSG00000104325	0
ENSMUSG00000104326	0
ENSMUSG00000104327	0
ENSMUSG00000104328	0
ENSMUSG00000104329	0
ENSMUSG00000104330	0
ENSMUSG00000104331	0
ENSMUSG00000104332	0
ENSMUSG00000104333	0
ENSMUSG00000104334	0
ENSMUSG00000104335	0
ENSMUSG00000104336	0
ENSMUSG00000104337	0
ENSMUSG00000104338	0
ENSMUSG00000104339	0
ENSMUSG00000104340	4
ENSMUSG00000104341	0
ENSMUSG00000104342	0
ENSMUSG00000104343	0
ENSMUSG00000104344	11
ENSMUSG00000104345	0
ENSMUSG00000104346	1
ENSMUSG00000104347	0
ENSMUSG00000104348	46
ENSMUSG00000104349	1
ENSMUSG00000104350	0
ENSMUSG00000104351	0
ENSMUSG00000104352	0
ENSMUSG00000104354	0
ENSMUSG00000104355	0
ENSMUSG00000104356	0
ENSMUSG00000104358	0
ENSMUSG00000104360	0
ENSMUSG00000104361	0
ENSMUSG00000104362	24
ENSMUSG00000104363	0
ENSMUSG00000104364	8
ENSMUSG00000104365	0
ENSMUSG00000104366	1
ENSMUSG00000104367	37
ENSMUSG00000104368	0
ENSMUSG00000104369	6
ENSMUSG00000104370	0
ENSMUSG00000104371	0
ENSMUSG00000104373	0
ENSMUSG00000104374	0
ENSMUSG00000104375	0
ENSMUSG00000104376	0
ENSMUSG00000104377	0
ENSMUSG00000104378	1
ENSMUSG00000104379	0
ENSMUSG00000104380	0
ENSMUSG00000104381	0
ENSMUSG00000104382	0
ENSMUSG00000104383	2
ENSMUSG00000104384	0
ENSMUSG00000104385	0
ENSMUSG00000104386	0
ENSMUSG00000104388	2
ENSMUSG00000104389	0
ENSMUSG00000104390	0
ENSMUSG00000104391	1
ENSMUSG00000104392	9
ENSMUSG00000104393	0
ENSMUSG00000104394	102
ENSMUSG00000104395	0
ENSMUSG00000104396	0
ENSMUSG00000104397	0
ENSMUSG00000104398	0
ENSMUSG00000104399	23
ENSMUSG00000104400	0
ENSMUSG00000104401	0
ENSMUSG00000104402	0
ENSMUSG00000104403	0
ENSMUSG00000104404	0
ENSMUSG00000104405	0
ENSMUSG00000104406	1
ENSMUSG00000104407	0
ENSMUSG00000104408	0
ENSMUSG00000104409	0
ENSMUSG00000104410	0
ENSMUSG00000104411	0
ENSMUSG00000104412	0
ENSMUSG00000104413	2
ENSMUSG00000104414	0
ENSMUSG00000104415	1
ENSMUSG00000104416	0
ENSMUSG00000104417	0
ENSMUSG00000104418	0
ENSMUSG00000104419	1
ENSMUSG00000104420	0
ENSMUSG00000104422	0
ENSMUSG00000104423	0
ENSMUSG00000104424	0
ENSMUSG00000104425	0
ENSMUSG00000104426	0
ENSMUSG00000104427	0
ENSMUSG00000104428	0
ENSMUSG00000104429	0
ENSMUSG00000104430	0
ENSMUSG00000104431	0
ENSMUSG00000104432	1
ENSMUSG00000104433	0
ENSMUSG00000104434	2
ENSMUSG00000104435	0
ENSMUSG00000104436	2
ENSMUSG00000104437	0
ENSMUSG00000104438	0
ENSMUSG00000104439	0
ENSMUSG00000104440	0
ENSMUSG00000104441	0
ENSMUSG00000104442	0
ENSMUSG00000104443	0
ENSMUSG00000104444	0
ENSMUSG00000104445	23
ENSMUSG00000104446	0
ENSMUSG00000104448	0
ENSMUSG00000104449	0
ENSMUSG00000104450	0
ENSMUSG00000104451	0
ENSMUSG00000104452	0
ENSMUSG00000104453	0
ENSMUSG00000104454	0
ENSMUSG00000104455	0
ENSMUSG00000104456	0
ENSMUSG00000104457	0
ENSMUSG00000104459	98
ENSMUSG00000104460	0
ENSMUSG00000104461	0
ENSMUSG00000104462	0
ENSMUSG00000104464	0
ENSMUSG00000104465	0
ENSMUSG00000104466	0
ENSMUSG00000104467	9
ENSMUSG00000104468	0
ENSMUSG00000104469	1
ENSMUSG00000104470	0
ENSMUSG00000104471	0
ENSMUSG00000104472	0
ENSMUSG00000104473	0
ENSMUSG00000104474	0
ENSMUSG00000104476	1
ENSMUSG00000104477	0
ENSMUSG00000104478	0
ENSMUSG00000104479	0
ENSMUSG00000104480	0
ENSMUSG00000104481	0
ENSMUSG00000104482	0
ENSMUSG00000104484	2
ENSMUSG00000104485	0
ENSMUSG00000104486	0
ENSMUSG00000104487	0
ENSMUSG00000104488	0
ENSMUSG00000104489	0
ENSMUSG00000104490	0
ENSMUSG00000104491	17
ENSMUSG00000104493	0
ENSMUSG00000104494	0
ENSMUSG00000104496	22
ENSMUSG00000104497	0
ENSMUSG00000104498	0
ENSMUSG00000104499	0
ENSMUSG00000104500	0
ENSMUSG00000104501	0
ENSMUSG00000104502	0
ENSMUSG00000104503	2
ENSMUSG00000104504	0
ENSMUSG00000104505	0
ENSMUSG00000104506	0
ENSMUSG00000104507	0
ENSMUSG00000104508	0
ENSMUSG00000104509	0
ENSMUSG00000104510	0
ENSMUSG00000104511	0
ENSMUSG00000104512	0
ENSMUSG00000104513	0
ENSMUSG00000104514	0
ENSMUSG00000104515	5
ENSMUSG00000104516	0
ENSMUSG00000104517	2
ENSMUSG00000104518	0
ENSMUSG00000104519	0
ENSMUSG00000104520	50
ENSMUSG00000104521	0
ENSMUSG00000104522	0
ENSMUSG00000104523	0
ENSMUSG00000104524	0
ENSMUSG00000104525	0
ENSMUSG00000104526	0
ENSMUSG00000104527	0
ENSMUSG00000104528	641
ENSMUSG00000104529	0
ENSMUSG00000104530	0
ENSMUSG00000104531	0
ENSMUSG00000104532	0
ENSMUSG00000104533	0
ENSMUSG00000104534	0
ENSMUSG00000104535	0
ENSMUSG00000104536	0
ENSMUSG00000104537	0
ENSMUSG00000104538	0
ENSMUSG00000104539	0
ENSMUSG00000104540	0
ENSMUSG00000104541	0
ENSMUSG00000104542	0
ENSMUSG00000104543	0
ENSMUSG00000104544	0
ENSMUSG00000104545	0
ENSMUSG00000104546	22
ENSMUSG00000104547	0
ENSMUSG00000104548	3
ENSMUSG00000104549	0
ENSMUSG00000104550	0
ENSMUSG00000104551	0
ENSMUSG00000104552	0
ENSMUSG00000104553	0
ENSMUSG00000104554	0
ENSMUSG00000104555	4
ENSMUSG00000104556	0
ENSMUSG00000104557	0
ENSMUSG00000104558	0
ENSMUSG00000104559	0
ENSMUSG00000104560	0
ENSMUSG00000104561	0
ENSMUSG00000104562	0
ENSMUSG00000104563	0
ENSMUSG00000104564	0
ENSMUSG00000104566	0
ENSMUSG00000104567	0
ENSMUSG00000104568	2
ENSMUSG00000104569	0
ENSMUSG00000104570	0
ENSMUSG00000104571	0
ENSMUSG00000104572	0
ENSMUSG00000104573	0
ENSMUSG00000104574	0
ENSMUSG00000104575	0
ENSMUSG00000104576	3
ENSMUSG00000104577	0
ENSMUSG00000104578	0
ENSMUSG00000104579	0
ENSMUSG00000104580	0
ENSMUSG00000104581	0
ENSMUSG00000104582	0
ENSMUSG00000104583	0
ENSMUSG00000104584	0
ENSMUSG00000104585	0
ENSMUSG00000104586	0
ENSMUSG00000104587	0
ENSMUSG00000104588	0
ENSMUSG00000104589	0
ENSMUSG00000104590	0
ENSMUSG00000104591	0
ENSMUSG00000104592	0
ENSMUSG00000104593	0
ENSMUSG00000104594	0
ENSMUSG00000104595	0
ENSMUSG00000104596	0
ENSMUSG00000104597	0
ENSMUSG00000104598	0
ENSMUSG00000104599	0
ENSMUSG00000104600	0
ENSMUSG00000104601	0
ENSMUSG00000104602	4
ENSMUSG00000104603	0
ENSMUSG00000104604	0
ENSMUSG00000104605	0
ENSMUSG00000104606	0
ENSMUSG00000104607	0
ENSMUSG00000104608	0
ENSMUSG00000104609	0
ENSMUSG00000104610	0
ENSMUSG00000104612	0
ENSMUSG00000104613	0
ENSMUSG00000104614	0
ENSMUSG00000104615	0
ENSMUSG00000104616	0
ENSMUSG00000104617	0
ENSMUSG00000104618	0
ENSMUSG00000104619	0
ENSMUSG00000104620	0
ENSMUSG00000104621	2
ENSMUSG00000104622	0
ENSMUSG00000104623	0
ENSMUSG00000104624	0
ENSMUSG00000104625	0
ENSMUSG00000104626	0
ENSMUSG00000104627	0
ENSMUSG00000104628	0
ENSMUSG00000104629	0
ENSMUSG00000104630	0
ENSMUSG00000104631	0
ENSMUSG00000104632	0
ENSMUSG00000104633	0
ENSMUSG00000104634	0
ENSMUSG00000104635	0
ENSMUSG00000104636	0
ENSMUSG00000104637	0
ENSMUSG00000104638	0
ENSMUSG00000104639	0
ENSMUSG00000104640	0
ENSMUSG00000104641	0
ENSMUSG00000104642	32
ENSMUSG00000104643	0
ENSMUSG00000104644	0
ENSMUSG00000104645	0
ENSMUSG00000104646	0
ENSMUSG00000104647	0
ENSMUSG00000104648	0
ENSMUSG00000104649	61
ENSMUSG00000104650	0
ENSMUSG00000104651	0
ENSMUSG00000104652	0
ENSMUSG00000104653	0
ENSMUSG00000104654	6
ENSMUSG00000104655	0
ENSMUSG00000104656	0
ENSMUSG00000104657	0
ENSMUSG00000104658	0
ENSMUSG00000104659	0
ENSMUSG00000104660	0
ENSMUSG00000104661	0
ENSMUSG00000104662	7
ENSMUSG00000104663	0
ENSMUSG00000104664	3
ENSMUSG00000104665	0
ENSMUSG00000104666	0
ENSMUSG00000104667	0
ENSMUSG00000104668	0
ENSMUSG00000104669	0
ENSMUSG00000104670	0
ENSMUSG00000104671	10
ENSMUSG00000104672	0
ENSMUSG00000104673	0
ENSMUSG00000104674	0
ENSMUSG00000104675	0
ENSMUSG00000104676	6
ENSMUSG00000104677	0
ENSMUSG00000104678	0
ENSMUSG00000104679	0
ENSMUSG00000104680	0
ENSMUSG00000104681	0
ENSMUSG00000104682	11
ENSMUSG00000104683	0
ENSMUSG00000104684	7
ENSMUSG00000104685	0
ENSMUSG00000104686	13
ENSMUSG00000104687	0
ENSMUSG00000104688	0
ENSMUSG00000104689	0
ENSMUSG00000104690	0
ENSMUSG00000104691	0
ENSMUSG00000104692	0
ENSMUSG00000104693	4
ENSMUSG00000104694	0
ENSMUSG00000104695	1
ENSMUSG00000104696	0
ENSMUSG00000104697	0
ENSMUSG00000104698	0
ENSMUSG00000104699	3
ENSMUSG00000104700	0
ENSMUSG00000104701	0
ENSMUSG00000104702	0
ENSMUSG00000104703	0
ENSMUSG00000104704	0
ENSMUSG00000104705	0
ENSMUSG00000104706	3
ENSMUSG00000104707	0
ENSMUSG00000104708	0
ENSMUSG00000104709	0
ENSMUSG00000104710	0
ENSMUSG00000104711	0
ENSMUSG00000104712	1
ENSMUSG00000104713	71
ENSMUSG00000104714	0
ENSMUSG00000104715	0
ENSMUSG00000104716	0
ENSMUSG00000104717	0
ENSMUSG00000104718	0
ENSMUSG00000104719	0
ENSMUSG00000104720	3
ENSMUSG00000104721	1
ENSMUSG00000104722	0
ENSMUSG00000104723	4
ENSMUSG00000104724	6
ENSMUSG00000104725	0
ENSMUSG00000104726	0
ENSMUSG00000104727	0
ENSMUSG00000104728	6
ENSMUSG00000104729	0
ENSMUSG00000104730	0
ENSMUSG00000104731	0
ENSMUSG00000104732	0
ENSMUSG00000104733	0
ENSMUSG00000104734	0
ENSMUSG00000104735	0
ENSMUSG00000104736	0
ENSMUSG00000104737	7
ENSMUSG00000104738	0
ENSMUSG00000104739	0
ENSMUSG00000104740	0
ENSMUSG00000104741	0
ENSMUSG00000104742	0
ENSMUSG00000104743	0
ENSMUSG00000104744	0
ENSMUSG00000104745	0
ENSMUSG00000104746	0
ENSMUSG00000104747	0
ENSMUSG00000104748	1
ENSMUSG00000104749	0
ENSMUSG00000104750	0
ENSMUSG00000104751	0
ENSMUSG00000104752	0
ENSMUSG00000104753	0
ENSMUSG00000104754	0
ENSMUSG00000104755	0
ENSMUSG00000104756	0
ENSMUSG00000104757	0
ENSMUSG00000104758	0
ENSMUSG00000104759	0
ENSMUSG00000104760	0
ENSMUSG00000104761	11
ENSMUSG00000104762	0
ENSMUSG00000104763	0
ENSMUSG00000104764	0
ENSMUSG00000104765	0
ENSMUSG00000104766	0
ENSMUSG00000104767	0
ENSMUSG00000104768	0
ENSMUSG00000104769	0
ENSMUSG00000104770	0
ENSMUSG00000104771	0
ENSMUSG00000104772	0
ENSMUSG00000104773	0
ENSMUSG00000104774	0
ENSMUSG00000104775	0
ENSMUSG00000104776	0
ENSMUSG00000104777	1
ENSMUSG00000104778	0
ENSMUSG00000104779	0
ENSMUSG00000104780	0
ENSMUSG00000104781	0
ENSMUSG00000104782	0
ENSMUSG00000104783	0
ENSMUSG00000104784	1
ENSMUSG00000104785	14
ENSMUSG00000104786	15
ENSMUSG00000104787	0
ENSMUSG00000104788	0
ENSMUSG00000104789	0
ENSMUSG00000104790	0
ENSMUSG00000104791	0
ENSMUSG00000104792	0
ENSMUSG00000104793	0
ENSMUSG00000104794	0
ENSMUSG00000104795	3
ENSMUSG00000104796	0
ENSMUSG00000104797	0
ENSMUSG00000104798	0
ENSMUSG00000104799	0
ENSMUSG00000104800	0
ENSMUSG00000104801	0
ENSMUSG00000104802	1
ENSMUSG00000104803	0
ENSMUSG00000104804	0
ENSMUSG00000104805	0
ENSMUSG00000104806	0
ENSMUSG00000104807	0
ENSMUSG00000104808	0
ENSMUSG00000104809	0
ENSMUSG00000104810	5
ENSMUSG00000104811	0
ENSMUSG00000104812	0
ENSMUSG00000104813	0
ENSMUSG00000104814	15
ENSMUSG00000104815	0
ENSMUSG00000104816	0
ENSMUSG00000104817	0
ENSMUSG00000104818	0
ENSMUSG00000104819	0
ENSMUSG00000104820	0
ENSMUSG00000104821	0
ENSMUSG00000104822	0
ENSMUSG00000104823	1
ENSMUSG00000104824	0
ENSMUSG00000104825	0
ENSMUSG00000104826	0
ENSMUSG00000104827	0
ENSMUSG00000104828	0
ENSMUSG00000104829	0
ENSMUSG00000104830	0
ENSMUSG00000104831	0
ENSMUSG00000104832	0
ENSMUSG00000104833	0
ENSMUSG00000104834	0
ENSMUSG00000104835	5
ENSMUSG00000104836	0
ENSMUSG00000104837	0
ENSMUSG00000104838	0
ENSMUSG00000104839	0
ENSMUSG00000104840	0
ENSMUSG00000104841	0
ENSMUSG00000104842	0
ENSMUSG00000104843	0
ENSMUSG00000104844	0
ENSMUSG00000104845	0
ENSMUSG00000104846	0
ENSMUSG00000104847	0
ENSMUSG00000104848	0
ENSMUSG00000104849	0
ENSMUSG00000104850	0
ENSMUSG00000104851	0
ENSMUSG00000104852	0
ENSMUSG00000104853	0
ENSMUSG00000104854	0
ENSMUSG00000104855	0
ENSMUSG00000104856	0
ENSMUSG00000104857	0
ENSMUSG00000104858	0
ENSMUSG00000104859	0
ENSMUSG00000104860	0
ENSMUSG00000104861	0
ENSMUSG00000104862	0
ENSMUSG00000104863	0
ENSMUSG00000104864	574
ENSMUSG00000104865	0
ENSMUSG00000104866	0
ENSMUSG00000104867	0
ENSMUSG00000104868	0
ENSMUSG00000104869	0
ENSMUSG00000104870	0
ENSMUSG00000104871	0
ENSMUSG00000104872	0
ENSMUSG00000104873	0
ENSMUSG00000104874	0
ENSMUSG00000104875	0
ENSMUSG00000104876	0
ENSMUSG00000104877	0
ENSMUSG00000104878	0
ENSMUSG00000104879	0
ENSMUSG00000104880	0
ENSMUSG00000104881	0
ENSMUSG00000104882	5
ENSMUSG00000104883	0
ENSMUSG00000104884	0
ENSMUSG00000104885	0
ENSMUSG00000104886	0
ENSMUSG00000104887	0
ENSMUSG00000104888	2
ENSMUSG00000104889	0
ENSMUSG00000104890	0
ENSMUSG00000104891	0
ENSMUSG00000104892	3
ENSMUSG00000104893	0
ENSMUSG00000104894	0
ENSMUSG00000104895	0
ENSMUSG00000104896	0
ENSMUSG00000104897	2
ENSMUSG00000104898	0
ENSMUSG00000104899	0
ENSMUSG00000104900	0
ENSMUSG00000104901	0
ENSMUSG00000104902	0
ENSMUSG00000104903	1
ENSMUSG00000104904	3
ENSMUSG00000104905	0
ENSMUSG00000104906	0
ENSMUSG00000104908	0
ENSMUSG00000104909	0
ENSMUSG00000104910	0
ENSMUSG00000104911	0
ENSMUSG00000104912	0
ENSMUSG00000104913	2
ENSMUSG00000104914	0
ENSMUSG00000104915	0
ENSMUSG00000104916	0
ENSMUSG00000104917	0
ENSMUSG00000104918	0
ENSMUSG00000104919	0
ENSMUSG00000104920	4
ENSMUSG00000104921	0
ENSMUSG00000104922	0
ENSMUSG00000104923	46
ENSMUSG00000104924	0
ENSMUSG00000104925	2
ENSMUSG00000104926	0
ENSMUSG00000104927	0
ENSMUSG00000104928	0
ENSMUSG00000104929	0
ENSMUSG00000104930	0
ENSMUSG00000104931	0
ENSMUSG00000104932	0
ENSMUSG00000104933	0
ENSMUSG00000104934	0
ENSMUSG00000104935	0
ENSMUSG00000104936	0
ENSMUSG00000104937	0
ENSMUSG00000104938	0
ENSMUSG00000104939	0
ENSMUSG00000104940	0
ENSMUSG00000104941	0
ENSMUSG00000104942	0
ENSMUSG00000104943	8
ENSMUSG00000104944	0
ENSMUSG00000104945	0
ENSMUSG00000104946	0
ENSMUSG00000104947	0
ENSMUSG00000104948	0
ENSMUSG00000104949	0
ENSMUSG00000104950	70
ENSMUSG00000104951	3
ENSMUSG00000104952	0
ENSMUSG00000104953	0
ENSMUSG00000104954	0
ENSMUSG00000104955	0
ENSMUSG00000104956	0
ENSMUSG00000104957	0
ENSMUSG00000104958	0
ENSMUSG00000104959	0
ENSMUSG00000104960	667
ENSMUSG00000104961	0
ENSMUSG00000104962	0
ENSMUSG00000104963	0
ENSMUSG00000104964	0
ENSMUSG00000104965	15
ENSMUSG00000104966	0
ENSMUSG00000104967	0
ENSMUSG00000104968	0
ENSMUSG00000104969	2
ENSMUSG00000104970	0
ENSMUSG00000104971	0
ENSMUSG00000104972	0
ENSMUSG00000104973	3
ENSMUSG00000104974	0
ENSMUSG00000104975	0
ENSMUSG00000104976	0
ENSMUSG00000104978	1
ENSMUSG00000104979	0
ENSMUSG00000104980	0
ENSMUSG00000104981	0
ENSMUSG00000104982	0
ENSMUSG00000104983	1
ENSMUSG00000104984	0
ENSMUSG00000104985	0
ENSMUSG00000104986	2
ENSMUSG00000104987	0
ENSMUSG00000104988	0
ENSMUSG00000104989	0
ENSMUSG00000104990	0
ENSMUSG00000104991	0
ENSMUSG00000104992	0
ENSMUSG00000104993	0
ENSMUSG00000104994	0
ENSMUSG00000104995	0
ENSMUSG00000104996	0
ENSMUSG00000104997	0
ENSMUSG00000104998	0
ENSMUSG00000104999	0
ENSMUSG00000105000	0
ENSMUSG00000105001	1
ENSMUSG00000105002	0
ENSMUSG00000105003	4
ENSMUSG00000105004	9
ENSMUSG00000105005	1
ENSMUSG00000105006	4
ENSMUSG00000105007	0
ENSMUSG00000105008	2
ENSMUSG00000105009	0
ENSMUSG00000105010	0
ENSMUSG00000105011	1
ENSMUSG00000105012	0
ENSMUSG00000105013	0
ENSMUSG00000105014	0
ENSMUSG00000105015	0
ENSMUSG00000105016	0
ENSMUSG00000105017	0
ENSMUSG00000105018	0
ENSMUSG00000105019	0
ENSMUSG00000105020	0
ENSMUSG00000105021	0
ENSMUSG00000105022	0
ENSMUSG00000105023	0
ENSMUSG00000105024	0
ENSMUSG00000105025	0
ENSMUSG00000105026	0
ENSMUSG00000105027	0
ENSMUSG00000105028	0
ENSMUSG00000105029	0
ENSMUSG00000105030	0
ENSMUSG00000105031	0
ENSMUSG00000105032	0
ENSMUSG00000105033	0
ENSMUSG00000105034	0
ENSMUSG00000105035	0
ENSMUSG00000105036	0
ENSMUSG00000105037	0
ENSMUSG00000105038	0
ENSMUSG00000105039	0
ENSMUSG00000105040	0
ENSMUSG00000105041	0
ENSMUSG00000105042	0
ENSMUSG00000105043	0
ENSMUSG00000105044	5
ENSMUSG00000105045	0
ENSMUSG00000105046	0
ENSMUSG00000105047	0
ENSMUSG00000105048	0
ENSMUSG00000105049	0
ENSMUSG00000105050	0
ENSMUSG00000105051	0
ENSMUSG00000105052	0
ENSMUSG00000105053	0
ENSMUSG00000105054	0
ENSMUSG00000105055	0
ENSMUSG00000105056	0
ENSMUSG00000105057	0
ENSMUSG00000105058	0
ENSMUSG00000105059	0
ENSMUSG00000105060	0
ENSMUSG00000105061	0
ENSMUSG00000105062	0
ENSMUSG00000105063	0
ENSMUSG00000105064	0
ENSMUSG00000105065	0
ENSMUSG00000105066	0
ENSMUSG00000105067	0
ENSMUSG00000105068	4
ENSMUSG00000105070	0
ENSMUSG00000105071	0
ENSMUSG00000105072	0
ENSMUSG00000105073	0
ENSMUSG00000105074	0
ENSMUSG00000105075	0
ENSMUSG00000105076	0
ENSMUSG00000105077	0
ENSMUSG00000105078	0
ENSMUSG00000105079	0
ENSMUSG00000105080	0
ENSMUSG00000105081	35
ENSMUSG00000105082	0
ENSMUSG00000105083	0
ENSMUSG00000105084	3
ENSMUSG00000105085	2
ENSMUSG00000105086	0
ENSMUSG00000105087	0
ENSMUSG00000105088	0
ENSMUSG00000105089	0
ENSMUSG00000105090	0
ENSMUSG00000105091	0
ENSMUSG00000105092	0
ENSMUSG00000105093	0
ENSMUSG00000105094	0
ENSMUSG00000105095	111
ENSMUSG00000105096	58
ENSMUSG00000105097	4
ENSMUSG00000105098	0
ENSMUSG00000105099	0
ENSMUSG00000105100	0
ENSMUSG00000105101	0
ENSMUSG00000105102	0
ENSMUSG00000105103	0
ENSMUSG00000105104	0
ENSMUSG00000105105	0
ENSMUSG00000105106	0
ENSMUSG00000105107	1
ENSMUSG00000105108	0
ENSMUSG00000105109	0
ENSMUSG00000105110	0
ENSMUSG00000105111	0
ENSMUSG00000105112	1
ENSMUSG00000105113	0
ENSMUSG00000105114	0
ENSMUSG00000105115	0
ENSMUSG00000105116	0
ENSMUSG00000105117	0
ENSMUSG00000105118	0
ENSMUSG00000105119	0
ENSMUSG00000105120	0
ENSMUSG00000105121	0
ENSMUSG00000105122	0
ENSMUSG00000105123	2
ENSMUSG00000105124	84
ENSMUSG00000105125	0
ENSMUSG00000105126	0
ENSMUSG00000105127	0
ENSMUSG00000105128	0
ENSMUSG00000105129	0
ENSMUSG00000105130	2
ENSMUSG00000105131	0
ENSMUSG00000105132	0
ENSMUSG00000105133	0
ENSMUSG00000105134	0
ENSMUSG00000105135	119
ENSMUSG00000105136	0
ENSMUSG00000105137	0
ENSMUSG00000105138	0
ENSMUSG00000105139	2
ENSMUSG00000105140	1
ENSMUSG00000105141	0
ENSMUSG00000105142	0
ENSMUSG00000105143	32
ENSMUSG00000105144	0
ENSMUSG00000105145	0
ENSMUSG00000105146	0
ENSMUSG00000105147	0
ENSMUSG00000105148	0
ENSMUSG00000105149	0
ENSMUSG00000105150	0
ENSMUSG00000105151	0
ENSMUSG00000105152	0
ENSMUSG00000105153	0
ENSMUSG00000105154	0
ENSMUSG00000105155	0
ENSMUSG00000105156	1
ENSMUSG00000105157	0
ENSMUSG00000105158	0
ENSMUSG00000105159	0
ENSMUSG00000105160	5
ENSMUSG00000105161	53
ENSMUSG00000105162	0
ENSMUSG00000105163	0
ENSMUSG00000105164	0
ENSMUSG00000105165	0
ENSMUSG00000105166	0
ENSMUSG00000105167	0
ENSMUSG00000105168	0
ENSMUSG00000105169	0
ENSMUSG00000105170	0
ENSMUSG00000105171	0
ENSMUSG00000105172	0
ENSMUSG00000105173	0
ENSMUSG00000105174	0
ENSMUSG00000105175	0
ENSMUSG00000105176	57
ENSMUSG00000105177	0
ENSMUSG00000105178	0
ENSMUSG00000105179	6
ENSMUSG00000105180	4
ENSMUSG00000105181	0
ENSMUSG00000105182	0
ENSMUSG00000105183	0
ENSMUSG00000105184	0
ENSMUSG00000105185	0
ENSMUSG00000105186	0
ENSMUSG00000105187	0
ENSMUSG00000105188	0
ENSMUSG00000105189	28
ENSMUSG00000105190	0
ENSMUSG00000105191	0
ENSMUSG00000105192	0
ENSMUSG00000105193	0
ENSMUSG00000105194	0
ENSMUSG00000105195	3
ENSMUSG00000105196	0
ENSMUSG00000105197	0
ENSMUSG00000105198	0
ENSMUSG00000105199	0
ENSMUSG00000105200	0
ENSMUSG00000105201	6
ENSMUSG00000105202	1
ENSMUSG00000105203	0
ENSMUSG00000105204	0
ENSMUSG00000105205	0
ENSMUSG00000105206	0
ENSMUSG00000105207	0
ENSMUSG00000105208	0
ENSMUSG00000105209	0
ENSMUSG00000105210	0
ENSMUSG00000105211	0
ENSMUSG00000105212	0
ENSMUSG00000105213	0
ENSMUSG00000105214	0
ENSMUSG00000105215	0
ENSMUSG00000105216	0
ENSMUSG00000105217	1
ENSMUSG00000105218	0
ENSMUSG00000105219	0
ENSMUSG00000105220	0
ENSMUSG00000105221	0
ENSMUSG00000105222	0
ENSMUSG00000105223	0
ENSMUSG00000105224	3
ENSMUSG00000105225	0
ENSMUSG00000105226	4
ENSMUSG00000105227	0
ENSMUSG00000105228	0
ENSMUSG00000105229	0
ENSMUSG00000105230	1
ENSMUSG00000105231	0
ENSMUSG00000105232	0
ENSMUSG00000105233	0
ENSMUSG00000105234	0
ENSMUSG00000105235	0
ENSMUSG00000105236	0
ENSMUSG00000105237	0
ENSMUSG00000105238	0
ENSMUSG00000105239	0
ENSMUSG00000105240	0
ENSMUSG00000105241	0
ENSMUSG00000105242	0
ENSMUSG00000105243	0
ENSMUSG00000105244	0
ENSMUSG00000105245	0
ENSMUSG00000105246	0
ENSMUSG00000105247	0
ENSMUSG00000105248	0
ENSMUSG00000105249	0
ENSMUSG00000105250	0
ENSMUSG00000105251	0
ENSMUSG00000105252	0
ENSMUSG00000105253	0
ENSMUSG00000105254	0
ENSMUSG00000105255	0
ENSMUSG00000105256	0
ENSMUSG00000105257	0
ENSMUSG00000105258	0
ENSMUSG00000105259	0
ENSMUSG00000105260	79
ENSMUSG00000105261	0
ENSMUSG00000105262	0
ENSMUSG00000105263	0
ENSMUSG00000105264	0
ENSMUSG00000105265	0
ENSMUSG00000105266	0
ENSMUSG00000105267	0
ENSMUSG00000105269	0
ENSMUSG00000105270	0
ENSMUSG00000105271	0
ENSMUSG00000105272	21
ENSMUSG00000105273	0
ENSMUSG00000105274	0
ENSMUSG00000105275	0
ENSMUSG00000105277	1
ENSMUSG00000105278	0
ENSMUSG00000105279	0
ENSMUSG00000105280	1
ENSMUSG00000105281	0
ENSMUSG00000105282	0
ENSMUSG00000105283	7
ENSMUSG00000105284	0
ENSMUSG00000105285	0
ENSMUSG00000105286	0
ENSMUSG00000105287	0
ENSMUSG00000105288	0
ENSMUSG00000105289	0
ENSMUSG00000105290	0
ENSMUSG00000105291	0
ENSMUSG00000105292	0
ENSMUSG00000105293	0
ENSMUSG00000105294	0
ENSMUSG00000105295	97
ENSMUSG00000105296	0
ENSMUSG00000105297	0
ENSMUSG00000105298	0
ENSMUSG00000105299	0
ENSMUSG00000105300	0
ENSMUSG00000105301	0
ENSMUSG00000105302	0
ENSMUSG00000105303	0
ENSMUSG00000105304	1
ENSMUSG00000105305	0
ENSMUSG00000105306	0
ENSMUSG00000105307	0
ENSMUSG00000105308	0
ENSMUSG00000105309	0
ENSMUSG00000105310	0
ENSMUSG00000105311	0
ENSMUSG00000105312	0
ENSMUSG00000105313	0
ENSMUSG00000105314	0
ENSMUSG00000105315	105
ENSMUSG00000105316	0
ENSMUSG00000105317	0
ENSMUSG00000105318	0
ENSMUSG00000105319	0
ENSMUSG00000105320	0
ENSMUSG00000105321	0
ENSMUSG00000105322	0
ENSMUSG00000105323	0
ENSMUSG00000105324	0
ENSMUSG00000105325	0
ENSMUSG00000105326	0
ENSMUSG00000105327	0
ENSMUSG00000105328	2
ENSMUSG00000105329	0
ENSMUSG00000105330	0
ENSMUSG00000105331	0
ENSMUSG00000105332	0
ENSMUSG00000105333	0
ENSMUSG00000105334	0
ENSMUSG00000105335	0
ENSMUSG00000105336	0
ENSMUSG00000105337	1
ENSMUSG00000105338	0
ENSMUSG00000105339	0
ENSMUSG00000105340	22
ENSMUSG00000105341	0
ENSMUSG00000105342	0
ENSMUSG00000105343	0
ENSMUSG00000105344	0
ENSMUSG00000105345	4
ENSMUSG00000105346	0
ENSMUSG00000105347	0
ENSMUSG00000105348	0
ENSMUSG00000105349	2
ENSMUSG00000105350	1
ENSMUSG00000105351	0
ENSMUSG00000105352	0
ENSMUSG00000105353	0
ENSMUSG00000105354	0
ENSMUSG00000105355	0
ENSMUSG00000105356	0
ENSMUSG00000105357	0
ENSMUSG00000105358	1
ENSMUSG00000105359	0
ENSMUSG00000105360	0
ENSMUSG00000105361	0
ENSMUSG00000105362	0
ENSMUSG00000105363	0
ENSMUSG00000105364	0
ENSMUSG00000105365	0
ENSMUSG00000105366	0
ENSMUSG00000105367	0
ENSMUSG00000105368	4
ENSMUSG00000105369	0
ENSMUSG00000105370	0
ENSMUSG00000105371	0
ENSMUSG00000105372	0
ENSMUSG00000105373	0
ENSMUSG00000105374	0
ENSMUSG00000105375	0
ENSMUSG00000105376	0
ENSMUSG00000105377	0
ENSMUSG00000105378	0
ENSMUSG00000105379	0
ENSMUSG00000105380	0
ENSMUSG00000105381	0
ENSMUSG00000105382	0
ENSMUSG00000105383	18
ENSMUSG00000105384	0
ENSMUSG00000105385	0
ENSMUSG00000105386	0
ENSMUSG00000105387	0
ENSMUSG00000105388	102
ENSMUSG00000105389	2
ENSMUSG00000105390	0
ENSMUSG00000105391	0
ENSMUSG00000105392	0
ENSMUSG00000105393	0
ENSMUSG00000105394	0
ENSMUSG00000105395	0
ENSMUSG00000105396	0
ENSMUSG00000105397	0
ENSMUSG00000105398	0
ENSMUSG00000105399	0
ENSMUSG00000105400	0
ENSMUSG00000105401	0
ENSMUSG00000105402	0
ENSMUSG00000105403	0
ENSMUSG00000105404	0
ENSMUSG00000105405	0
ENSMUSG00000105406	0
ENSMUSG00000105407	0
ENSMUSG00000105408	8
ENSMUSG00000105409	0
ENSMUSG00000105410	0
ENSMUSG00000105411	0
ENSMUSG00000105412	0
ENSMUSG00000105413	0
ENSMUSG00000105415	0
ENSMUSG00000105416	0
ENSMUSG00000105418	0
ENSMUSG00000105419	3
ENSMUSG00000105420	0
ENSMUSG00000105421	0
ENSMUSG00000105422	0
ENSMUSG00000105423	0
ENSMUSG00000105424	0
ENSMUSG00000105425	0
ENSMUSG00000105426	0
ENSMUSG00000105427	0
ENSMUSG00000105428	0
ENSMUSG00000105429	10
ENSMUSG00000105430	0
ENSMUSG00000105431	0
ENSMUSG00000105432	0
ENSMUSG00000105433	0
ENSMUSG00000105434	4
ENSMUSG00000105435	0
ENSMUSG00000105436	0
ENSMUSG00000105437	0
ENSMUSG00000105438	0
ENSMUSG00000105439	0
ENSMUSG00000105440	0
ENSMUSG00000105441	0
ENSMUSG00000105442	4
ENSMUSG00000105443	0
ENSMUSG00000105444	0
ENSMUSG00000105445	0
ENSMUSG00000105446	0
ENSMUSG00000105447	0
ENSMUSG00000105448	0
ENSMUSG00000105449	31
ENSMUSG00000105450	0
ENSMUSG00000105451	0
ENSMUSG00000105452	2
ENSMUSG00000105453	0
ENSMUSG00000105454	0
ENSMUSG00000105455	0
ENSMUSG00000105456	0
ENSMUSG00000105457	0
ENSMUSG00000105458	0
ENSMUSG00000105459	0
ENSMUSG00000105460	0
ENSMUSG00000105461	5
ENSMUSG00000105462	0
ENSMUSG00000105463	0
ENSMUSG00000105464	0
ENSMUSG00000105465	0
ENSMUSG00000105466	1
ENSMUSG00000105467	0
ENSMUSG00000105468	0
ENSMUSG00000105469	0
ENSMUSG00000105470	0
ENSMUSG00000105471	0
ENSMUSG00000105472	3
ENSMUSG00000105473	0
ENSMUSG00000105474	0
ENSMUSG00000105475	0
ENSMUSG00000105476	0
ENSMUSG00000105477	0
ENSMUSG00000105478	0
ENSMUSG00000105479	0
ENSMUSG00000105480	0
ENSMUSG00000105481	0
ENSMUSG00000105482	0
ENSMUSG00000105483	0
ENSMUSG00000105484	0
ENSMUSG00000105485	0
ENSMUSG00000105486	0
ENSMUSG00000105487	0
ENSMUSG00000105488	0
ENSMUSG00000105489	0
ENSMUSG00000105490	0
ENSMUSG00000105491	0
ENSMUSG00000105492	0
ENSMUSG00000105493	0
ENSMUSG00000105494	0
ENSMUSG00000105495	0
ENSMUSG00000105496	0
ENSMUSG00000105497	0
ENSMUSG00000105498	0
ENSMUSG00000105499	0
ENSMUSG00000105500	0
ENSMUSG00000105501	1
ENSMUSG00000105502	0
ENSMUSG00000105503	0
ENSMUSG00000105504	51
ENSMUSG00000105505	0
ENSMUSG00000105506	1
ENSMUSG00000105507	0
ENSMUSG00000105508	1
ENSMUSG00000105509	43
ENSMUSG00000105510	2
ENSMUSG00000105511	0
ENSMUSG00000105512	7
ENSMUSG00000105513	0
ENSMUSG00000105514	3
ENSMUSG00000105515	0
ENSMUSG00000105516	0
ENSMUSG00000105517	17
ENSMUSG00000105518	0
ENSMUSG00000105519	3
ENSMUSG00000105520	5
ENSMUSG00000105521	0
ENSMUSG00000105522	0
ENSMUSG00000105523	0
ENSMUSG00000105524	0
ENSMUSG00000105525	0
ENSMUSG00000105526	0
ENSMUSG00000105527	0
ENSMUSG00000105528	0
ENSMUSG00000105529	0
ENSMUSG00000105530	0
ENSMUSG00000105531	0
ENSMUSG00000105532	1
ENSMUSG00000105533	0
ENSMUSG00000105534	0
ENSMUSG00000105535	2
ENSMUSG00000105536	0
ENSMUSG00000105537	0
ENSMUSG00000105538	0
ENSMUSG00000105539	0
ENSMUSG00000105540	0
ENSMUSG00000105541	8
ENSMUSG00000105542	0
ENSMUSG00000105543	0
ENSMUSG00000105544	0
ENSMUSG00000105545	0
ENSMUSG00000105546	0
ENSMUSG00000105547	29
ENSMUSG00000105548	0
ENSMUSG00000105549	0
ENSMUSG00000105550	0
ENSMUSG00000105551	0
ENSMUSG00000105552	3
ENSMUSG00000105553	1
ENSMUSG00000105554	3
ENSMUSG00000105555	0
ENSMUSG00000105556	4
ENSMUSG00000105557	0
ENSMUSG00000105558	2
ENSMUSG00000105559	0
ENSMUSG00000105560	0
ENSMUSG00000105561	0
ENSMUSG00000105562	0
ENSMUSG00000105563	0
ENSMUSG00000105564	0
ENSMUSG00000105565	4
ENSMUSG00000105566	0
ENSMUSG00000105567	0
ENSMUSG00000105568	0
ENSMUSG00000105569	0
ENSMUSG00000105570	0
ENSMUSG00000105571	0
ENSMUSG00000105572	3
ENSMUSG00000105573	0
ENSMUSG00000105574	0
ENSMUSG00000105575	0
ENSMUSG00000105576	0
ENSMUSG00000105577	0
ENSMUSG00000105578	0
ENSMUSG00000105579	0
ENSMUSG00000105580	0
ENSMUSG00000105581	0
ENSMUSG00000105582	0
ENSMUSG00000105583	0
ENSMUSG00000105584	0
ENSMUSG00000105585	0
ENSMUSG00000105586	0
ENSMUSG00000105588	0
ENSMUSG00000105589	0
ENSMUSG00000105590	0
ENSMUSG00000105591	0
ENSMUSG00000105592	0
ENSMUSG00000105593	0
ENSMUSG00000105594	0
ENSMUSG00000105595	0
ENSMUSG00000105596	0
ENSMUSG00000105597	11
ENSMUSG00000105598	0
ENSMUSG00000105599	0
ENSMUSG00000105600	0
ENSMUSG00000105601	0
ENSMUSG00000105602	0
ENSMUSG00000105603	0
ENSMUSG00000105604	0
ENSMUSG00000105605	0
ENSMUSG00000105606	1
ENSMUSG00000105607	0
ENSMUSG00000105608	0
ENSMUSG00000105609	0
ENSMUSG00000105610	0
ENSMUSG00000105611	0
ENSMUSG00000105612	0
ENSMUSG00000105613	0
ENSMUSG00000105614	0
ENSMUSG00000105615	0
ENSMUSG00000105616	0
ENSMUSG00000105617	0
ENSMUSG00000105618	0
ENSMUSG00000105619	0
ENSMUSG00000105620	0
ENSMUSG00000105621	0
ENSMUSG00000105622	0
ENSMUSG00000105624	0
ENSMUSG00000105625	0
ENSMUSG00000105626	0
ENSMUSG00000105627	0
ENSMUSG00000105628	0
ENSMUSG00000105629	0
ENSMUSG00000105630	0
ENSMUSG00000105632	0
ENSMUSG00000105633	0
ENSMUSG00000105634	0
ENSMUSG00000105635	0
ENSMUSG00000105636	1
ENSMUSG00000105637	0
ENSMUSG00000105638	0
ENSMUSG00000105639	1
ENSMUSG00000105640	0
ENSMUSG00000105641	0
ENSMUSG00000105642	0
ENSMUSG00000105643	3
ENSMUSG00000105644	0
ENSMUSG00000105645	3
ENSMUSG00000105646	3
ENSMUSG00000105647	0
ENSMUSG00000105648	0
ENSMUSG00000105649	0
ENSMUSG00000105650	0
ENSMUSG00000105651	0
ENSMUSG00000105652	0
ENSMUSG00000105653	0
ENSMUSG00000105654	0
ENSMUSG00000105655	10
ENSMUSG00000105656	0
ENSMUSG00000105657	0
ENSMUSG00000105658	0
ENSMUSG00000105659	0
ENSMUSG00000105660	0
ENSMUSG00000105661	0
ENSMUSG00000105662	0
ENSMUSG00000105663	0
ENSMUSG00000105664	0
ENSMUSG00000105665	0
ENSMUSG00000105666	0
ENSMUSG00000105667	0
ENSMUSG00000105668	0
ENSMUSG00000105669	0
ENSMUSG00000105670	0
ENSMUSG00000105671	0
ENSMUSG00000105672	0
ENSMUSG00000105673	0
ENSMUSG00000105674	0
ENSMUSG00000105675	0
ENSMUSG00000105676	3
ENSMUSG00000105677	24
ENSMUSG00000105678	0
ENSMUSG00000105679	0
ENSMUSG00000105680	0
ENSMUSG00000105681	5
ENSMUSG00000105682	0
ENSMUSG00000105683	0
ENSMUSG00000105684	0
ENSMUSG00000105685	0
ENSMUSG00000105686	0
ENSMUSG00000105687	39
ENSMUSG00000105688	0
ENSMUSG00000105689	0
ENSMUSG00000105690	0
ENSMUSG00000105691	13
ENSMUSG00000105692	70
ENSMUSG00000105693	0
ENSMUSG00000105694	1
ENSMUSG00000105695	0
ENSMUSG00000105696	0
ENSMUSG00000105697	0
ENSMUSG00000105698	0
ENSMUSG00000105699	0
ENSMUSG00000105700	0
ENSMUSG00000105701	0
ENSMUSG00000105702	0
ENSMUSG00000105703	52
ENSMUSG00000105704	0
ENSMUSG00000105705	0
ENSMUSG00000105706	14
ENSMUSG00000105707	1
ENSMUSG00000105708	2
ENSMUSG00000105709	0
ENSMUSG00000105710	2
ENSMUSG00000105711	0
ENSMUSG00000105712	0
ENSMUSG00000105713	0
ENSMUSG00000105714	0
ENSMUSG00000105715	0
ENSMUSG00000105716	0
ENSMUSG00000105717	0
ENSMUSG00000105718	0
ENSMUSG00000105719	2
ENSMUSG00000105720	0
ENSMUSG00000105721	0
ENSMUSG00000105722	0
ENSMUSG00000105723	0
ENSMUSG00000105724	0
ENSMUSG00000105725	0
ENSMUSG00000105726	0
ENSMUSG00000105727	0
ENSMUSG00000105728	2
ENSMUSG00000105729	0
ENSMUSG00000105730	0
ENSMUSG00000105731	0
ENSMUSG00000105732	0
ENSMUSG00000105733	0
ENSMUSG00000105734	2
ENSMUSG00000105735	0
ENSMUSG00000105736	0
ENSMUSG00000105737	0
ENSMUSG00000105738	0
ENSMUSG00000105739	0
ENSMUSG00000105740	0
ENSMUSG00000105741	11
ENSMUSG00000105742	6
ENSMUSG00000105743	0
ENSMUSG00000105744	0
ENSMUSG00000105745	2
ENSMUSG00000105746	0
ENSMUSG00000105747	0
ENSMUSG00000105748	3
ENSMUSG00000105749	0
ENSMUSG00000105750	0
ENSMUSG00000105751	0
ENSMUSG00000105752	0
ENSMUSG00000105753	0
ENSMUSG00000105754	0
ENSMUSG00000105755	1
ENSMUSG00000105756	0
ENSMUSG00000105757	0
ENSMUSG00000105758	0
ENSMUSG00000105759	0
ENSMUSG00000105760	0
ENSMUSG00000105761	0
ENSMUSG00000105762	0
ENSMUSG00000105763	0
ENSMUSG00000105764	0
ENSMUSG00000105765	0
ENSMUSG00000105766	0
ENSMUSG00000105767	0
ENSMUSG00000105768	0
ENSMUSG00000105769	0
ENSMUSG00000105770	0
ENSMUSG00000105771	0
ENSMUSG00000105772	0
ENSMUSG00000105773	0
ENSMUSG00000105774	2
ENSMUSG00000105775	0
ENSMUSG00000105776	0
ENSMUSG00000105777	0
ENSMUSG00000105778	0
ENSMUSG00000105779	3
ENSMUSG00000105780	0
ENSMUSG00000105781	0
ENSMUSG00000105782	0
ENSMUSG00000105783	0
ENSMUSG00000105784	0
ENSMUSG00000105785	0
ENSMUSG00000105786	2
ENSMUSG00000105787	8
ENSMUSG00000105788	0
ENSMUSG00000105789	0
ENSMUSG00000105790	0
ENSMUSG00000105791	0
ENSMUSG00000105792	2
ENSMUSG00000105793	0
ENSMUSG00000105794	0
ENSMUSG00000105795	0
ENSMUSG00000105796	0
ENSMUSG00000105797	0
ENSMUSG00000105798	0
ENSMUSG00000105799	0
ENSMUSG00000105800	0
ENSMUSG00000105801	1
ENSMUSG00000105802	0
ENSMUSG00000105803	0
ENSMUSG00000105804	0
ENSMUSG00000105805	0
ENSMUSG00000105806	0
ENSMUSG00000105807	0
ENSMUSG00000105808	0
ENSMUSG00000105809	0
ENSMUSG00000105810	0
ENSMUSG00000105811	0
ENSMUSG00000105812	0
ENSMUSG00000105813	0
ENSMUSG00000105814	105
ENSMUSG00000105815	0
ENSMUSG00000105816	0
ENSMUSG00000105817	0
ENSMUSG00000105818	2
ENSMUSG00000105819	0
ENSMUSG00000105820	0
ENSMUSG00000105821	0
ENSMUSG00000105822	0
ENSMUSG00000105823	0
ENSMUSG00000105824	0
ENSMUSG00000105825	0
ENSMUSG00000105826	1
ENSMUSG00000105827	1
ENSMUSG00000105828	0
ENSMUSG00000105829	0
ENSMUSG00000105830	0
ENSMUSG00000105831	0
ENSMUSG00000105832	7
ENSMUSG00000105833	0
ENSMUSG00000105834	12
ENSMUSG00000105835	0
ENSMUSG00000105836	0
ENSMUSG00000105837	263
ENSMUSG00000105838	0
ENSMUSG00000105839	0
ENSMUSG00000105840	0
ENSMUSG00000105841	0
ENSMUSG00000105842	1
ENSMUSG00000105843	4
ENSMUSG00000105844	0
ENSMUSG00000105845	0
ENSMUSG00000105846	3
ENSMUSG00000105847	0
ENSMUSG00000105848	0
ENSMUSG00000105849	0
ENSMUSG00000105850	0
ENSMUSG00000105851	17
ENSMUSG00000105852	2
ENSMUSG00000105853	0
ENSMUSG00000105854	1
ENSMUSG00000105855	0
ENSMUSG00000105856	0
ENSMUSG00000105857	0
ENSMUSG00000105858	1
ENSMUSG00000105859	0
ENSMUSG00000105860	0
ENSMUSG00000105861	1
ENSMUSG00000105862	0
ENSMUSG00000105863	0
ENSMUSG00000105864	0
ENSMUSG00000105865	0
ENSMUSG00000105866	0
ENSMUSG00000105867	1
ENSMUSG00000105868	1
ENSMUSG00000105869	0
ENSMUSG00000105870	0
ENSMUSG00000105871	0
ENSMUSG00000105872	1
ENSMUSG00000105873	0
ENSMUSG00000105874	0
ENSMUSG00000105875	0
ENSMUSG00000105876	4
ENSMUSG00000105877	0
ENSMUSG00000105878	0
ENSMUSG00000105879	18
ENSMUSG00000105880	0
ENSMUSG00000105881	4
ENSMUSG00000105882	0
ENSMUSG00000105883	0
ENSMUSG00000105884	0
ENSMUSG00000105885	0
ENSMUSG00000105886	0
ENSMUSG00000105887	0
ENSMUSG00000105888	0
ENSMUSG00000105889	0
ENSMUSG00000105890	0
ENSMUSG00000105891	2
ENSMUSG00000105892	0
ENSMUSG00000105893	1
ENSMUSG00000105894	0
ENSMUSG00000105895	4
ENSMUSG00000105896	27
ENSMUSG00000105897	0
ENSMUSG00000105898	0
ENSMUSG00000105899	0
ENSMUSG00000105900	0
ENSMUSG00000105901	0
ENSMUSG00000105902	0
ENSMUSG00000105903	0
ENSMUSG00000105904	0
ENSMUSG00000105905	0
ENSMUSG00000105906	116
ENSMUSG00000105907	34
ENSMUSG00000105908	0
ENSMUSG00000105909	24
ENSMUSG00000105910	0
ENSMUSG00000105911	0
ENSMUSG00000105912	1
ENSMUSG00000105913	3
ENSMUSG00000105914	0
ENSMUSG00000105915	0
ENSMUSG00000105916	0
ENSMUSG00000105917	0
ENSMUSG00000105918	0
ENSMUSG00000105919	0
ENSMUSG00000105920	0
ENSMUSG00000105921	0
ENSMUSG00000105922	0
ENSMUSG00000105923	0
ENSMUSG00000105924	0
ENSMUSG00000105925	0
ENSMUSG00000105926	0
ENSMUSG00000105927	0
ENSMUSG00000105928	0
ENSMUSG00000105929	0
ENSMUSG00000105930	0
ENSMUSG00000105931	0
ENSMUSG00000105932	0
ENSMUSG00000105933	1
ENSMUSG00000105934	0
ENSMUSG00000105935	0
ENSMUSG00000105936	0
ENSMUSG00000105937	0
ENSMUSG00000105938	0
ENSMUSG00000105939	0
ENSMUSG00000105940	0
ENSMUSG00000105941	8
ENSMUSG00000105942	0
ENSMUSG00000105943	150
ENSMUSG00000105944	0
ENSMUSG00000105945	0
ENSMUSG00000105946	0
ENSMUSG00000105947	0
ENSMUSG00000105948	0
ENSMUSG00000105949	1
ENSMUSG00000105950	4
ENSMUSG00000105951	0
ENSMUSG00000105952	0
ENSMUSG00000105953	0
ENSMUSG00000105954	7
ENSMUSG00000105955	0
ENSMUSG00000105956	0
ENSMUSG00000105957	30
ENSMUSG00000105958	0
ENSMUSG00000105959	0
ENSMUSG00000105960	0
ENSMUSG00000105961	0
ENSMUSG00000105962	0
ENSMUSG00000105963	0
ENSMUSG00000105964	0
ENSMUSG00000105965	0
ENSMUSG00000105966	4
ENSMUSG00000105967	0
ENSMUSG00000105968	0
ENSMUSG00000105969	0
ENSMUSG00000105970	2
ENSMUSG00000105971	0
ENSMUSG00000105972	0
ENSMUSG00000105973	0
ENSMUSG00000105974	0
ENSMUSG00000105975	0
ENSMUSG00000105976	1
ENSMUSG00000105977	14
ENSMUSG00000105978	0
ENSMUSG00000105979	0
ENSMUSG00000105980	0
ENSMUSG00000105981	1
ENSMUSG00000105982	0
ENSMUSG00000105983	0
ENSMUSG00000105984	0
ENSMUSG00000105985	0
ENSMUSG00000105986	3
ENSMUSG00000105987	0
ENSMUSG00000105988	0
ENSMUSG00000105989	0
ENSMUSG00000105990	0
ENSMUSG00000105991	0
ENSMUSG00000105992	0
ENSMUSG00000105993	0
ENSMUSG00000105994	0
ENSMUSG00000105995	0
ENSMUSG00000105996	0
ENSMUSG00000105997	0
ENSMUSG00000105998	0
ENSMUSG00000105999	2
ENSMUSG00000106000	1
ENSMUSG00000106001	0
ENSMUSG00000106002	0
ENSMUSG00000106003	0
ENSMUSG00000106004	0
ENSMUSG00000106005	0
ENSMUSG00000106006	0
ENSMUSG00000106007	0
ENSMUSG00000106008	0
ENSMUSG00000106009	0
ENSMUSG00000106010	0
ENSMUSG00000106011	0
ENSMUSG00000106012	0
ENSMUSG00000106013	0
ENSMUSG00000106014	2
ENSMUSG00000106015	0
ENSMUSG00000106016	0
ENSMUSG00000106017	0
ENSMUSG00000106018	0
ENSMUSG00000106019	81
ENSMUSG00000106020	0
ENSMUSG00000106021	0
ENSMUSG00000106022	8
ENSMUSG00000106023	0
ENSMUSG00000106024	0
ENSMUSG00000106025	54
ENSMUSG00000106026	0
ENSMUSG00000106027	0
ENSMUSG00000106028	2
ENSMUSG00000106029	0
ENSMUSG00000106030	0
ENSMUSG00000106031	0
ENSMUSG00000106032	1
ENSMUSG00000106033	0
ENSMUSG00000106034	0
ENSMUSG00000106035	3
ENSMUSG00000106036	0
ENSMUSG00000106037	488
ENSMUSG00000106038	4
ENSMUSG00000106039	0
ENSMUSG00000106040	10
ENSMUSG00000106041	0
ENSMUSG00000106042	0
ENSMUSG00000106043	0
ENSMUSG00000106044	0
ENSMUSG00000106045	0
ENSMUSG00000106046	0
ENSMUSG00000106047	0
ENSMUSG00000106048	1
ENSMUSG00000106049	0
ENSMUSG00000106050	0
ENSMUSG00000106051	0
ENSMUSG00000106052	0
ENSMUSG00000106053	0
ENSMUSG00000106054	0
ENSMUSG00000106056	0
ENSMUSG00000106057	0
ENSMUSG00000106058	0
ENSMUSG00000106059	5
ENSMUSG00000106060	0
ENSMUSG00000106061	0
ENSMUSG00000106062	4
ENSMUSG00000106063	0
ENSMUSG00000106064	0
ENSMUSG00000106065	0
ENSMUSG00000106066	0
ENSMUSG00000106067	0
ENSMUSG00000106068	20
ENSMUSG00000106069	23
ENSMUSG00000106070	0
ENSMUSG00000106071	0
ENSMUSG00000106072	0
ENSMUSG00000106073	13
ENSMUSG00000106074	0
ENSMUSG00000106075	0
ENSMUSG00000106076	0
ENSMUSG00000106077	0
ENSMUSG00000106078	0
ENSMUSG00000106079	0
ENSMUSG00000106080	0
ENSMUSG00000106081	0
ENSMUSG00000106082	0
ENSMUSG00000106083	0
ENSMUSG00000106084	0
ENSMUSG00000106085	0
ENSMUSG00000106086	0
ENSMUSG00000106087	47
ENSMUSG00000106088	0
ENSMUSG00000106089	0
ENSMUSG00000106090	0
ENSMUSG00000106091	0
ENSMUSG00000106092	3
ENSMUSG00000106093	0
ENSMUSG00000106094	12
ENSMUSG00000106095	0
ENSMUSG00000106096	0
ENSMUSG00000106097	0
ENSMUSG00000106098	0
ENSMUSG00000106099	4
ENSMUSG00000106100	0
ENSMUSG00000106101	0
ENSMUSG00000106102	0
ENSMUSG00000106103	1
ENSMUSG00000106104	0
ENSMUSG00000106105	0
ENSMUSG00000106106	0
ENSMUSG00000106107	0
ENSMUSG00000106108	0
ENSMUSG00000106109	0
ENSMUSG00000106110	2
ENSMUSG00000106111	0
ENSMUSG00000106112	0
ENSMUSG00000106113	0
ENSMUSG00000106114	0
ENSMUSG00000106115	3
ENSMUSG00000106116	0
ENSMUSG00000106117	5
ENSMUSG00000106118	0
ENSMUSG00000106119	0
ENSMUSG00000106120	0
ENSMUSG00000106121	0
ENSMUSG00000106122	0
ENSMUSG00000106123	1
ENSMUSG00000106124	0
ENSMUSG00000106125	0
ENSMUSG00000106126	0
ENSMUSG00000106127	0
ENSMUSG00000106128	0
ENSMUSG00000106129	0
ENSMUSG00000106130	0
ENSMUSG00000106131	0
ENSMUSG00000106132	0
ENSMUSG00000106133	7
ENSMUSG00000106134	0
ENSMUSG00000106135	1
ENSMUSG00000106136	0
ENSMUSG00000106137	0
ENSMUSG00000106138	0
ENSMUSG00000106139	19
ENSMUSG00000106140	0
ENSMUSG00000106141	0
ENSMUSG00000106142	0
ENSMUSG00000106143	0
ENSMUSG00000106144	0
ENSMUSG00000106145	0
ENSMUSG00000106146	0
ENSMUSG00000106147	0
ENSMUSG00000106148	0
ENSMUSG00000106149	1
ENSMUSG00000106150	0
ENSMUSG00000106151	0
ENSMUSG00000106152	0
ENSMUSG00000106153	0
ENSMUSG00000106154	0
ENSMUSG00000106155	0
ENSMUSG00000106156	0
ENSMUSG00000106157	6
ENSMUSG00000106158	0
ENSMUSG00000106159	2
ENSMUSG00000106160	0
ENSMUSG00000106161	0
ENSMUSG00000106162	0
ENSMUSG00000106163	0
ENSMUSG00000106164	9
ENSMUSG00000106165	0
ENSMUSG00000106166	3
ENSMUSG00000106168	0
ENSMUSG00000106169	0
ENSMUSG00000106170	0
ENSMUSG00000106172	0
ENSMUSG00000106173	0
ENSMUSG00000106174	0
ENSMUSG00000106175	0
ENSMUSG00000106176	0
ENSMUSG00000106177	0
ENSMUSG00000106178	0
ENSMUSG00000106179	0
ENSMUSG00000106180	0
ENSMUSG00000106181	21
ENSMUSG00000106182	0
ENSMUSG00000106183	0
ENSMUSG00000106184	0
ENSMUSG00000106185	0
ENSMUSG00000106186	0
ENSMUSG00000106187	0
ENSMUSG00000106188	0
ENSMUSG00000106189	0
ENSMUSG00000106190	1
ENSMUSG00000106191	0
ENSMUSG00000106192	0
ENSMUSG00000106193	0
ENSMUSG00000106194	6
ENSMUSG00000106195	0
ENSMUSG00000106196	0
ENSMUSG00000106197	1
ENSMUSG00000106198	0
ENSMUSG00000106199	0
ENSMUSG00000106200	0
ENSMUSG00000106201	8
ENSMUSG00000106202	0
ENSMUSG00000106203	0
ENSMUSG00000106204	1
ENSMUSG00000106205	21
ENSMUSG00000106206	0
ENSMUSG00000106207	0
ENSMUSG00000106208	0
ENSMUSG00000106209	4
ENSMUSG00000106210	0
ENSMUSG00000106211	0
ENSMUSG00000106212	0
ENSMUSG00000106213	0
ENSMUSG00000106214	0
ENSMUSG00000106215	0
ENSMUSG00000106216	0
ENSMUSG00000106217	0
ENSMUSG00000106218	0
ENSMUSG00000106219	0
ENSMUSG00000106220	0
ENSMUSG00000106221	0
ENSMUSG00000106222	0
ENSMUSG00000106223	0
ENSMUSG00000106224	5
ENSMUSG00000106225	0
ENSMUSG00000106226	0
ENSMUSG00000106227	0
ENSMUSG00000106228	0
ENSMUSG00000106229	0
ENSMUSG00000106230	0
ENSMUSG00000106231	0
ENSMUSG00000106232	0
ENSMUSG00000106233	0
ENSMUSG00000106234	0
ENSMUSG00000106235	0
ENSMUSG00000106236	0
ENSMUSG00000106237	6
ENSMUSG00000106238	0
ENSMUSG00000106239	0
ENSMUSG00000106240	0
ENSMUSG00000106241	3
ENSMUSG00000106242	0
ENSMUSG00000106243	0
ENSMUSG00000106244	0
ENSMUSG00000106245	0
ENSMUSG00000106246	13
ENSMUSG00000106247	0
ENSMUSG00000106248	0
ENSMUSG00000106249	0
ENSMUSG00000106250	0
ENSMUSG00000106251	1
ENSMUSG00000106252	0
ENSMUSG00000106253	0
ENSMUSG00000106254	0
ENSMUSG00000106255	0
ENSMUSG00000106256	0
ENSMUSG00000106257	7
ENSMUSG00000106258	0
ENSMUSG00000106259	0
ENSMUSG00000106260	1
ENSMUSG00000106261	0
ENSMUSG00000106262	0
ENSMUSG00000106263	0
ENSMUSG00000106264	0
ENSMUSG00000106265	0
ENSMUSG00000106266	0
ENSMUSG00000106267	0
ENSMUSG00000106268	0
ENSMUSG00000106269	0
ENSMUSG00000106270	0
ENSMUSG00000106271	0
ENSMUSG00000106272	0
ENSMUSG00000106273	0
ENSMUSG00000106274	0
ENSMUSG00000106275	0
ENSMUSG00000106276	0
ENSMUSG00000106278	0
ENSMUSG00000106279	0
ENSMUSG00000106280	0
ENSMUSG00000106281	0
ENSMUSG00000106282	0
ENSMUSG00000106283	0
ENSMUSG00000106284	0
ENSMUSG00000106285	0
ENSMUSG00000106286	0
ENSMUSG00000106287	0
ENSMUSG00000106288	9
ENSMUSG00000106289	0
ENSMUSG00000106290	41
ENSMUSG00000106291	1
ENSMUSG00000106292	0
ENSMUSG00000106293	0
ENSMUSG00000106294	56
ENSMUSG00000106295	0
ENSMUSG00000106296	0
ENSMUSG00000106297	0
ENSMUSG00000106298	0
ENSMUSG00000106299	0
ENSMUSG00000106300	0
ENSMUSG00000106301	0
ENSMUSG00000106302	0
ENSMUSG00000106303	28
ENSMUSG00000106304	0
ENSMUSG00000106305	0
ENSMUSG00000106306	0
ENSMUSG00000106307	0
ENSMUSG00000106308	0
ENSMUSG00000106309	0
ENSMUSG00000106310	0
ENSMUSG00000106311	0
ENSMUSG00000106312	0
ENSMUSG00000106313	0
ENSMUSG00000106314	0
ENSMUSG00000106315	0
ENSMUSG00000106316	0
ENSMUSG00000106317	25
ENSMUSG00000106318	0
ENSMUSG00000106319	0
ENSMUSG00000106320	0
ENSMUSG00000106321	1
ENSMUSG00000106322	0
ENSMUSG00000106323	0
ENSMUSG00000106324	0
ENSMUSG00000106325	0
ENSMUSG00000106326	0
ENSMUSG00000106327	0
ENSMUSG00000106328	0
ENSMUSG00000106329	0
ENSMUSG00000106330	0
ENSMUSG00000106331	0
ENSMUSG00000106332	0
ENSMUSG00000106333	0
ENSMUSG00000106334	0
ENSMUSG00000106335	0
ENSMUSG00000106336	0
ENSMUSG00000106337	0
ENSMUSG00000106338	0
ENSMUSG00000106339	6
ENSMUSG00000106340	0
ENSMUSG00000106341	0
ENSMUSG00000106342	0
ENSMUSG00000106343	0
ENSMUSG00000106344	0
ENSMUSG00000106345	0
ENSMUSG00000106346	0
ENSMUSG00000106347	0
ENSMUSG00000106348	0
ENSMUSG00000106349	0
ENSMUSG00000106350	0
ENSMUSG00000106351	0
ENSMUSG00000106352	310
ENSMUSG00000106353	0
ENSMUSG00000106354	0
ENSMUSG00000106355	0
ENSMUSG00000106356	0
ENSMUSG00000106357	3
ENSMUSG00000106358	0
ENSMUSG00000106359	0
ENSMUSG00000106360	0
ENSMUSG00000106361	0
ENSMUSG00000106362	1
ENSMUSG00000106363	0
ENSMUSG00000106364	0
ENSMUSG00000106365	3
ENSMUSG00000106366	0
ENSMUSG00000106367	0
ENSMUSG00000106368	0
ENSMUSG00000106369	2
ENSMUSG00000106370	0
ENSMUSG00000106371	1
ENSMUSG00000106372	0
ENSMUSG00000106373	0
ENSMUSG00000106374	0
ENSMUSG00000106375	0
ENSMUSG00000106376	0
ENSMUSG00000106377	0
ENSMUSG00000106378	0
ENSMUSG00000106379	0
ENSMUSG00000106380	0
ENSMUSG00000106381	0
ENSMUSG00000106382	0
ENSMUSG00000106383	11
ENSMUSG00000106384	0
ENSMUSG00000106385	0
ENSMUSG00000106386	0
ENSMUSG00000106387	1
ENSMUSG00000106388	0
ENSMUSG00000106389	0
ENSMUSG00000106390	2
ENSMUSG00000106391	3
ENSMUSG00000106392	0
ENSMUSG00000106393	0
ENSMUSG00000106394	0
ENSMUSG00000106395	0
ENSMUSG00000106396	0
ENSMUSG00000106397	12
ENSMUSG00000106398	0
ENSMUSG00000106399	0
ENSMUSG00000106400	0
ENSMUSG00000106401	0
ENSMUSG00000106402	0
ENSMUSG00000106403	0
ENSMUSG00000106404	0
ENSMUSG00000106405	0
ENSMUSG00000106406	0
ENSMUSG00000106407	0
ENSMUSG00000106408	0
ENSMUSG00000106409	0
ENSMUSG00000106410	0
ENSMUSG00000106411	0
ENSMUSG00000106412	0
ENSMUSG00000106413	0
ENSMUSG00000106414	0
ENSMUSG00000106415	0
ENSMUSG00000106416	0
ENSMUSG00000106417	0
ENSMUSG00000106418	0
ENSMUSG00000106419	0
ENSMUSG00000106420	0
ENSMUSG00000106421	0
ENSMUSG00000106422	0
ENSMUSG00000106423	0
ENSMUSG00000106424	0
ENSMUSG00000106425	0
ENSMUSG00000106426	0
ENSMUSG00000106427	5
ENSMUSG00000106428	0
ENSMUSG00000106429	0
ENSMUSG00000106430	5
ENSMUSG00000106431	0
ENSMUSG00000106432	0
ENSMUSG00000106433	0
ENSMUSG00000106434	0
ENSMUSG00000106435	0
ENSMUSG00000106436	0
ENSMUSG00000106437	0
ENSMUSG00000106438	0
ENSMUSG00000106439	0
ENSMUSG00000106440	0
ENSMUSG00000106441	0
ENSMUSG00000106442	0
ENSMUSG00000106443	0
ENSMUSG00000106444	0
ENSMUSG00000106445	0
ENSMUSG00000106446	0
ENSMUSG00000106447	1
ENSMUSG00000106448	0
ENSMUSG00000106450	0
ENSMUSG00000106451	0
ENSMUSG00000106452	0
ENSMUSG00000106453	0
ENSMUSG00000106454	0
ENSMUSG00000106455	0
ENSMUSG00000106456	0
ENSMUSG00000106457	0
ENSMUSG00000106458	1
ENSMUSG00000106459	0
ENSMUSG00000106460	0
ENSMUSG00000106461	0
ENSMUSG00000106462	0
ENSMUSG00000106463	0
ENSMUSG00000106464	0
ENSMUSG00000106465	0
ENSMUSG00000106466	0
ENSMUSG00000106467	0
ENSMUSG00000106468	0
ENSMUSG00000106469	0
ENSMUSG00000106470	0
ENSMUSG00000106471	0
ENSMUSG00000106472	0
ENSMUSG00000106473	0
ENSMUSG00000106474	0
ENSMUSG00000106475	0
ENSMUSG00000106476	0
ENSMUSG00000106477	0
ENSMUSG00000106478	0
ENSMUSG00000106479	0
ENSMUSG00000106480	0
ENSMUSG00000106481	0
ENSMUSG00000106482	0
ENSMUSG00000106483	0
ENSMUSG00000106484	0
ENSMUSG00000106485	0
ENSMUSG00000106486	0
ENSMUSG00000106487	0
ENSMUSG00000106488	0
ENSMUSG00000106489	0
ENSMUSG00000106490	0
ENSMUSG00000106491	0
ENSMUSG00000106492	0
ENSMUSG00000106493	0
ENSMUSG00000106494	0
ENSMUSG00000106495	0
ENSMUSG00000106496	12
ENSMUSG00000106497	0
ENSMUSG00000106498	0
ENSMUSG00000106499	1
ENSMUSG00000106500	0
ENSMUSG00000106501	0
ENSMUSG00000106502	0
ENSMUSG00000106503	0
ENSMUSG00000106504	0
ENSMUSG00000106505	0
ENSMUSG00000106506	0
ENSMUSG00000106507	0
ENSMUSG00000106508	0
ENSMUSG00000106509	0
ENSMUSG00000106510	0
ENSMUSG00000106511	0
ENSMUSG00000106512	0
ENSMUSG00000106513	0
ENSMUSG00000106514	0
ENSMUSG00000106515	0
ENSMUSG00000106516	0
ENSMUSG00000106517	0
ENSMUSG00000106518	0
ENSMUSG00000106519	0
ENSMUSG00000106520	0
ENSMUSG00000106521	0
ENSMUSG00000106522	0
ENSMUSG00000106523	0
ENSMUSG00000106524	0
ENSMUSG00000106525	0
ENSMUSG00000106526	92
ENSMUSG00000106527	0
ENSMUSG00000106528	0
ENSMUSG00000106529	0
ENSMUSG00000106530	1
ENSMUSG00000106531	0
ENSMUSG00000106532	0
ENSMUSG00000106533	0
ENSMUSG00000106534	0
ENSMUSG00000106535	5
ENSMUSG00000106536	0
ENSMUSG00000106537	0
ENSMUSG00000106538	0
ENSMUSG00000106539	0
ENSMUSG00000106540	0
ENSMUSG00000106541	0
ENSMUSG00000106542	1
ENSMUSG00000106543	0
ENSMUSG00000106544	0
ENSMUSG00000106545	0
ENSMUSG00000106546	0
ENSMUSG00000106547	3
ENSMUSG00000106548	0
ENSMUSG00000106549	0
ENSMUSG00000106550	1
ENSMUSG00000106551	8
ENSMUSG00000106552	0
ENSMUSG00000106553	2
ENSMUSG00000106554	0
ENSMUSG00000106555	0
ENSMUSG00000106556	0
ENSMUSG00000106557	0
ENSMUSG00000106558	3
ENSMUSG00000106559	0
ENSMUSG00000106560	2
ENSMUSG00000106561	5
ENSMUSG00000106562	0
ENSMUSG00000106563	0
ENSMUSG00000106564	0
ENSMUSG00000106565	3
ENSMUSG00000106566	0
ENSMUSG00000106567	1
ENSMUSG00000106568	4
ENSMUSG00000106569	0
ENSMUSG00000106570	0
ENSMUSG00000106571	0
ENSMUSG00000106572	2
ENSMUSG00000106573	0
ENSMUSG00000106574	0
ENSMUSG00000106575	0
ENSMUSG00000106576	1
ENSMUSG00000106577	0
ENSMUSG00000106578	0
ENSMUSG00000106579	0
ENSMUSG00000106580	0
ENSMUSG00000106581	0
ENSMUSG00000106582	0
ENSMUSG00000106583	0
ENSMUSG00000106584	0
ENSMUSG00000106585	0
ENSMUSG00000106586	0
ENSMUSG00000106587	0
ENSMUSG00000106588	0
ENSMUSG00000106589	0
ENSMUSG00000106590	22
ENSMUSG00000106591	0
ENSMUSG00000106592	0
ENSMUSG00000106593	0
ENSMUSG00000106594	0
ENSMUSG00000106595	0
ENSMUSG00000106596	0
ENSMUSG00000106597	0
ENSMUSG00000106598	0
ENSMUSG00000106599	0
ENSMUSG00000106600	0
ENSMUSG00000106601	0
ENSMUSG00000106602	0
ENSMUSG00000106603	1
ENSMUSG00000106604	0
ENSMUSG00000106605	0
ENSMUSG00000106606	0
ENSMUSG00000106607	3
ENSMUSG00000106608	0
ENSMUSG00000106609	0
ENSMUSG00000106610	0
ENSMUSG00000106611	0
ENSMUSG00000106612	0
ENSMUSG00000106613	0
ENSMUSG00000106614	0
ENSMUSG00000106615	0
ENSMUSG00000106616	0
ENSMUSG00000106617	36
ENSMUSG00000106618	0
ENSMUSG00000106619	3
ENSMUSG00000106620	0
ENSMUSG00000106621	1
ENSMUSG00000106622	0
ENSMUSG00000106623	0
ENSMUSG00000106624	0
ENSMUSG00000106625	0
ENSMUSG00000106626	0
ENSMUSG00000106627	0
ENSMUSG00000106628	0
ENSMUSG00000106629	0
ENSMUSG00000106630	0
ENSMUSG00000106631	0
ENSMUSG00000106632	0
ENSMUSG00000106633	0
ENSMUSG00000106634	0
ENSMUSG00000106635	1
ENSMUSG00000106636	0
ENSMUSG00000106637	0
ENSMUSG00000106639	0
ENSMUSG00000106640	0
ENSMUSG00000106641	0
ENSMUSG00000106642	0
ENSMUSG00000106643	1
ENSMUSG00000106644	0
ENSMUSG00000106645	0
ENSMUSG00000106646	0
ENSMUSG00000106647	0
ENSMUSG00000106648	0
ENSMUSG00000106649	0
ENSMUSG00000106650	0
ENSMUSG00000106651	0
ENSMUSG00000106652	0
ENSMUSG00000106653	0
ENSMUSG00000106654	0
ENSMUSG00000106655	0
ENSMUSG00000106656	0
ENSMUSG00000106657	0
ENSMUSG00000106658	0
ENSMUSG00000106659	0
ENSMUSG00000106660	0
ENSMUSG00000106661	0
ENSMUSG00000106662	8
ENSMUSG00000106663	0
ENSMUSG00000106664	63
ENSMUSG00000106665	0
ENSMUSG00000106666	22
ENSMUSG00000106667	1
ENSMUSG00000106668	0
ENSMUSG00000106669	0
ENSMUSG00000106670	0
ENSMUSG00000106671	0
ENSMUSG00000106673	0
ENSMUSG00000106674	0
ENSMUSG00000106675	0
ENSMUSG00000106676	1
ENSMUSG00000106677	0
ENSMUSG00000106678	3
ENSMUSG00000106679	0
ENSMUSG00000106680	7
ENSMUSG00000106681	0
ENSMUSG00000106682	1
ENSMUSG00000106683	0
ENSMUSG00000106688	1
ENSMUSG00000106689	0
ENSMUSG00000106690	0
ENSMUSG00000106691	0
ENSMUSG00000106692	0
ENSMUSG00000106694	0
ENSMUSG00000106696	0
ENSMUSG00000106698	0
ENSMUSG00000106699	0
ENSMUSG00000106701	0
ENSMUSG00000106702	0
ENSMUSG00000106703	0
ENSMUSG00000106704	0
ENSMUSG00000106705	90
ENSMUSG00000106706	3
ENSMUSG00000106707	0
ENSMUSG00000106708	0
ENSMUSG00000106709	4
ENSMUSG00000106710	0
ENSMUSG00000106712	0
ENSMUSG00000106713	0
ENSMUSG00000106714	0
ENSMUSG00000106715	0
ENSMUSG00000106717	1
ENSMUSG00000106718	0
ENSMUSG00000106719	0
ENSMUSG00000106720	2
ENSMUSG00000106721	0
ENSMUSG00000106725	0
ENSMUSG00000106726	0
ENSMUSG00000106729	0
ENSMUSG00000106730	0
ENSMUSG00000106732	1
ENSMUSG00000106733	0
ENSMUSG00000106734	47
ENSMUSG00000106735	0
ENSMUSG00000106736	0
ENSMUSG00000106737	0
ENSMUSG00000106738	0
ENSMUSG00000106739	0
ENSMUSG00000106740	0
ENSMUSG00000106741	0
ENSMUSG00000106742	1
ENSMUSG00000106743	0
ENSMUSG00000106745	0
ENSMUSG00000106746	0
ENSMUSG00000106747	0
ENSMUSG00000106749	0
ENSMUSG00000106750	0
ENSMUSG00000106751	0
ENSMUSG00000106752	0
ENSMUSG00000106753	0
ENSMUSG00000106754	2
ENSMUSG00000106755	403
ENSMUSG00000106756	0
ENSMUSG00000106757	0
ENSMUSG00000106758	0
ENSMUSG00000106759	0
ENSMUSG00000106760	0
ENSMUSG00000106762	0
ENSMUSG00000106763	0
ENSMUSG00000106764	0
ENSMUSG00000106766	0
ENSMUSG00000106767	1
ENSMUSG00000106768	0
ENSMUSG00000106771	0
ENSMUSG00000106772	0
ENSMUSG00000106773	0
ENSMUSG00000106775	0
ENSMUSG00000106776	0
ENSMUSG00000106777	0
ENSMUSG00000106779	0
ENSMUSG00000106780	0
ENSMUSG00000106783	0
ENSMUSG00000106784	0
ENSMUSG00000106785	0
ENSMUSG00000106786	0
ENSMUSG00000106788	48
ENSMUSG00000106791	0
ENSMUSG00000106794	0
ENSMUSG00000106795	0
ENSMUSG00000106797	0
ENSMUSG00000106798	0
ENSMUSG00000106799	0
ENSMUSG00000106800	0
ENSMUSG00000106801	0
ENSMUSG00000106802	0
ENSMUSG00000106803	44
ENSMUSG00000106805	0
ENSMUSG00000106806	0
ENSMUSG00000106807	0
ENSMUSG00000106808	0
ENSMUSG00000106810	0
ENSMUSG00000106812	0
ENSMUSG00000106813	0
ENSMUSG00000106814	0
ENSMUSG00000106815	0
ENSMUSG00000106817	0
ENSMUSG00000106818	0
ENSMUSG00000106819	0
ENSMUSG00000106820	5
ENSMUSG00000106821	0
ENSMUSG00000106822	0
ENSMUSG00000106824	0
ENSMUSG00000106825	18
ENSMUSG00000106826	0
ENSMUSG00000106827	1
ENSMUSG00000106828	0
ENSMUSG00000106829	0
ENSMUSG00000106831	4
ENSMUSG00000106832	0
ENSMUSG00000106833	0
ENSMUSG00000106834	0
ENSMUSG00000106835	0
ENSMUSG00000106836	9
ENSMUSG00000106837	0
ENSMUSG00000106838	64
ENSMUSG00000106839	0
ENSMUSG00000106840	0
ENSMUSG00000106841	0
ENSMUSG00000106843	0
ENSMUSG00000106845	0
ENSMUSG00000106846	8
ENSMUSG00000106847	169
ENSMUSG00000106849	0
ENSMUSG00000106851	0
ENSMUSG00000106853	1
ENSMUSG00000106854	0
ENSMUSG00000106855	0
ENSMUSG00000106856	0
ENSMUSG00000106858	0
ENSMUSG00000106859	0
ENSMUSG00000106860	0
ENSMUSG00000106862	0
ENSMUSG00000106863	0
ENSMUSG00000106864	1355
ENSMUSG00000106865	0
ENSMUSG00000106866	0
ENSMUSG00000106867	2
ENSMUSG00000106868	1
ENSMUSG00000106869	0
ENSMUSG00000106870	5
ENSMUSG00000106871	3
ENSMUSG00000106872	2
ENSMUSG00000106873	0
ENSMUSG00000106874	2
ENSMUSG00000106875	0
ENSMUSG00000106876	0
ENSMUSG00000106878	11
ENSMUSG00000106879	0
ENSMUSG00000106880	0
ENSMUSG00000106883	0
ENSMUSG00000106884	2
ENSMUSG00000106885	9
ENSMUSG00000106887	0
ENSMUSG00000106888	0
ENSMUSG00000106889	178
ENSMUSG00000106891	0
ENSMUSG00000106892	0
ENSMUSG00000106893	0
ENSMUSG00000106894	0
ENSMUSG00000106895	0
ENSMUSG00000106896	0
ENSMUSG00000106897	0
ENSMUSG00000106898	0
ENSMUSG00000106899	0
ENSMUSG00000106900	2
ENSMUSG00000106902	0
ENSMUSG00000106904	1
ENSMUSG00000106905	0
ENSMUSG00000106906	0
ENSMUSG00000106909	0
ENSMUSG00000106910	0
ENSMUSG00000106912	0
ENSMUSG00000106913	0
ENSMUSG00000106914	0
ENSMUSG00000106915	0
ENSMUSG00000106916	0
ENSMUSG00000106917	24
ENSMUSG00000106918	775
ENSMUSG00000106924	0
ENSMUSG00000106925	1
ENSMUSG00000106926	0
ENSMUSG00000106927	4
ENSMUSG00000106928	18
ENSMUSG00000106930	0
ENSMUSG00000106932	0
ENSMUSG00000106933	0
ENSMUSG00000106934	0
ENSMUSG00000106935	0
ENSMUSG00000106936	0
ENSMUSG00000106938	0
ENSMUSG00000106939	0
ENSMUSG00000106940	0
ENSMUSG00000106943	15
ENSMUSG00000106944	0
ENSMUSG00000106945	0
ENSMUSG00000106946	2
ENSMUSG00000106947	1
ENSMUSG00000106948	0
ENSMUSG00000106950	0
ENSMUSG00000106951	41
ENSMUSG00000106954	0
ENSMUSG00000106955	0
ENSMUSG00000106956	0
ENSMUSG00000106957	0
ENSMUSG00000106958	0
ENSMUSG00000106959	0
ENSMUSG00000106960	0
ENSMUSG00000106961	0
ENSMUSG00000106962	0
ENSMUSG00000106963	3
ENSMUSG00000106965	0
ENSMUSG00000106967	0
ENSMUSG00000106968	0
ENSMUSG00000106969	0
ENSMUSG00000106970	0
ENSMUSG00000106971	0
ENSMUSG00000106973	0
ENSMUSG00000106974	0
ENSMUSG00000106975	0
ENSMUSG00000106976	0
ENSMUSG00000106978	2
ENSMUSG00000106980	3
ENSMUSG00000106981	36
ENSMUSG00000106982	0
ENSMUSG00000106985	0
ENSMUSG00000106986	0
ENSMUSG00000106987	0
ENSMUSG00000106988	10
ENSMUSG00000106989	0
ENSMUSG00000106990	75
ENSMUSG00000106991	0
ENSMUSG00000106992	0
ENSMUSG00000106993	0
ENSMUSG00000106994	0
ENSMUSG00000106995	0
ENSMUSG00000106996	0
ENSMUSG00000106999	0
ENSMUSG00000107000	18
ENSMUSG00000107002	874
ENSMUSG00000107004	0
ENSMUSG00000107005	2
ENSMUSG00000107006	10
ENSMUSG00000107008	0
ENSMUSG00000107009	0
ENSMUSG00000107010	0
ENSMUSG00000107011	0
ENSMUSG00000107012	0
ENSMUSG00000107013	0
ENSMUSG00000107014	0
ENSMUSG00000107015	4
ENSMUSG00000107016	0
ENSMUSG00000107017	0
ENSMUSG00000107018	0
ENSMUSG00000107019	3
ENSMUSG00000107020	0
ENSMUSG00000107021	0
ENSMUSG00000107022	0
ENSMUSG00000107023	83
ENSMUSG00000107026	0
ENSMUSG00000107027	0
ENSMUSG00000107028	0
ENSMUSG00000107029	0
ENSMUSG00000107030	0
ENSMUSG00000107031	0
ENSMUSG00000107032	0
ENSMUSG00000107033	0
ENSMUSG00000107034	0
ENSMUSG00000107035	0
ENSMUSG00000107036	0
ENSMUSG00000107037	0
ENSMUSG00000107040	0
ENSMUSG00000107041	1
ENSMUSG00000107042	0
ENSMUSG00000107043	1
ENSMUSG00000107044	0
ENSMUSG00000107045	0
ENSMUSG00000107046	0
ENSMUSG00000107047	0
ENSMUSG00000107048	0
ENSMUSG00000107049	0
ENSMUSG00000107050	1
ENSMUSG00000107053	0
ENSMUSG00000107054	0
ENSMUSG00000107056	0
ENSMUSG00000107058	0
ENSMUSG00000107059	0
ENSMUSG00000107060	0
ENSMUSG00000107061	0
ENSMUSG00000107062	0
ENSMUSG00000107063	0
ENSMUSG00000107064	0
ENSMUSG00000107065	0
ENSMUSG00000107066	48
ENSMUSG00000107067	0
ENSMUSG00000107068	0
ENSMUSG00000107069	0
ENSMUSG00000107070	0
ENSMUSG00000107071	0
ENSMUSG00000107072	0
ENSMUSG00000107073	0
ENSMUSG00000107074	0
ENSMUSG00000107075	0
ENSMUSG00000107076	0
ENSMUSG00000107078	0
ENSMUSG00000107079	0
ENSMUSG00000107081	0
ENSMUSG00000107082	0
ENSMUSG00000107083	1
ENSMUSG00000107084	0
ENSMUSG00000107085	0
ENSMUSG00000107086	4
ENSMUSG00000107087	0
ENSMUSG00000107089	0
ENSMUSG00000107090	0
ENSMUSG00000107091	0
ENSMUSG00000107092	0
ENSMUSG00000107093	0
ENSMUSG00000107094	0
ENSMUSG00000107096	91
ENSMUSG00000107097	0
ENSMUSG00000107098	0
ENSMUSG00000107100	0
ENSMUSG00000107102	0
ENSMUSG00000107103	0
ENSMUSG00000107105	0
ENSMUSG00000107106	0
ENSMUSG00000107108	0
ENSMUSG00000107109	0
ENSMUSG00000107110	0
ENSMUSG00000107111	0
ENSMUSG00000107112	0
ENSMUSG00000107113	0
ENSMUSG00000107114	0
ENSMUSG00000107115	0
ENSMUSG00000107116	1
ENSMUSG00000107117	0
ENSMUSG00000107118	4
ENSMUSG00000107120	2
ENSMUSG00000107121	16
ENSMUSG00000107122	0
ENSMUSG00000107123	0
ENSMUSG00000107125	0
ENSMUSG00000107126	0
ENSMUSG00000107127	0
ENSMUSG00000107128	0
ENSMUSG00000107129	0
ENSMUSG00000107130	0
ENSMUSG00000107131	0
ENSMUSG00000107132	0
ENSMUSG00000107133	0
ENSMUSG00000107134	2
ENSMUSG00000107135	0
ENSMUSG00000107136	0
ENSMUSG00000107139	0
ENSMUSG00000107140	0
ENSMUSG00000107141	0
ENSMUSG00000107142	0
ENSMUSG00000107143	25
ENSMUSG00000107144	0
ENSMUSG00000107145	4
ENSMUSG00000107148	0
ENSMUSG00000107149	0
ENSMUSG00000107151	0
ENSMUSG00000107152	0
ENSMUSG00000107153	0
ENSMUSG00000107154	0
ENSMUSG00000107155	2
ENSMUSG00000107157	0
ENSMUSG00000107158	0
ENSMUSG00000107159	0
ENSMUSG00000107160	0
ENSMUSG00000107161	0
ENSMUSG00000107162	0
ENSMUSG00000107163	0
ENSMUSG00000107164	0
ENSMUSG00000107165	0
ENSMUSG00000107167	1
ENSMUSG00000107168	0
ENSMUSG00000107169	0
ENSMUSG00000107171	4
ENSMUSG00000107172	0
ENSMUSG00000107173	2
ENSMUSG00000107176	1914
ENSMUSG00000107177	0
ENSMUSG00000107178	0
ENSMUSG00000107179	0
ENSMUSG00000107180	0
ENSMUSG00000107181	0
ENSMUSG00000107182	10
ENSMUSG00000107183	0
ENSMUSG00000107184	0
ENSMUSG00000107185	0
ENSMUSG00000107187	0
ENSMUSG00000107189	0
ENSMUSG00000107191	0
ENSMUSG00000107192	0
ENSMUSG00000107193	2
ENSMUSG00000107194	0
ENSMUSG00000107195	2
ENSMUSG00000107197	1
ENSMUSG00000107198	91
ENSMUSG00000107199	0
ENSMUSG00000107200	12
ENSMUSG00000107201	15
ENSMUSG00000107203	1
ENSMUSG00000107204	0
ENSMUSG00000107205	1
ENSMUSG00000107206	0
ENSMUSG00000107207	0
ENSMUSG00000107208	0
ENSMUSG00000107209	0
ENSMUSG00000107211	8
ENSMUSG00000107212	0
ENSMUSG00000107213	0
ENSMUSG00000107214	0
ENSMUSG00000107215	2
ENSMUSG00000107216	3
ENSMUSG00000107217	0
ENSMUSG00000107218	0
ENSMUSG00000107219	0
ENSMUSG00000107220	0
ENSMUSG00000107222	0
ENSMUSG00000107223	0
ENSMUSG00000107225	7
ENSMUSG00000107226	0
ENSMUSG00000107227	6
ENSMUSG00000107230	2
ENSMUSG00000107232	0
ENSMUSG00000107233	0
ENSMUSG00000107234	0
ENSMUSG00000107237	0
ENSMUSG00000107238	0
ENSMUSG00000107240	0
ENSMUSG00000107241	0
ENSMUSG00000107243	0
ENSMUSG00000107244	0
ENSMUSG00000107245	0
ENSMUSG00000107246	0
ENSMUSG00000107247	0
ENSMUSG00000107248	0
ENSMUSG00000107251	3
ENSMUSG00000107252	1
ENSMUSG00000107253	0
ENSMUSG00000107254	0
ENSMUSG00000107255	0
ENSMUSG00000107256	0
ENSMUSG00000107257	0
ENSMUSG00000107258	0
ENSMUSG00000107259	7
ENSMUSG00000107261	0
ENSMUSG00000107262	0
ENSMUSG00000107263	0
ENSMUSG00000107265	0
ENSMUSG00000107266	1
ENSMUSG00000107270	0
ENSMUSG00000107271	0
ENSMUSG00000107272	1
ENSMUSG00000107276	0
ENSMUSG00000107277	35
ENSMUSG00000107278	6
ENSMUSG00000107279	0
ENSMUSG00000107280	0
ENSMUSG00000107282	0
ENSMUSG00000107283	450
ENSMUSG00000107284	0
ENSMUSG00000107285	0
ENSMUSG00000107286	0
ENSMUSG00000107287	0
ENSMUSG00000107288	2
ENSMUSG00000107289	0
ENSMUSG00000107290	0
ENSMUSG00000107291	0
ENSMUSG00000107292	0
ENSMUSG00000107295	0
ENSMUSG00000107296	0
ENSMUSG00000107299	0
ENSMUSG00000107300	0
ENSMUSG00000107301	0
ENSMUSG00000107303	0
ENSMUSG00000107304	19
ENSMUSG00000107305	0
ENSMUSG00000107306	5
ENSMUSG00000107307	0
ENSMUSG00000107308	0
ENSMUSG00000107309	0
ENSMUSG00000107310	2
ENSMUSG00000107312	0
ENSMUSG00000107313	0
ENSMUSG00000107314	0
ENSMUSG00000107315	0
ENSMUSG00000107316	0
ENSMUSG00000107317	0
ENSMUSG00000107318	0
ENSMUSG00000107319	14
ENSMUSG00000107320	0
ENSMUSG00000107322	0
ENSMUSG00000107325	0
ENSMUSG00000107326	0
ENSMUSG00000107327	1
ENSMUSG00000107331	48
ENSMUSG00000107333	0
ENSMUSG00000107334	0
ENSMUSG00000107335	1
ENSMUSG00000107336	0
ENSMUSG00000107337	0
ENSMUSG00000107340	0
ENSMUSG00000107341	0
ENSMUSG00000107344	0
ENSMUSG00000107346	0
ENSMUSG00000107348	0
ENSMUSG00000107349	3
ENSMUSG00000107350	0
ENSMUSG00000107351	0
ENSMUSG00000107352	0
ENSMUSG00000107353	0
ENSMUSG00000107354	0
ENSMUSG00000107355	0
ENSMUSG00000107356	0
ENSMUSG00000107357	0
ENSMUSG00000107358	3
ENSMUSG00000107359	0
ENSMUSG00000107360	0
ENSMUSG00000107362	3
ENSMUSG00000107363	0
ENSMUSG00000107364	0
ENSMUSG00000107365	0
ENSMUSG00000107368	1
ENSMUSG00000107369	3467
ENSMUSG00000107370	0
ENSMUSG00000107371	0
ENSMUSG00000107373	0
ENSMUSG00000107374	4
ENSMUSG00000107375	0
ENSMUSG00000107376	0
ENSMUSG00000107377	0
ENSMUSG00000107378	0
ENSMUSG00000107379	0
ENSMUSG00000107380	0
ENSMUSG00000107383	52
ENSMUSG00000107384	0
ENSMUSG00000107385	0
ENSMUSG00000107386	0
ENSMUSG00000107387	0
ENSMUSG00000107388	0
ENSMUSG00000107389	0
ENSMUSG00000107390	2
ENSMUSG00000107392	0
ENSMUSG00000107394	0
ENSMUSG00000107395	1
ENSMUSG00000107396	0
ENSMUSG00000107397	0
ENSMUSG00000107398	0
ENSMUSG00000107399	0
ENSMUSG00000107400	0
ENSMUSG00000107401	0
ENSMUSG00000107402	4
ENSMUSG00000107403	0
ENSMUSG00000107404	0
ENSMUSG00000107405	0
ENSMUSG00000107406	0
ENSMUSG00000107407	0
ENSMUSG00000107408	0
ENSMUSG00000107409	0
ENSMUSG00000107410	0
ENSMUSG00000107411	2
ENSMUSG00000107412	1
ENSMUSG00000107413	0
ENSMUSG00000107414	0
ENSMUSG00000107415	0
ENSMUSG00000107416	0
ENSMUSG00000107417	0
ENSMUSG00000107418	0
ENSMUSG00000107419	0
ENSMUSG00000107420	0
ENSMUSG00000107421	0
ENSMUSG00000107422	0
ENSMUSG00000107423	0
ENSMUSG00000107424	0
ENSMUSG00000107425	0
ENSMUSG00000107427	0
ENSMUSG00000107428	1
ENSMUSG00000107429	2
ENSMUSG00000107430	0
ENSMUSG00000107431	0
ENSMUSG00000107432	0
ENSMUSG00000107433	0
ENSMUSG00000107434	0
ENSMUSG00000107435	0
ENSMUSG00000107436	0
ENSMUSG00000107438	0
ENSMUSG00000107439	0
ENSMUSG00000107440	0
ENSMUSG00000107441	0
ENSMUSG00000107442	0
ENSMUSG00000107443	0
ENSMUSG00000107445	0
ENSMUSG00000107446	0
ENSMUSG00000107447	0
ENSMUSG00000107448	0
ENSMUSG00000107449	0
ENSMUSG00000107450	0
ENSMUSG00000107451	164
ENSMUSG00000107452	0
ENSMUSG00000107453	0
ENSMUSG00000107454	0
ENSMUSG00000107455	0
ENSMUSG00000107456	0
ENSMUSG00000107457	0
ENSMUSG00000107458	6
ENSMUSG00000107459	0
ENSMUSG00000107460	2
ENSMUSG00000107461	3
ENSMUSG00000107462	0
ENSMUSG00000107463	0
ENSMUSG00000107464	0
ENSMUSG00000107465	6
ENSMUSG00000107466	0
ENSMUSG00000107467	0
ENSMUSG00000107468	0
ENSMUSG00000107469	0
ENSMUSG00000107470	60
ENSMUSG00000107471	0
ENSMUSG00000107472	0
ENSMUSG00000107473	0
ENSMUSG00000107474	0
ENSMUSG00000107475	0
ENSMUSG00000107476	208
ENSMUSG00000107477	1
ENSMUSG00000107478	0
ENSMUSG00000107479	0
ENSMUSG00000107480	0
ENSMUSG00000107481	17
ENSMUSG00000107482	0
ENSMUSG00000107483	0
ENSMUSG00000107484	8
ENSMUSG00000107486	0
ENSMUSG00000107487	0
ENSMUSG00000107488	0
ENSMUSG00000107489	0
ENSMUSG00000107490	0
ENSMUSG00000107491	0
ENSMUSG00000107492	0
ENSMUSG00000107493	0
ENSMUSG00000107494	0
ENSMUSG00000107495	0
ENSMUSG00000107496	0
ENSMUSG00000107497	2
ENSMUSG00000107498	0
ENSMUSG00000107499	0
ENSMUSG00000107500	0
ENSMUSG00000107501	4
ENSMUSG00000107502	1
ENSMUSG00000107503	1
ENSMUSG00000107504	0
ENSMUSG00000107505	0
ENSMUSG00000107506	0
ENSMUSG00000107508	0
ENSMUSG00000107509	0
ENSMUSG00000107510	0
ENSMUSG00000107511	0
ENSMUSG00000107512	0
ENSMUSG00000107513	0
ENSMUSG00000107514	0
ENSMUSG00000107515	0
ENSMUSG00000107516	28
ENSMUSG00000107517	0
ENSMUSG00000107518	0
ENSMUSG00000107519	0
ENSMUSG00000107520	0
ENSMUSG00000107521	0
ENSMUSG00000107522	0
ENSMUSG00000107523	0
ENSMUSG00000107524	0
ENSMUSG00000107525	0
ENSMUSG00000107526	0
ENSMUSG00000107527	0
ENSMUSG00000107528	0
ENSMUSG00000107529	2
ENSMUSG00000107530	0
ENSMUSG00000107531	1
ENSMUSG00000107532	0
ENSMUSG00000107533	0
ENSMUSG00000107534	0
ENSMUSG00000107535	0
ENSMUSG00000107536	0
ENSMUSG00000107538	0
ENSMUSG00000107539	0
ENSMUSG00000107540	0
ENSMUSG00000107541	0
ENSMUSG00000107542	0
ENSMUSG00000107543	0
ENSMUSG00000107544	0
ENSMUSG00000107545	0
ENSMUSG00000107546	0
ENSMUSG00000107548	0
ENSMUSG00000107549	2
ENSMUSG00000107550	0
ENSMUSG00000107551	0
ENSMUSG00000107552	63
ENSMUSG00000107553	0
ENSMUSG00000107555	0
ENSMUSG00000107556	0
ENSMUSG00000107557	0
ENSMUSG00000107558	0
ENSMUSG00000107559	0
ENSMUSG00000107560	0
ENSMUSG00000107561	0
ENSMUSG00000107562	0
ENSMUSG00000107563	0
ENSMUSG00000107564	0
ENSMUSG00000107565	0
ENSMUSG00000107566	0
ENSMUSG00000107567	1
ENSMUSG00000107568	0
ENSMUSG00000107569	0
ENSMUSG00000107570	0
ENSMUSG00000107571	0
ENSMUSG00000107572	0
ENSMUSG00000107573	0
ENSMUSG00000107574	0
ENSMUSG00000107575	0
ENSMUSG00000107576	1
ENSMUSG00000107577	0
ENSMUSG00000107578	0
ENSMUSG00000107579	0
ENSMUSG00000107580	0
ENSMUSG00000107581	0
ENSMUSG00000107582	0
ENSMUSG00000107583	0
ENSMUSG00000107584	0
ENSMUSG00000107585	0
ENSMUSG00000107586	0
ENSMUSG00000107587	0
ENSMUSG00000107588	0
ENSMUSG00000107590	0
ENSMUSG00000107591	1
ENSMUSG00000107592	0
ENSMUSG00000107593	0
ENSMUSG00000107594	0
ENSMUSG00000107595	0
ENSMUSG00000107596	14
ENSMUSG00000107597	0
ENSMUSG00000107598	0
ENSMUSG00000107599	0
ENSMUSG00000107600	0
ENSMUSG00000107601	0
ENSMUSG00000107602	0
ENSMUSG00000107603	0
ENSMUSG00000107604	0
ENSMUSG00000107605	45
ENSMUSG00000107606	0
ENSMUSG00000107608	1
ENSMUSG00000107609	0
ENSMUSG00000107610	15
ENSMUSG00000107611	0
ENSMUSG00000107612	1
ENSMUSG00000107613	0
ENSMUSG00000107614	0
ENSMUSG00000107615	0
ENSMUSG00000107616	0
ENSMUSG00000107618	7
ENSMUSG00000107619	0
ENSMUSG00000107620	0
ENSMUSG00000107622	0
ENSMUSG00000107623	0
ENSMUSG00000107624	1
ENSMUSG00000107625	0
ENSMUSG00000107626	0
ENSMUSG00000107627	0
ENSMUSG00000107628	0
ENSMUSG00000107629	0
ENSMUSG00000107630	0
ENSMUSG00000107631	0
ENSMUSG00000107632	0
ENSMUSG00000107633	0
ENSMUSG00000107634	0
ENSMUSG00000107635	0
ENSMUSG00000107637	0
ENSMUSG00000107638	0
ENSMUSG00000107639	12
ENSMUSG00000107640	0
ENSMUSG00000107641	0
ENSMUSG00000107642	0
ENSMUSG00000107643	0
ENSMUSG00000107644	0
ENSMUSG00000107645	0
ENSMUSG00000107646	0
ENSMUSG00000107647	0
ENSMUSG00000107648	0
ENSMUSG00000107649	0
ENSMUSG00000107650	0
ENSMUSG00000107651	0
ENSMUSG00000107652	0
ENSMUSG00000107653	1
ENSMUSG00000107655	66
ENSMUSG00000107656	0
ENSMUSG00000107657	0
ENSMUSG00000107658	0
ENSMUSG00000107659	0
ENSMUSG00000107660	0
ENSMUSG00000107661	0
ENSMUSG00000107662	0
ENSMUSG00000107663	0
ENSMUSG00000107664	0
ENSMUSG00000107666	0
ENSMUSG00000107667	0
ENSMUSG00000107668	0
ENSMUSG00000107669	0
ENSMUSG00000107671	0
ENSMUSG00000107672	0
ENSMUSG00000107673	0
ENSMUSG00000107674	0
ENSMUSG00000107675	0
ENSMUSG00000107676	0
ENSMUSG00000107677	0
ENSMUSG00000107678	0
ENSMUSG00000107679	0
ENSMUSG00000107680	0
ENSMUSG00000107681	0
ENSMUSG00000107682	0
ENSMUSG00000107683	0
ENSMUSG00000107684	0
ENSMUSG00000107685	0
ENSMUSG00000107686	4
ENSMUSG00000107687	0
ENSMUSG00000107688	1
ENSMUSG00000107689	1
ENSMUSG00000107690	0
ENSMUSG00000107691	0
ENSMUSG00000107692	0
ENSMUSG00000107693	0
ENSMUSG00000107694	0
ENSMUSG00000107695	0
ENSMUSG00000107696	0
ENSMUSG00000107697	0
ENSMUSG00000107698	1
ENSMUSG00000107699	0
ENSMUSG00000107700	0
ENSMUSG00000107701	27
ENSMUSG00000107702	0
ENSMUSG00000107703	0
ENSMUSG00000107704	0
ENSMUSG00000107705	0
ENSMUSG00000107706	0
ENSMUSG00000107707	0
ENSMUSG00000107708	0
ENSMUSG00000107709	0
ENSMUSG00000107710	0
ENSMUSG00000107711	0
ENSMUSG00000107712	0
ENSMUSG00000107713	0
ENSMUSG00000107714	0
ENSMUSG00000107715	1
ENSMUSG00000107716	0
ENSMUSG00000107718	0
ENSMUSG00000107719	0
ENSMUSG00000107720	0
ENSMUSG00000107721	0
ENSMUSG00000107722	0
ENSMUSG00000107723	0
ENSMUSG00000107724	0
ENSMUSG00000107725	0
ENSMUSG00000107726	3
ENSMUSG00000107727	0
ENSMUSG00000107728	7
ENSMUSG00000107729	0
ENSMUSG00000107730	0
ENSMUSG00000107731	0
ENSMUSG00000107732	0
ENSMUSG00000107733	0
ENSMUSG00000107734	0
ENSMUSG00000107735	0
ENSMUSG00000107736	5
ENSMUSG00000107737	0
ENSMUSG00000107738	0
ENSMUSG00000107739	0
ENSMUSG00000107740	0
ENSMUSG00000107741	18
ENSMUSG00000107742	13
ENSMUSG00000107743	0
ENSMUSG00000107744	0
ENSMUSG00000107745	0
ENSMUSG00000107746	0
ENSMUSG00000107747	50
ENSMUSG00000107748	0
ENSMUSG00000107749	5
ENSMUSG00000107750	0
ENSMUSG00000107751	0
ENSMUSG00000107752	0
ENSMUSG00000107753	0
ENSMUSG00000107754	0
ENSMUSG00000107755	0
ENSMUSG00000107756	3
ENSMUSG00000107757	0
ENSMUSG00000107758	0
ENSMUSG00000107759	0
ENSMUSG00000107760	0
ENSMUSG00000107761	4
ENSMUSG00000107762	0
ENSMUSG00000107763	0
ENSMUSG00000107764	0
ENSMUSG00000107765	0
ENSMUSG00000107766	0
ENSMUSG00000107767	0
ENSMUSG00000107768	0
ENSMUSG00000107769	0
ENSMUSG00000107770	3
ENSMUSG00000107771	0
ENSMUSG00000107772	0
ENSMUSG00000107773	0
ENSMUSG00000107774	0
ENSMUSG00000107775	0
ENSMUSG00000107776	0
ENSMUSG00000107777	0
ENSMUSG00000107778	0
ENSMUSG00000107779	0
ENSMUSG00000107780	0
ENSMUSG00000107781	0
ENSMUSG00000107782	0
ENSMUSG00000107783	0
ENSMUSG00000107784	0
ENSMUSG00000107785	29
ENSMUSG00000107786	0
ENSMUSG00000107787	0
ENSMUSG00000107788	1
ENSMUSG00000107789	0
ENSMUSG00000107790	0
ENSMUSG00000107791	0
ENSMUSG00000107792	6
ENSMUSG00000107793	0
ENSMUSG00000107794	0
ENSMUSG00000107795	0
ENSMUSG00000107796	0
ENSMUSG00000107797	0
ENSMUSG00000107798	1
ENSMUSG00000107799	0
ENSMUSG00000107800	0
ENSMUSG00000107801	0
ENSMUSG00000107802	0
ENSMUSG00000107803	0
ENSMUSG00000107804	0
ENSMUSG00000107805	0
ENSMUSG00000107806	0
ENSMUSG00000107808	0
ENSMUSG00000107809	0
ENSMUSG00000107810	0
ENSMUSG00000107811	0
ENSMUSG00000107812	12
ENSMUSG00000107813	6
ENSMUSG00000107814	1
ENSMUSG00000107815	0
ENSMUSG00000107816	0
ENSMUSG00000107817	0
ENSMUSG00000107818	0
ENSMUSG00000107819	0
ENSMUSG00000107821	0
ENSMUSG00000107822	0
ENSMUSG00000107823	0
ENSMUSG00000107824	1
ENSMUSG00000107825	0
ENSMUSG00000107826	0
ENSMUSG00000107828	0
ENSMUSG00000107829	0
ENSMUSG00000107830	0
ENSMUSG00000107831	0
ENSMUSG00000107832	0
ENSMUSG00000107833	0
ENSMUSG00000107834	0
ENSMUSG00000107835	2
ENSMUSG00000107836	0
ENSMUSG00000107837	0
ENSMUSG00000107838	450
ENSMUSG00000107839	0
ENSMUSG00000107840	0
ENSMUSG00000107841	0
ENSMUSG00000107842	0
ENSMUSG00000107844	0
ENSMUSG00000107845	0
ENSMUSG00000107846	0
ENSMUSG00000107847	0
ENSMUSG00000107848	0
ENSMUSG00000107849	0
ENSMUSG00000107850	0
ENSMUSG00000107851	0
ENSMUSG00000107852	42
ENSMUSG00000107853	4
ENSMUSG00000107854	0
ENSMUSG00000107855	0
ENSMUSG00000107856	0
ENSMUSG00000107857	0
ENSMUSG00000107858	0
ENSMUSG00000107859	0
ENSMUSG00000107861	0
ENSMUSG00000107862	0
ENSMUSG00000107863	0
ENSMUSG00000107864	0
ENSMUSG00000107865	0
ENSMUSG00000107866	0
ENSMUSG00000107867	0
ENSMUSG00000107868	8
ENSMUSG00000107869	0
ENSMUSG00000107870	0
ENSMUSG00000107872	0
ENSMUSG00000107873	0
ENSMUSG00000107874	0
ENSMUSG00000107875	4
ENSMUSG00000107876	7
ENSMUSG00000107877	0
ENSMUSG00000107878	0
ENSMUSG00000107879	25
ENSMUSG00000107880	0
ENSMUSG00000107881	1274
ENSMUSG00000107882	0
ENSMUSG00000107883	0
ENSMUSG00000107884	0
ENSMUSG00000107885	0
ENSMUSG00000107886	0
ENSMUSG00000107887	0
ENSMUSG00000107888	0
ENSMUSG00000107889	0
ENSMUSG00000107890	0
ENSMUSG00000107891	0
ENSMUSG00000107892	0
ENSMUSG00000107893	0
ENSMUSG00000107894	2
ENSMUSG00000107895	0
ENSMUSG00000107896	0
ENSMUSG00000107898	0
ENSMUSG00000107899	0
ENSMUSG00000107900	0
ENSMUSG00000107901	0
ENSMUSG00000107902	0
ENSMUSG00000107903	0
ENSMUSG00000107904	0
ENSMUSG00000107905	0
ENSMUSG00000107906	1
ENSMUSG00000107907	1
ENSMUSG00000107908	0
ENSMUSG00000107909	3
ENSMUSG00000107911	0
ENSMUSG00000107913	0
ENSMUSG00000107914	0
ENSMUSG00000107915	0
ENSMUSG00000107916	0
ENSMUSG00000107917	0
ENSMUSG00000107918	0
ENSMUSG00000107919	0
ENSMUSG00000107920	0
ENSMUSG00000107921	8
ENSMUSG00000107922	0
ENSMUSG00000107923	0
ENSMUSG00000107924	0
ENSMUSG00000107925	0
ENSMUSG00000107926	0
ENSMUSG00000107927	0
ENSMUSG00000107928	2
ENSMUSG00000107929	0
ENSMUSG00000107930	0
ENSMUSG00000107931	0
ENSMUSG00000107932	7
ENSMUSG00000107933	0
ENSMUSG00000107934	0
ENSMUSG00000107935	0
ENSMUSG00000107936	2
ENSMUSG00000107937	0
ENSMUSG00000107938	0
ENSMUSG00000107940	0
ENSMUSG00000107941	3
ENSMUSG00000107942	0
ENSMUSG00000107943	0
ENSMUSG00000107944	1
ENSMUSG00000107945	0
ENSMUSG00000107946	3
ENSMUSG00000107947	0
ENSMUSG00000107948	0
ENSMUSG00000107949	0
ENSMUSG00000107950	0
ENSMUSG00000107951	0
ENSMUSG00000107952	0
ENSMUSG00000107953	0
ENSMUSG00000107954	0
ENSMUSG00000107955	1
ENSMUSG00000107956	0
ENSMUSG00000107957	0
ENSMUSG00000107959	0
ENSMUSG00000107960	0
ENSMUSG00000107961	0
ENSMUSG00000107962	0
ENSMUSG00000107964	0
ENSMUSG00000107965	0
ENSMUSG00000107966	1
ENSMUSG00000107967	0
ENSMUSG00000107968	16
ENSMUSG00000107969	0
ENSMUSG00000107970	10
ENSMUSG00000107971	0
ENSMUSG00000107972	0
ENSMUSG00000107973	0
ENSMUSG00000107975	0
ENSMUSG00000107976	0
ENSMUSG00000107977	0
ENSMUSG00000107978	0
ENSMUSG00000107979	0
ENSMUSG00000107980	0
ENSMUSG00000107981	0
ENSMUSG00000107982	0
ENSMUSG00000107983	0
ENSMUSG00000107984	0
ENSMUSG00000107985	0
ENSMUSG00000107986	0
ENSMUSG00000107987	0
ENSMUSG00000107988	0
ENSMUSG00000107989	0
ENSMUSG00000107990	0
ENSMUSG00000107991	0
ENSMUSG00000107992	0
ENSMUSG00000107993	0
ENSMUSG00000107994	51
ENSMUSG00000107995	0
ENSMUSG00000107996	0
ENSMUSG00000107997	20
ENSMUSG00000107998	0
ENSMUSG00000107999	0
ENSMUSG00000108000	0
ENSMUSG00000108002	0
ENSMUSG00000108003	0
ENSMUSG00000108004	0
ENSMUSG00000108005	0
ENSMUSG00000108006	1
ENSMUSG00000108007	0
ENSMUSG00000108008	0
ENSMUSG00000108009	0
ENSMUSG00000108010	0
ENSMUSG00000108011	0
ENSMUSG00000108012	0
ENSMUSG00000108013	0
ENSMUSG00000108014	0
ENSMUSG00000108015	0
ENSMUSG00000108016	0
ENSMUSG00000108017	0
ENSMUSG00000108018	0
ENSMUSG00000108019	0
ENSMUSG00000108020	0
ENSMUSG00000108021	0
ENSMUSG00000108022	5
ENSMUSG00000108023	0
ENSMUSG00000108024	6
ENSMUSG00000108025	0
ENSMUSG00000108026	0
ENSMUSG00000108027	0
ENSMUSG00000108028	0
ENSMUSG00000108029	0
ENSMUSG00000108030	13
ENSMUSG00000108032	0
ENSMUSG00000108033	0
ENSMUSG00000108034	0
ENSMUSG00000108035	0
ENSMUSG00000108036	0
ENSMUSG00000108037	73
ENSMUSG00000108038	0
ENSMUSG00000108039	0
ENSMUSG00000108040	0
ENSMUSG00000108041	0
ENSMUSG00000108042	4
ENSMUSG00000108043	0
ENSMUSG00000108044	0
ENSMUSG00000108045	3
ENSMUSG00000108046	10
ENSMUSG00000108047	0
ENSMUSG00000108048	3
ENSMUSG00000108049	0
ENSMUSG00000108050	0
ENSMUSG00000108052	8
ENSMUSG00000108053	0
ENSMUSG00000108054	0
ENSMUSG00000108055	0
ENSMUSG00000108056	0
ENSMUSG00000108057	0
ENSMUSG00000108058	0
ENSMUSG00000108059	0
ENSMUSG00000108060	1
ENSMUSG00000108062	0
ENSMUSG00000108063	0
ENSMUSG00000108064	3
ENSMUSG00000108065	0
ENSMUSG00000108066	0
ENSMUSG00000108067	1
ENSMUSG00000108068	0
ENSMUSG00000108069	0
ENSMUSG00000108070	0
ENSMUSG00000108071	0
ENSMUSG00000108072	0
ENSMUSG00000108073	0
ENSMUSG00000108074	0
ENSMUSG00000108075	0
ENSMUSG00000108076	0
ENSMUSG00000108077	0
ENSMUSG00000108078	8
ENSMUSG00000108079	1
ENSMUSG00000108080	7
ENSMUSG00000108081	0
ENSMUSG00000108082	0
ENSMUSG00000108083	13
ENSMUSG00000108084	2
ENSMUSG00000108085	0
ENSMUSG00000108086	1
ENSMUSG00000108087	0
ENSMUSG00000108088	0
ENSMUSG00000108089	0
ENSMUSG00000108090	0
ENSMUSG00000108091	0
ENSMUSG00000108092	0
ENSMUSG00000108093	0
ENSMUSG00000108094	0
ENSMUSG00000108095	3
ENSMUSG00000108096	0
ENSMUSG00000108097	0
ENSMUSG00000108098	0
ENSMUSG00000108099	0
ENSMUSG00000108100	0
ENSMUSG00000108101	2
ENSMUSG00000108102	0
ENSMUSG00000108103	0
ENSMUSG00000108104	0
ENSMUSG00000108105	0
ENSMUSG00000108106	0
ENSMUSG00000108107	0
ENSMUSG00000108108	1
ENSMUSG00000108109	0
ENSMUSG00000108110	0
ENSMUSG00000108111	1
ENSMUSG00000108112	0
ENSMUSG00000108113	0
ENSMUSG00000108114	0
ENSMUSG00000108115	0
ENSMUSG00000108117	0
ENSMUSG00000108118	0
ENSMUSG00000108119	0
ENSMUSG00000108120	6
ENSMUSG00000108121	0
ENSMUSG00000108122	0
ENSMUSG00000108123	0
ENSMUSG00000108124	0
ENSMUSG00000108125	0
ENSMUSG00000108126	3
ENSMUSG00000108127	0
ENSMUSG00000108128	0
ENSMUSG00000108129	0
ENSMUSG00000108130	0
ENSMUSG00000108131	0
ENSMUSG00000108132	0
ENSMUSG00000108134	0
ENSMUSG00000108135	0
ENSMUSG00000108137	13
ENSMUSG00000108138	0
ENSMUSG00000108139	0
ENSMUSG00000108140	0
ENSMUSG00000108141	0
ENSMUSG00000108142	0
ENSMUSG00000108143	0
ENSMUSG00000108144	0
ENSMUSG00000108145	0
ENSMUSG00000108146	0
ENSMUSG00000108147	0
ENSMUSG00000108148	0
ENSMUSG00000108149	0
ENSMUSG00000108150	0
ENSMUSG00000108151	0
ENSMUSG00000108152	1
ENSMUSG00000108153	1
ENSMUSG00000108154	1
ENSMUSG00000108155	0
ENSMUSG00000108156	0
ENSMUSG00000108157	0
ENSMUSG00000108158	0
ENSMUSG00000108160	0
ENSMUSG00000108161	0
ENSMUSG00000108162	0
ENSMUSG00000108163	0
ENSMUSG00000108164	0
ENSMUSG00000108166	0
ENSMUSG00000108167	0
ENSMUSG00000108168	0
ENSMUSG00000108169	0
ENSMUSG00000108170	7
ENSMUSG00000108171	0
ENSMUSG00000108172	0
ENSMUSG00000108173	0
ENSMUSG00000108174	0
ENSMUSG00000108175	0
ENSMUSG00000108176	0
ENSMUSG00000108177	0
ENSMUSG00000108178	0
ENSMUSG00000108179	0
ENSMUSG00000108180	0
ENSMUSG00000108181	45
ENSMUSG00000108183	0
ENSMUSG00000108184	0
ENSMUSG00000108185	0
ENSMUSG00000108186	0
ENSMUSG00000108187	0
ENSMUSG00000108188	0
ENSMUSG00000108189	0
ENSMUSG00000108190	1
ENSMUSG00000108191	0
ENSMUSG00000108192	0
ENSMUSG00000108193	0
ENSMUSG00000108194	0
ENSMUSG00000108195	0
ENSMUSG00000108196	0
ENSMUSG00000108197	8
ENSMUSG00000108198	0
ENSMUSG00000108199	0
ENSMUSG00000108200	0
ENSMUSG00000108201	0
ENSMUSG00000108202	0
ENSMUSG00000108203	0
ENSMUSG00000108204	0
ENSMUSG00000108205	0
ENSMUSG00000108206	1
ENSMUSG00000108207	186
ENSMUSG00000108208	0
ENSMUSG00000108209	0
ENSMUSG00000108210	0
ENSMUSG00000108211	0
ENSMUSG00000108212	0
ENSMUSG00000108213	0
ENSMUSG00000108214	0
ENSMUSG00000108215	0
ENSMUSG00000108216	1
ENSMUSG00000108217	0
ENSMUSG00000108218	83
ENSMUSG00000108219	12
ENSMUSG00000108220	0
ENSMUSG00000108221	0
ENSMUSG00000108222	0
ENSMUSG00000108223	0
ENSMUSG00000108224	0
ENSMUSG00000108225	0
ENSMUSG00000108226	0
ENSMUSG00000108227	0
ENSMUSG00000108228	0
ENSMUSG00000108229	0
ENSMUSG00000108230	0
ENSMUSG00000108231	12
ENSMUSG00000108232	0
ENSMUSG00000108233	0
ENSMUSG00000108234	3
ENSMUSG00000108235	0
ENSMUSG00000108236	0
ENSMUSG00000108237	0
ENSMUSG00000108238	0
ENSMUSG00000108239	0
ENSMUSG00000108240	0
ENSMUSG00000108241	0
ENSMUSG00000108242	0
ENSMUSG00000108244	0
ENSMUSG00000108245	0
ENSMUSG00000108246	0
ENSMUSG00000108247	3
ENSMUSG00000108248	0
ENSMUSG00000108249	0
ENSMUSG00000108250	0
ENSMUSG00000108251	0
ENSMUSG00000108252	0
ENSMUSG00000108253	0
ENSMUSG00000108254	0
ENSMUSG00000108255	0
ENSMUSG00000108256	0
ENSMUSG00000108257	0
ENSMUSG00000108258	1
ENSMUSG00000108259	0
ENSMUSG00000108260	0
ENSMUSG00000108261	0
ENSMUSG00000108262	0
ENSMUSG00000108263	0
ENSMUSG00000108264	0
ENSMUSG00000108265	0
ENSMUSG00000108266	0
ENSMUSG00000108267	0
ENSMUSG00000108268	1
ENSMUSG00000108269	0
ENSMUSG00000108270	0
ENSMUSG00000108271	8
ENSMUSG00000108272	0
ENSMUSG00000108274	0
ENSMUSG00000108275	1
ENSMUSG00000108276	0
ENSMUSG00000108278	0
ENSMUSG00000108279	1
ENSMUSG00000108280	0
ENSMUSG00000108282	0
ENSMUSG00000108283	0
ENSMUSG00000108284	0
ENSMUSG00000108285	0
ENSMUSG00000108286	0
ENSMUSG00000108287	0
ENSMUSG00000108288	4
ENSMUSG00000108289	0
ENSMUSG00000108290	0
ENSMUSG00000108291	0
ENSMUSG00000108292	0
ENSMUSG00000108293	0
ENSMUSG00000108294	0
ENSMUSG00000108295	0
ENSMUSG00000108296	0
ENSMUSG00000108297	6
ENSMUSG00000108298	0
ENSMUSG00000108299	0
ENSMUSG00000108300	0
ENSMUSG00000108301	0
ENSMUSG00000108302	0
ENSMUSG00000108303	0
ENSMUSG00000108304	0
ENSMUSG00000108305	0
ENSMUSG00000108306	0
ENSMUSG00000108307	0
ENSMUSG00000108308	1
ENSMUSG00000108309	4
ENSMUSG00000108310	0
ENSMUSG00000108311	0
ENSMUSG00000108312	5
ENSMUSG00000108313	0
ENSMUSG00000108314	52
ENSMUSG00000108315	0
ENSMUSG00000108316	0
ENSMUSG00000108317	0
ENSMUSG00000108318	0
ENSMUSG00000108319	2
ENSMUSG00000108320	0
ENSMUSG00000108321	0
ENSMUSG00000108322	0
ENSMUSG00000108323	0
ENSMUSG00000108324	0
ENSMUSG00000108325	0
ENSMUSG00000108326	0
ENSMUSG00000108327	0
ENSMUSG00000108328	0
ENSMUSG00000108329	0
ENSMUSG00000108330	0
ENSMUSG00000108331	15
ENSMUSG00000108332	0
ENSMUSG00000108333	0
ENSMUSG00000108334	0
ENSMUSG00000108335	0
ENSMUSG00000108336	0
ENSMUSG00000108337	0
ENSMUSG00000108338	0
ENSMUSG00000108339	0
ENSMUSG00000108340	0
ENSMUSG00000108341	0
ENSMUSG00000108342	4
ENSMUSG00000108343	0
ENSMUSG00000108344	0
ENSMUSG00000108345	0
ENSMUSG00000108346	0
ENSMUSG00000108347	0
ENSMUSG00000108348	5
ENSMUSG00000108349	0
ENSMUSG00000108350	58
ENSMUSG00000108351	0
ENSMUSG00000108352	0
ENSMUSG00000108353	2
ENSMUSG00000108354	0
ENSMUSG00000108355	0
ENSMUSG00000108356	0
ENSMUSG00000108357	0
ENSMUSG00000108358	15
ENSMUSG00000108359	0
ENSMUSG00000108360	0
ENSMUSG00000108361	0
ENSMUSG00000108362	0
ENSMUSG00000108363	3
ENSMUSG00000108364	0
ENSMUSG00000108365	0
ENSMUSG00000108366	0
ENSMUSG00000108367	0
ENSMUSG00000108368	15
ENSMUSG00000108370	0
ENSMUSG00000108371	7
ENSMUSG00000108372	0
ENSMUSG00000108373	0
ENSMUSG00000108374	0
ENSMUSG00000108375	0
ENSMUSG00000108376	0
ENSMUSG00000108377	28
ENSMUSG00000108378	5
ENSMUSG00000108379	0
ENSMUSG00000108380	0
ENSMUSG00000108381	0
ENSMUSG00000108382	0
ENSMUSG00000108383	0
ENSMUSG00000108384	0
ENSMUSG00000108385	0
ENSMUSG00000108387	0
ENSMUSG00000108388	2
ENSMUSG00000108389	0
ENSMUSG00000108390	0
ENSMUSG00000108391	6
ENSMUSG00000108392	0
ENSMUSG00000108393	0
ENSMUSG00000108394	11
ENSMUSG00000108395	0
ENSMUSG00000108396	1
ENSMUSG00000108397	0
ENSMUSG00000108398	0
ENSMUSG00000108400	0
ENSMUSG00000108401	0
ENSMUSG00000108402	1
ENSMUSG00000108403	0
ENSMUSG00000108404	0
ENSMUSG00000108405	0
ENSMUSG00000108406	0
ENSMUSG00000108407	0
ENSMUSG00000108409	0
ENSMUSG00000108410	0
ENSMUSG00000108411	0
ENSMUSG00000108412	0
ENSMUSG00000108413	0
ENSMUSG00000108414	273
ENSMUSG00000108415	2
ENSMUSG00000108416	0
ENSMUSG00000108417	0
ENSMUSG00000108418	0
ENSMUSG00000108419	0
ENSMUSG00000108420	0
ENSMUSG00000108421	0
ENSMUSG00000108422	0
ENSMUSG00000108423	0
ENSMUSG00000108424	0
ENSMUSG00000108425	0
ENSMUSG00000108426	0
ENSMUSG00000108427	0
ENSMUSG00000108428	0
ENSMUSG00000108429	0
ENSMUSG00000108430	0
ENSMUSG00000108431	3
ENSMUSG00000108432	0
ENSMUSG00000108433	0
ENSMUSG00000108434	0
ENSMUSG00000108435	98
ENSMUSG00000108436	60
ENSMUSG00000108437	0
ENSMUSG00000108438	3
ENSMUSG00000108440	0
ENSMUSG00000108441	0
ENSMUSG00000108442	0
ENSMUSG00000108443	0
ENSMUSG00000108444	0
ENSMUSG00000108445	0
ENSMUSG00000108446	1
ENSMUSG00000108447	1
ENSMUSG00000108448	0
ENSMUSG00000108449	0
ENSMUSG00000108450	0
ENSMUSG00000108451	0
ENSMUSG00000108452	2
ENSMUSG00000108454	0
ENSMUSG00000108455	0
ENSMUSG00000108456	27
ENSMUSG00000108457	0
ENSMUSG00000108459	0
ENSMUSG00000108460	0
ENSMUSG00000108461	24
ENSMUSG00000108462	0
ENSMUSG00000108464	0
ENSMUSG00000108465	9
ENSMUSG00000108466	0
ENSMUSG00000108467	0
ENSMUSG00000108468	0
ENSMUSG00000108469	0
ENSMUSG00000108470	0
ENSMUSG00000108471	0
ENSMUSG00000108472	5
ENSMUSG00000108473	0
ENSMUSG00000108474	0
ENSMUSG00000108476	2
ENSMUSG00000108477	10
ENSMUSG00000108478	0
ENSMUSG00000108479	0
ENSMUSG00000108480	0
ENSMUSG00000108481	0
ENSMUSG00000108482	0
ENSMUSG00000108483	0
ENSMUSG00000108484	3
ENSMUSG00000108485	0
ENSMUSG00000108486	0
ENSMUSG00000108487	0
ENSMUSG00000108488	0
ENSMUSG00000108489	0
ENSMUSG00000108490	0
ENSMUSG00000108491	0
ENSMUSG00000108492	0
ENSMUSG00000108493	0
ENSMUSG00000108494	2
ENSMUSG00000108495	0
ENSMUSG00000108496	0
ENSMUSG00000108497	0
ENSMUSG00000108498	0
ENSMUSG00000108500	0
ENSMUSG00000108502	0
ENSMUSG00000108503	0
ENSMUSG00000108504	2
ENSMUSG00000108505	0
ENSMUSG00000108506	0
ENSMUSG00000108507	0
ENSMUSG00000108508	0
ENSMUSG00000108509	1
ENSMUSG00000108510	0
ENSMUSG00000108511	0
ENSMUSG00000108512	1
ENSMUSG00000108513	0
ENSMUSG00000108514	0
ENSMUSG00000108515	0
ENSMUSG00000108516	0
ENSMUSG00000108517	0
ENSMUSG00000108518	19
ENSMUSG00000108519	0
ENSMUSG00000108520	0
ENSMUSG00000108521	12
ENSMUSG00000108522	1
ENSMUSG00000108523	0
ENSMUSG00000108524	0
ENSMUSG00000108525	1
ENSMUSG00000108526	0
ENSMUSG00000108527	0
ENSMUSG00000108528	0
ENSMUSG00000108529	0
ENSMUSG00000108530	0
ENSMUSG00000108531	0
ENSMUSG00000108532	0
ENSMUSG00000108533	0
ENSMUSG00000108534	0
ENSMUSG00000108535	0
ENSMUSG00000108536	0
ENSMUSG00000108537	0
ENSMUSG00000108538	0
ENSMUSG00000108539	0
ENSMUSG00000108540	0
ENSMUSG00000108541	0
ENSMUSG00000108542	1
ENSMUSG00000108543	2
ENSMUSG00000108544	0
ENSMUSG00000108545	0
ENSMUSG00000108546	0
ENSMUSG00000108547	0
ENSMUSG00000108548	0
ENSMUSG00000108550	0
ENSMUSG00000108551	2
ENSMUSG00000108552	0
ENSMUSG00000108553	0
ENSMUSG00000108554	0
ENSMUSG00000108555	3
ENSMUSG00000108556	0
ENSMUSG00000108557	1
ENSMUSG00000108558	0
ENSMUSG00000108559	0
ENSMUSG00000108560	3
ENSMUSG00000108561	0
ENSMUSG00000108562	0
ENSMUSG00000108563	0
ENSMUSG00000108565	0
ENSMUSG00000108566	0
ENSMUSG00000108567	0
ENSMUSG00000108568	0
ENSMUSG00000108569	0
ENSMUSG00000108570	0
ENSMUSG00000108571	0
ENSMUSG00000108572	0
ENSMUSG00000108573	0
ENSMUSG00000108574	0
ENSMUSG00000108575	0
ENSMUSG00000108576	0
ENSMUSG00000108577	20
ENSMUSG00000108578	0
ENSMUSG00000108579	0
ENSMUSG00000108580	0
ENSMUSG00000108581	0
ENSMUSG00000108582	0
ENSMUSG00000108583	0
ENSMUSG00000108584	0
ENSMUSG00000108586	0
ENSMUSG00000108587	0
ENSMUSG00000108588	0
ENSMUSG00000108589	0
ENSMUSG00000108590	0
ENSMUSG00000108591	26
ENSMUSG00000108592	0
ENSMUSG00000108593	0
ENSMUSG00000108594	0
ENSMUSG00000108595	0
ENSMUSG00000108596	0
ENSMUSG00000108597	0
ENSMUSG00000108598	0
ENSMUSG00000108599	0
ENSMUSG00000108600	0
ENSMUSG00000108601	0
ENSMUSG00000108602	0
ENSMUSG00000108603	0
ENSMUSG00000108604	0
ENSMUSG00000108605	0
ENSMUSG00000108606	0
ENSMUSG00000108607	2
ENSMUSG00000108608	0
ENSMUSG00000108609	15
ENSMUSG00000108610	0
ENSMUSG00000108611	0
ENSMUSG00000108612	0
ENSMUSG00000108613	0
ENSMUSG00000108614	4
ENSMUSG00000108615	10
ENSMUSG00000108616	0
ENSMUSG00000108617	0
ENSMUSG00000108618	3
ENSMUSG00000108619	0
ENSMUSG00000108620	0
ENSMUSG00000108621	1222
ENSMUSG00000108622	0
ENSMUSG00000108623	0
ENSMUSG00000108624	20
ENSMUSG00000108625	0
ENSMUSG00000108626	1
ENSMUSG00000108627	0
ENSMUSG00000108628	27
ENSMUSG00000108629	0
ENSMUSG00000108630	0
ENSMUSG00000108633	0
ENSMUSG00000108634	0
ENSMUSG00000108635	0
ENSMUSG00000108636	0
ENSMUSG00000108637	0
ENSMUSG00000108638	0
ENSMUSG00000108639	0
ENSMUSG00000108640	0
ENSMUSG00000108641	0
ENSMUSG00000108642	0
ENSMUSG00000108643	0
ENSMUSG00000108644	0
ENSMUSG00000108645	0
ENSMUSG00000108646	0
ENSMUSG00000108647	0
ENSMUSG00000108648	0
ENSMUSG00000108649	0
ENSMUSG00000108650	6
ENSMUSG00000108651	0
ENSMUSG00000108652	0
ENSMUSG00000108654	0
ENSMUSG00000108655	29
ENSMUSG00000108657	2
ENSMUSG00000108658	34
ENSMUSG00000108659	4
ENSMUSG00000108660	1
ENSMUSG00000108661	0
ENSMUSG00000108662	0
ENSMUSG00000108663	2
ENSMUSG00000108665	0
ENSMUSG00000108666	0
ENSMUSG00000108667	0
ENSMUSG00000108668	0
ENSMUSG00000108669	0
ENSMUSG00000108670	0
ENSMUSG00000108671	0
ENSMUSG00000108672	0
ENSMUSG00000108673	0
ENSMUSG00000108674	0
ENSMUSG00000108675	0
ENSMUSG00000108676	0
ENSMUSG00000108677	0
ENSMUSG00000108678	0
ENSMUSG00000108679	0
ENSMUSG00000108681	0
ENSMUSG00000108682	0
ENSMUSG00000108683	0
ENSMUSG00000108685	0
ENSMUSG00000108686	0
ENSMUSG00000108687	0
ENSMUSG00000108688	0
ENSMUSG00000108689	0
ENSMUSG00000108691	0
ENSMUSG00000108692	0
ENSMUSG00000108693	0
ENSMUSG00000108694	0
ENSMUSG00000108695	0
ENSMUSG00000108696	0
ENSMUSG00000108697	0
ENSMUSG00000108698	0
ENSMUSG00000108699	0
ENSMUSG00000108700	0
ENSMUSG00000108701	11
ENSMUSG00000108702	22
ENSMUSG00000108703	0
ENSMUSG00000108704	0
ENSMUSG00000108705	1
ENSMUSG00000108707	0
ENSMUSG00000108708	0
ENSMUSG00000108709	0
ENSMUSG00000108711	0
ENSMUSG00000108712	0
ENSMUSG00000108713	0
ENSMUSG00000108714	0
ENSMUSG00000108716	0
ENSMUSG00000108717	0
ENSMUSG00000108718	0
ENSMUSG00000108719	0
ENSMUSG00000108720	19
ENSMUSG00000108721	0
ENSMUSG00000108722	0
ENSMUSG00000108723	1
ENSMUSG00000108724	0
ENSMUSG00000108725	0
ENSMUSG00000108726	0
ENSMUSG00000108727	0
ENSMUSG00000108728	0
ENSMUSG00000108729	0
ENSMUSG00000108730	0
ENSMUSG00000108731	0
ENSMUSG00000108732	14
ENSMUSG00000108734	0
ENSMUSG00000108735	0
ENSMUSG00000108736	5
ENSMUSG00000108737	0
ENSMUSG00000108738	16
ENSMUSG00000108739	0
ENSMUSG00000108740	0
ENSMUSG00000108741	2
ENSMUSG00000108742	0
ENSMUSG00000108743	0
ENSMUSG00000108744	0
ENSMUSG00000108745	0
ENSMUSG00000108746	0
ENSMUSG00000108748	0
ENSMUSG00000108749	2
ENSMUSG00000108750	0
ENSMUSG00000108751	0
ENSMUSG00000108752	1
ENSMUSG00000108753	2
ENSMUSG00000108754	0
ENSMUSG00000108756	0
ENSMUSG00000108757	0
ENSMUSG00000108758	0
ENSMUSG00000108759	0
ENSMUSG00000108760	0
ENSMUSG00000108761	0
ENSMUSG00000108763	67
ENSMUSG00000108764	2
ENSMUSG00000108765	0
ENSMUSG00000108766	0
ENSMUSG00000108767	0
ENSMUSG00000108768	0
ENSMUSG00000108770	0
ENSMUSG00000108771	0
ENSMUSG00000108772	0
ENSMUSG00000108773	0
ENSMUSG00000108774	0
ENSMUSG00000108775	0
ENSMUSG00000108776	0
ENSMUSG00000108777	0
ENSMUSG00000108778	0
ENSMUSG00000108779	0
ENSMUSG00000108780	0
ENSMUSG00000108781	0
ENSMUSG00000108782	0
ENSMUSG00000108783	0
ENSMUSG00000108784	0
ENSMUSG00000108785	0
ENSMUSG00000108786	0
ENSMUSG00000108787	0
ENSMUSG00000108788	0
ENSMUSG00000108790	0
ENSMUSG00000108791	3
ENSMUSG00000108792	0
ENSMUSG00000108793	0
ENSMUSG00000108794	0
ENSMUSG00000108795	0
ENSMUSG00000108796	0
ENSMUSG00000108797	0
ENSMUSG00000108798	1
ENSMUSG00000108799	964
ENSMUSG00000108800	0
ENSMUSG00000108801	0
ENSMUSG00000108802	0
ENSMUSG00000108803	0
ENSMUSG00000108804	0
ENSMUSG00000108805	0
ENSMUSG00000108806	0
ENSMUSG00000108807	0
ENSMUSG00000108808	0
ENSMUSG00000108809	0
ENSMUSG00000108810	0
ENSMUSG00000108811	0
ENSMUSG00000108812	0
ENSMUSG00000108813	4
ENSMUSG00000108814	0
ENSMUSG00000108815	0
ENSMUSG00000108816	0
ENSMUSG00000108818	0
ENSMUSG00000108819	0
ENSMUSG00000108820	1
ENSMUSG00000108821	0
ENSMUSG00000108822	25
ENSMUSG00000108823	3
ENSMUSG00000108824	0
ENSMUSG00000108825	75
ENSMUSG00000108826	0
ENSMUSG00000108827	0
ENSMUSG00000108828	0
ENSMUSG00000108829	0
ENSMUSG00000108830	0
ENSMUSG00000108831	0
ENSMUSG00000108832	0
ENSMUSG00000108833	0
ENSMUSG00000108834	0
ENSMUSG00000108835	0
ENSMUSG00000108836	0
ENSMUSG00000108837	0
ENSMUSG00000108838	0
ENSMUSG00000108839	0
ENSMUSG00000108840	0
ENSMUSG00000108841	0
ENSMUSG00000108842	0
ENSMUSG00000108843	0
ENSMUSG00000108844	0
ENSMUSG00000108845	0
ENSMUSG00000108846	0
ENSMUSG00000108847	0
ENSMUSG00000108848	0
ENSMUSG00000108849	0
ENSMUSG00000108850	0
ENSMUSG00000108851	0
ENSMUSG00000108852	4
ENSMUSG00000108853	0
ENSMUSG00000108854	0
ENSMUSG00000108855	0
ENSMUSG00000108856	0
ENSMUSG00000108857	0
ENSMUSG00000108858	0
ENSMUSG00000108859	0
ENSMUSG00000108860	0
ENSMUSG00000108861	0
ENSMUSG00000108862	0
ENSMUSG00000108863	0
ENSMUSG00000108864	0
ENSMUSG00000108865	0
ENSMUSG00000108866	0
ENSMUSG00000108867	0
ENSMUSG00000108868	0
ENSMUSG00000108869	0
ENSMUSG00000108870	0
ENSMUSG00000108871	2
ENSMUSG00000108872	3
ENSMUSG00000108873	0
ENSMUSG00000108874	46
ENSMUSG00000108875	0
ENSMUSG00000108876	0
ENSMUSG00000108877	0
ENSMUSG00000108878	8
ENSMUSG00000108879	0
ENSMUSG00000108880	0
ENSMUSG00000108881	0
ENSMUSG00000108882	0
ENSMUSG00000108883	6
ENSMUSG00000108884	27
ENSMUSG00000108885	0
ENSMUSG00000108886	5
ENSMUSG00000108887	0
ENSMUSG00000108888	6
ENSMUSG00000108889	0
ENSMUSG00000108890	0
ENSMUSG00000108891	0
ENSMUSG00000108892	0
ENSMUSG00000108893	0
ENSMUSG00000108894	0
ENSMUSG00000108895	0
ENSMUSG00000108896	0
ENSMUSG00000108897	1
ENSMUSG00000108899	0
ENSMUSG00000108900	0
ENSMUSG00000108902	0
ENSMUSG00000108903	0
ENSMUSG00000108904	0
ENSMUSG00000108905	0
ENSMUSG00000108906	0
ENSMUSG00000108907	0
ENSMUSG00000108908	0
ENSMUSG00000108909	0
ENSMUSG00000108910	0
ENSMUSG00000108911	4
ENSMUSG00000108912	1
ENSMUSG00000108913	0
ENSMUSG00000108914	0
ENSMUSG00000108915	0
ENSMUSG00000108916	0
ENSMUSG00000108917	0
ENSMUSG00000108918	0
ENSMUSG00000108919	0
ENSMUSG00000108920	0
ENSMUSG00000108921	0
ENSMUSG00000108922	0
ENSMUSG00000108923	0
ENSMUSG00000108924	0
ENSMUSG00000108925	0
ENSMUSG00000108926	0
ENSMUSG00000108928	0
ENSMUSG00000108929	3
ENSMUSG00000108930	0
ENSMUSG00000108931	0
ENSMUSG00000108932	0
ENSMUSG00000108933	0
ENSMUSG00000108934	0
ENSMUSG00000108935	0
ENSMUSG00000108936	0
ENSMUSG00000108937	0
ENSMUSG00000108938	0
ENSMUSG00000108939	0
ENSMUSG00000108940	3
ENSMUSG00000108941	0
ENSMUSG00000108942	0
ENSMUSG00000108943	0
ENSMUSG00000108944	0
ENSMUSG00000108945	0
ENSMUSG00000108946	0
ENSMUSG00000108947	0
ENSMUSG00000108948	0
ENSMUSG00000108949	2
ENSMUSG00000108950	0
ENSMUSG00000108952	0
ENSMUSG00000108953	0
ENSMUSG00000108954	2
ENSMUSG00000108955	0
ENSMUSG00000108956	0
ENSMUSG00000108957	0
ENSMUSG00000108958	0
ENSMUSG00000108959	1
ENSMUSG00000108960	0
ENSMUSG00000108961	12
ENSMUSG00000108962	0
ENSMUSG00000108963	0
ENSMUSG00000108964	0
ENSMUSG00000108965	0
ENSMUSG00000108966	0
ENSMUSG00000108967	0
ENSMUSG00000108968	0
ENSMUSG00000108969	2
ENSMUSG00000108970	0
ENSMUSG00000108971	0
ENSMUSG00000108972	0
ENSMUSG00000108973	0
ENSMUSG00000108974	0
ENSMUSG00000108975	0
ENSMUSG00000108976	1
ENSMUSG00000108977	0
ENSMUSG00000108978	0
ENSMUSG00000108979	0
ENSMUSG00000108980	0
ENSMUSG00000108981	0
ENSMUSG00000108982	0
ENSMUSG00000108983	0
ENSMUSG00000108984	2
ENSMUSG00000108985	3
ENSMUSG00000108986	0
ENSMUSG00000108987	0
ENSMUSG00000108988	0
ENSMUSG00000108989	0
ENSMUSG00000108990	0
ENSMUSG00000108991	1
ENSMUSG00000108992	0
ENSMUSG00000108993	0
ENSMUSG00000108994	0
ENSMUSG00000108995	0
ENSMUSG00000108997	0
ENSMUSG00000108998	0
ENSMUSG00000109000	0
ENSMUSG00000109001	0
ENSMUSG00000109002	0
ENSMUSG00000109003	0
ENSMUSG00000109004	0
ENSMUSG00000109005	14
ENSMUSG00000109006	0
ENSMUSG00000109007	0
ENSMUSG00000109008	0
ENSMUSG00000109009	0
ENSMUSG00000109010	0
ENSMUSG00000109011	0
ENSMUSG00000109012	0
ENSMUSG00000109013	0
ENSMUSG00000109014	0
ENSMUSG00000109015	21
ENSMUSG00000109016	9
ENSMUSG00000109017	0
ENSMUSG00000109018	0
ENSMUSG00000109019	0
ENSMUSG00000109020	0
ENSMUSG00000109021	4
ENSMUSG00000109022	0
ENSMUSG00000109023	0
ENSMUSG00000109024	0
ENSMUSG00000109025	0
ENSMUSG00000109026	0
ENSMUSG00000109027	0
ENSMUSG00000109028	0
ENSMUSG00000109029	0
ENSMUSG00000109030	0
ENSMUSG00000109031	0
ENSMUSG00000109032	27
ENSMUSG00000109033	0
ENSMUSG00000109034	0
ENSMUSG00000109035	0
ENSMUSG00000109036	7
ENSMUSG00000109037	0
ENSMUSG00000109038	1
ENSMUSG00000109039	0
ENSMUSG00000109040	0
ENSMUSG00000109041	0
ENSMUSG00000109042	0
ENSMUSG00000109043	0
ENSMUSG00000109044	0
ENSMUSG00000109045	1
ENSMUSG00000109046	0
ENSMUSG00000109047	0
ENSMUSG00000109049	0
ENSMUSG00000109050	0
ENSMUSG00000109051	1
ENSMUSG00000109052	0
ENSMUSG00000109053	0
ENSMUSG00000109054	0
ENSMUSG00000109055	9
ENSMUSG00000109056	2
ENSMUSG00000109057	0
ENSMUSG00000109058	0
ENSMUSG00000109059	0
ENSMUSG00000109060	0
ENSMUSG00000109061	107
ENSMUSG00000109062	0
ENSMUSG00000109063	0
ENSMUSG00000109064	0
ENSMUSG00000109065	0
ENSMUSG00000109066	0
ENSMUSG00000109067	0
ENSMUSG00000109068	0
ENSMUSG00000109069	0
ENSMUSG00000109070	0
ENSMUSG00000109071	0
ENSMUSG00000109072	0
ENSMUSG00000109073	1
ENSMUSG00000109074	0
ENSMUSG00000109076	0
ENSMUSG00000109077	0
ENSMUSG00000109078	0
ENSMUSG00000109079	0
ENSMUSG00000109080	0
ENSMUSG00000109081	0
ENSMUSG00000109082	0
ENSMUSG00000109083	0
ENSMUSG00000109084	0
ENSMUSG00000109085	0
ENSMUSG00000109086	0
ENSMUSG00000109087	0
ENSMUSG00000109088	0
ENSMUSG00000109089	93
ENSMUSG00000109090	0
ENSMUSG00000109091	0
ENSMUSG00000109092	0
ENSMUSG00000109093	640
ENSMUSG00000109094	0
ENSMUSG00000109095	0
ENSMUSG00000109096	2
ENSMUSG00000109097	1
ENSMUSG00000109098	0
ENSMUSG00000109099	0
ENSMUSG00000109100	0
ENSMUSG00000109101	0
ENSMUSG00000109102	0
ENSMUSG00000109103	0
ENSMUSG00000109104	0
ENSMUSG00000109105	0
ENSMUSG00000109106	0
ENSMUSG00000109107	0
ENSMUSG00000109108	18
ENSMUSG00000109109	0
ENSMUSG00000109110	0
ENSMUSG00000109111	0
ENSMUSG00000109112	0
ENSMUSG00000109113	0
ENSMUSG00000109114	0
ENSMUSG00000109115	0
ENSMUSG00000109116	0
ENSMUSG00000109117	0
ENSMUSG00000109118	31
ENSMUSG00000109119	0
ENSMUSG00000109121	0
ENSMUSG00000109122	0
ENSMUSG00000109123	1
ENSMUSG00000109124	0
ENSMUSG00000109125	0
ENSMUSG00000109126	0
ENSMUSG00000109127	1
ENSMUSG00000109128	0
ENSMUSG00000109129	0
ENSMUSG00000109130	3
ENSMUSG00000109131	0
ENSMUSG00000109132	0
ENSMUSG00000109133	0
ENSMUSG00000109134	0
ENSMUSG00000109135	0
ENSMUSG00000109136	0
ENSMUSG00000109137	0
ENSMUSG00000109138	0
ENSMUSG00000109139	0
ENSMUSG00000109140	0
ENSMUSG00000109141	28
ENSMUSG00000109142	0
ENSMUSG00000109143	0
ENSMUSG00000109145	0
ENSMUSG00000109147	15
ENSMUSG00000109148	0
ENSMUSG00000109149	0
ENSMUSG00000109150	0
ENSMUSG00000109151	0
ENSMUSG00000109152	0
ENSMUSG00000109153	0
ENSMUSG00000109154	1
ENSMUSG00000109155	0
ENSMUSG00000109156	0
ENSMUSG00000109157	14
ENSMUSG00000109158	0
ENSMUSG00000109159	0
ENSMUSG00000109160	0
ENSMUSG00000109161	0
ENSMUSG00000109162	0
ENSMUSG00000109163	0
ENSMUSG00000109164	1
ENSMUSG00000109165	6
ENSMUSG00000109166	0
ENSMUSG00000109167	0
ENSMUSG00000109168	0
ENSMUSG00000109169	0
ENSMUSG00000109170	6
ENSMUSG00000109171	0
ENSMUSG00000109172	0
ENSMUSG00000109173	0
ENSMUSG00000109174	0
ENSMUSG00000109175	0
ENSMUSG00000109176	0
ENSMUSG00000109177	1
ENSMUSG00000109178	0
ENSMUSG00000109179	152
ENSMUSG00000109180	0
ENSMUSG00000109181	1
ENSMUSG00000109182	0
ENSMUSG00000109183	0
ENSMUSG00000109184	0
ENSMUSG00000109185	0
ENSMUSG00000109186	0
ENSMUSG00000109188	0
ENSMUSG00000109189	0
ENSMUSG00000109190	0
ENSMUSG00000109191	0
ENSMUSG00000109192	0
ENSMUSG00000109193	0
ENSMUSG00000109194	1
ENSMUSG00000109195	0
ENSMUSG00000109196	0
ENSMUSG00000109197	0
ENSMUSG00000109198	4
ENSMUSG00000109199	0
ENSMUSG00000109200	0
ENSMUSG00000109201	0
ENSMUSG00000109202	0
ENSMUSG00000109203	0
ENSMUSG00000109204	0
ENSMUSG00000109205	2
ENSMUSG00000109206	0
ENSMUSG00000109207	0
ENSMUSG00000109209	11
ENSMUSG00000109210	0
ENSMUSG00000109211	0
ENSMUSG00000109212	0
ENSMUSG00000109213	0
ENSMUSG00000109214	0
ENSMUSG00000109215	0
ENSMUSG00000109216	1
ENSMUSG00000109217	0
ENSMUSG00000109218	1
ENSMUSG00000109219	0
ENSMUSG00000109220	0
ENSMUSG00000109221	0
ENSMUSG00000109222	92
ENSMUSG00000109223	0
ENSMUSG00000109224	2
ENSMUSG00000109225	0
ENSMUSG00000109226	0
ENSMUSG00000109227	0
ENSMUSG00000109228	0
ENSMUSG00000109229	0
ENSMUSG00000109230	0
ENSMUSG00000109231	6
ENSMUSG00000109232	0
ENSMUSG00000109233	0
ENSMUSG00000109234	0
ENSMUSG00000109235	1
ENSMUSG00000109236	0
ENSMUSG00000109237	0
ENSMUSG00000109238	0
ENSMUSG00000109239	0
ENSMUSG00000109240	0
ENSMUSG00000109241	0
ENSMUSG00000109242	0
ENSMUSG00000109243	5
ENSMUSG00000109244	30
ENSMUSG00000109245	0
ENSMUSG00000109246	0
ENSMUSG00000109247	0
ENSMUSG00000109248	0
ENSMUSG00000109249	0
ENSMUSG00000109250	0
ENSMUSG00000109251	14
ENSMUSG00000109252	0
ENSMUSG00000109253	0
ENSMUSG00000109254	0
ENSMUSG00000109255	70
ENSMUSG00000109256	0
ENSMUSG00000109257	0
ENSMUSG00000109258	0
ENSMUSG00000109259	0
ENSMUSG00000109260	0
ENSMUSG00000109261	0
ENSMUSG00000109262	30
ENSMUSG00000109263	0
ENSMUSG00000109264	0
ENSMUSG00000109266	0
ENSMUSG00000109267	0
ENSMUSG00000109268	0
ENSMUSG00000109269	0
ENSMUSG00000109270	1
ENSMUSG00000109271	0
ENSMUSG00000109272	0
ENSMUSG00000109273	0
ENSMUSG00000109274	16
ENSMUSG00000109275	0
ENSMUSG00000109276	0
ENSMUSG00000109277	0
ENSMUSG00000109278	0
ENSMUSG00000109279	12
ENSMUSG00000109280	0
ENSMUSG00000109281	0
ENSMUSG00000109282	0
ENSMUSG00000109283	0
ENSMUSG00000109284	0
ENSMUSG00000109285	0
ENSMUSG00000109286	0
ENSMUSG00000109287	0
ENSMUSG00000109289	0
ENSMUSG00000109290	0
ENSMUSG00000109291	51
ENSMUSG00000109292	0
ENSMUSG00000109293	5
ENSMUSG00000109294	0
ENSMUSG00000109295	2
ENSMUSG00000109297	172
ENSMUSG00000109298	0
ENSMUSG00000109299	0
ENSMUSG00000109300	0
ENSMUSG00000109301	0
ENSMUSG00000109302	1
ENSMUSG00000109303	3
ENSMUSG00000109304	9
ENSMUSG00000109305	2
ENSMUSG00000109306	0
ENSMUSG00000109307	0
ENSMUSG00000109308	0
ENSMUSG00000109309	0
ENSMUSG00000109310	0
ENSMUSG00000109311	0
ENSMUSG00000109312	0
ENSMUSG00000109313	0
ENSMUSG00000109314	2
ENSMUSG00000109315	0
ENSMUSG00000109316	0
ENSMUSG00000109317	0
ENSMUSG00000109318	0
ENSMUSG00000109319	0
ENSMUSG00000109320	0
ENSMUSG00000109321	0
ENSMUSG00000109322	0
ENSMUSG00000109323	0
ENSMUSG00000109324	456
ENSMUSG00000109325	48
ENSMUSG00000109326	0
ENSMUSG00000109327	0
ENSMUSG00000109328	0
ENSMUSG00000109329	0
ENSMUSG00000109330	0
ENSMUSG00000109331	0
ENSMUSG00000109332	0
ENSMUSG00000109333	0
ENSMUSG00000109334	0
ENSMUSG00000109335	0
ENSMUSG00000109336	344
ENSMUSG00000109337	0
ENSMUSG00000109338	0
ENSMUSG00000109339	1
ENSMUSG00000109340	0
ENSMUSG00000109341	0
ENSMUSG00000109342	0
ENSMUSG00000109343	0
ENSMUSG00000109344	0
ENSMUSG00000109345	0
ENSMUSG00000109346	0
ENSMUSG00000109347	0
ENSMUSG00000109348	0
ENSMUSG00000109350	2
ENSMUSG00000109351	0
ENSMUSG00000109352	0
ENSMUSG00000109353	0
ENSMUSG00000109354	0
ENSMUSG00000109355	0
ENSMUSG00000109356	0
ENSMUSG00000109357	0
ENSMUSG00000109358	0
ENSMUSG00000109359	0
ENSMUSG00000109360	0
ENSMUSG00000109361	0
ENSMUSG00000109362	0
ENSMUSG00000109363	0
ENSMUSG00000109364	0
ENSMUSG00000109365	0
ENSMUSG00000109366	0
ENSMUSG00000109367	0
ENSMUSG00000109368	0
ENSMUSG00000109369	0
ENSMUSG00000109370	0
ENSMUSG00000109371	0
ENSMUSG00000109372	1
ENSMUSG00000109373	0
ENSMUSG00000109374	3
ENSMUSG00000109375	0
ENSMUSG00000109376	0
ENSMUSG00000109377	0
ENSMUSG00000109378	70
ENSMUSG00000109379	9
ENSMUSG00000109380	0
ENSMUSG00000109381	0
ENSMUSG00000109382	0
ENSMUSG00000109383	0
ENSMUSG00000109384	0
ENSMUSG00000109385	0
ENSMUSG00000109387	0
ENSMUSG00000109388	0
ENSMUSG00000109389	0
ENSMUSG00000109390	4
ENSMUSG00000109391	0
ENSMUSG00000109392	0
ENSMUSG00000109393	0
ENSMUSG00000109394	0
ENSMUSG00000109395	0
ENSMUSG00000109396	0
ENSMUSG00000109397	2
ENSMUSG00000109398	2
ENSMUSG00000109399	0
ENSMUSG00000109400	0
ENSMUSG00000109401	1
ENSMUSG00000109402	0
ENSMUSG00000109403	0
ENSMUSG00000109404	2
ENSMUSG00000109405	0
ENSMUSG00000109406	0
ENSMUSG00000109407	0
ENSMUSG00000109408	4
ENSMUSG00000109409	0
ENSMUSG00000109410	0
ENSMUSG00000109411	0
ENSMUSG00000109412	0
ENSMUSG00000109413	0
ENSMUSG00000109414	0
ENSMUSG00000109415	0
ENSMUSG00000109416	0
ENSMUSG00000109417	0
ENSMUSG00000109418	0
ENSMUSG00000109419	0
ENSMUSG00000109420	3
ENSMUSG00000109421	0
ENSMUSG00000109422	0
ENSMUSG00000109423	0
ENSMUSG00000109424	10
ENSMUSG00000109425	0
ENSMUSG00000109426	0
ENSMUSG00000109427	0
ENSMUSG00000109428	46
ENSMUSG00000109429	15
ENSMUSG00000109430	0
ENSMUSG00000109431	0
ENSMUSG00000109432	0
ENSMUSG00000109433	0
ENSMUSG00000109434	0
ENSMUSG00000109435	0
ENSMUSG00000109436	0
ENSMUSG00000109437	0
ENSMUSG00000109438	0
ENSMUSG00000109439	0
ENSMUSG00000109440	0
ENSMUSG00000109441	0
ENSMUSG00000109442	0
ENSMUSG00000109443	0
ENSMUSG00000109444	0
ENSMUSG00000109445	0
ENSMUSG00000109446	0
ENSMUSG00000109447	0
ENSMUSG00000109448	15
ENSMUSG00000109449	0
ENSMUSG00000109450	0
ENSMUSG00000109451	0
ENSMUSG00000109452	0
ENSMUSG00000109453	0
ENSMUSG00000109454	0
ENSMUSG00000109455	2
ENSMUSG00000109456	0
ENSMUSG00000109457	0
ENSMUSG00000109458	0
ENSMUSG00000109459	5
ENSMUSG00000109460	0
ENSMUSG00000109461	0
ENSMUSG00000109462	0
ENSMUSG00000109463	1
ENSMUSG00000109464	0
ENSMUSG00000109465	0
ENSMUSG00000109466	0
ENSMUSG00000109467	0
ENSMUSG00000109468	0
ENSMUSG00000109469	0
ENSMUSG00000109471	0
ENSMUSG00000109472	7
ENSMUSG00000109473	20
ENSMUSG00000109475	0
ENSMUSG00000109476	0
ENSMUSG00000109477	0
ENSMUSG00000109478	0
ENSMUSG00000109479	0
ENSMUSG00000109480	0
ENSMUSG00000109481	0
ENSMUSG00000109482	2395
ENSMUSG00000109484	0
ENSMUSG00000109485	0
ENSMUSG00000109487	0
ENSMUSG00000109488	1
ENSMUSG00000109489	11
ENSMUSG00000109490	0
ENSMUSG00000109491	0
ENSMUSG00000109492	0
ENSMUSG00000109493	0
ENSMUSG00000109494	0
ENSMUSG00000109495	0
ENSMUSG00000109496	0
ENSMUSG00000109497	0
ENSMUSG00000109498	9
ENSMUSG00000109499	0
ENSMUSG00000109500	0
ENSMUSG00000109501	0
ENSMUSG00000109502	0
ENSMUSG00000109503	0
ENSMUSG00000109504	0
ENSMUSG00000109505	0
ENSMUSG00000109506	0
ENSMUSG00000109507	0
ENSMUSG00000109508	0
ENSMUSG00000109509	0
ENSMUSG00000109510	1
ENSMUSG00000109511	241
ENSMUSG00000109512	0
ENSMUSG00000109513	3
ENSMUSG00000109514	0
ENSMUSG00000109515	0
ENSMUSG00000109516	0
ENSMUSG00000109517	1
ENSMUSG00000109518	0
ENSMUSG00000109519	0
ENSMUSG00000109520	0
ENSMUSG00000109521	0
ENSMUSG00000109522	0
ENSMUSG00000109523	0
ENSMUSG00000109524	0
ENSMUSG00000109525	6
ENSMUSG00000109526	0
ENSMUSG00000109527	0
ENSMUSG00000109528	0
ENSMUSG00000109529	0
ENSMUSG00000109530	0
ENSMUSG00000109532	0
ENSMUSG00000109533	0
ENSMUSG00000109534	0
ENSMUSG00000109535	0
ENSMUSG00000109536	9
ENSMUSG00000109537	0
ENSMUSG00000109538	0
ENSMUSG00000109539	6
ENSMUSG00000109540	0
ENSMUSG00000109541	0
ENSMUSG00000109542	0
ENSMUSG00000109543	0
ENSMUSG00000109544	0
ENSMUSG00000109545	0
ENSMUSG00000109546	0
ENSMUSG00000109547	0
ENSMUSG00000109548	0
ENSMUSG00000109549	0
ENSMUSG00000109550	1
ENSMUSG00000109551	0
ENSMUSG00000109552	0
ENSMUSG00000109553	0
ENSMUSG00000109554	1
ENSMUSG00000109555	9
ENSMUSG00000109556	6
ENSMUSG00000109557	0
ENSMUSG00000109558	0
ENSMUSG00000109559	6
ENSMUSG00000109560	0
ENSMUSG00000109561	0
ENSMUSG00000109562	0
ENSMUSG00000109563	0
ENSMUSG00000109564	5
ENSMUSG00000109565	0
ENSMUSG00000109566	0
ENSMUSG00000109567	0
ENSMUSG00000109568	0
ENSMUSG00000109569	0
ENSMUSG00000109570	0
ENSMUSG00000109571	0
ENSMUSG00000109572	0
ENSMUSG00000109573	0
ENSMUSG00000109574	0
ENSMUSG00000109575	0
ENSMUSG00000109576	0
ENSMUSG00000109577	0
ENSMUSG00000109578	0
ENSMUSG00000109579	0
ENSMUSG00000109580	4
ENSMUSG00000109581	0
ENSMUSG00000109582	0
ENSMUSG00000109583	0
ENSMUSG00000109584	1
ENSMUSG00000109585	0
ENSMUSG00000109586	0
ENSMUSG00000109587	8
ENSMUSG00000109588	0
ENSMUSG00000109589	0
ENSMUSG00000109590	0
ENSMUSG00000109591	0
ENSMUSG00000109592	0
ENSMUSG00000109593	0
ENSMUSG00000109594	0
ENSMUSG00000109595	0
ENSMUSG00000109596	0
ENSMUSG00000109597	0
ENSMUSG00000109598	0
ENSMUSG00000109599	23
ENSMUSG00000109600	0
ENSMUSG00000109601	0
ENSMUSG00000109602	0
ENSMUSG00000109603	2
ENSMUSG00000109604	0
ENSMUSG00000109605	0
ENSMUSG00000109606	0
ENSMUSG00000109607	1
ENSMUSG00000109608	0
ENSMUSG00000109609	10
ENSMUSG00000109610	0
ENSMUSG00000109611	0
ENSMUSG00000109612	3
ENSMUSG00000109613	0
ENSMUSG00000109614	0
ENSMUSG00000109615	0
ENSMUSG00000109616	0
ENSMUSG00000109617	0
ENSMUSG00000109618	0
ENSMUSG00000109619	0
ENSMUSG00000109620	0
ENSMUSG00000109621	0
ENSMUSG00000109622	0
ENSMUSG00000109623	0
ENSMUSG00000109624	0
ENSMUSG00000109625	0
ENSMUSG00000109626	0
ENSMUSG00000109627	0
ENSMUSG00000109628	11491
ENSMUSG00000109629	0
ENSMUSG00000109630	0
ENSMUSG00000109631	0
ENSMUSG00000109632	0
ENSMUSG00000109633	0
ENSMUSG00000109634	0
ENSMUSG00000109635	0
ENSMUSG00000109636	0
ENSMUSG00000109637	0
ENSMUSG00000109638	4
ENSMUSG00000109639	0
ENSMUSG00000109640	1
ENSMUSG00000109641	0
ENSMUSG00000109642	3
ENSMUSG00000109643	0
ENSMUSG00000109644	2402
ENSMUSG00000109645	44
ENSMUSG00000109646	0
ENSMUSG00000109647	1
ENSMUSG00000109648	0
ENSMUSG00000109649	0
ENSMUSG00000109650	0
ENSMUSG00000109651	0
ENSMUSG00000109652	2
ENSMUSG00000109653	0
ENSMUSG00000109654	0
ENSMUSG00000109655	0
ENSMUSG00000109656	18
ENSMUSG00000109657	0
ENSMUSG00000109658	0
ENSMUSG00000109659	0
ENSMUSG00000109661	0
ENSMUSG00000109662	0
ENSMUSG00000109663	0
ENSMUSG00000109664	0
ENSMUSG00000109665	0
ENSMUSG00000109666	0
ENSMUSG00000109667	0
ENSMUSG00000109668	0
ENSMUSG00000109669	0
ENSMUSG00000109670	0
ENSMUSG00000109671	0
ENSMUSG00000109672	0
ENSMUSG00000109673	0
ENSMUSG00000109674	1
ENSMUSG00000109675	14
ENSMUSG00000109676	0
ENSMUSG00000109677	0
ENSMUSG00000109678	0
ENSMUSG00000109679	2
ENSMUSG00000109680	5
ENSMUSG00000109681	0
ENSMUSG00000109682	0
ENSMUSG00000109683	0
ENSMUSG00000109684	0
ENSMUSG00000109685	4
ENSMUSG00000109686	0
ENSMUSG00000109687	0
ENSMUSG00000109688	0
ENSMUSG00000109689	0
ENSMUSG00000109690	8
ENSMUSG00000109691	0
ENSMUSG00000109692	0
ENSMUSG00000109693	1
ENSMUSG00000109694	0
ENSMUSG00000109695	29
ENSMUSG00000109696	0
ENSMUSG00000109697	8
ENSMUSG00000109698	2
ENSMUSG00000109699	0
ENSMUSG00000109700	0
ENSMUSG00000109701	0
ENSMUSG00000109702	0
ENSMUSG00000109703	15
ENSMUSG00000109704	2
ENSMUSG00000109705	0
ENSMUSG00000109706	2
ENSMUSG00000109707	0
ENSMUSG00000109708	8
ENSMUSG00000109709	0
ENSMUSG00000109710	0
ENSMUSG00000109711	0
ENSMUSG00000109712	0
ENSMUSG00000109713	4
ENSMUSG00000109714	13
ENSMUSG00000109715	8
ENSMUSG00000109716	0
ENSMUSG00000109717	0
ENSMUSG00000109718	0
ENSMUSG00000109719	0
ENSMUSG00000109720	0
ENSMUSG00000109721	0
ENSMUSG00000109722	0
ENSMUSG00000109723	0
ENSMUSG00000109724	1
ENSMUSG00000109725	0
ENSMUSG00000109726	0
ENSMUSG00000109727	1
ENSMUSG00000109728	0
ENSMUSG00000109729	0
ENSMUSG00000109730	0
ENSMUSG00000109731	0
ENSMUSG00000109732	0
ENSMUSG00000109733	0
ENSMUSG00000109734	0
ENSMUSG00000109735	0
ENSMUSG00000109736	0
ENSMUSG00000109737	0
ENSMUSG00000109738	0
ENSMUSG00000109739	0
ENSMUSG00000109740	0
ENSMUSG00000109741	0
ENSMUSG00000109742	0
ENSMUSG00000109743	0
ENSMUSG00000109744	0
ENSMUSG00000109745	0
ENSMUSG00000109746	0
ENSMUSG00000109747	0
ENSMUSG00000109748	0
ENSMUSG00000109749	0
ENSMUSG00000109750	0
ENSMUSG00000109751	0
ENSMUSG00000109752	0
ENSMUSG00000109753	0
ENSMUSG00000109754	0
ENSMUSG00000109755	0
ENSMUSG00000109756	0
ENSMUSG00000109757	6
ENSMUSG00000109758	0
ENSMUSG00000109759	0
ENSMUSG00000109760	0
ENSMUSG00000109761	0
ENSMUSG00000109762	0
ENSMUSG00000109763	0
ENSMUSG00000109764	9203
ENSMUSG00000109765	1
ENSMUSG00000109766	0
ENSMUSG00000109767	0
ENSMUSG00000109768	0
ENSMUSG00000109769	0
ENSMUSG00000109770	0
ENSMUSG00000109771	83
ENSMUSG00000109772	0
ENSMUSG00000109773	6
ENSMUSG00000109774	0
ENSMUSG00000109775	0
ENSMUSG00000109776	0
ENSMUSG00000109777	0
ENSMUSG00000109778	0
ENSMUSG00000109779	0
ENSMUSG00000109780	0
ENSMUSG00000109781	0
ENSMUSG00000109782	0
ENSMUSG00000109783	276
ENSMUSG00000109784	1
ENSMUSG00000109785	1
ENSMUSG00000109786	0
ENSMUSG00000109787	3
ENSMUSG00000109788	0
ENSMUSG00000109789	0
ENSMUSG00000109790	0
ENSMUSG00000109791	0
ENSMUSG00000109792	0
ENSMUSG00000109793	2
ENSMUSG00000109794	0
ENSMUSG00000109795	0
ENSMUSG00000109796	0
ENSMUSG00000109797	0
ENSMUSG00000109798	0
ENSMUSG00000109799	0
ENSMUSG00000109800	16
ENSMUSG00000109801	0
ENSMUSG00000109802	0
ENSMUSG00000109803	0
ENSMUSG00000109805	0
ENSMUSG00000109806	0
ENSMUSG00000109807	0
ENSMUSG00000109808	0
ENSMUSG00000109809	0
ENSMUSG00000109810	2
ENSMUSG00000109811	0
ENSMUSG00000109812	10
ENSMUSG00000109813	0
ENSMUSG00000109814	0
ENSMUSG00000109815	0
ENSMUSG00000109816	0
ENSMUSG00000109817	0
ENSMUSG00000109818	0
ENSMUSG00000109819	0
ENSMUSG00000109820	0
ENSMUSG00000109821	0
ENSMUSG00000109822	0
ENSMUSG00000109823	0
ENSMUSG00000109824	0
ENSMUSG00000109825	2
ENSMUSG00000109826	0
ENSMUSG00000109827	1
ENSMUSG00000109828	0
ENSMUSG00000109829	6
ENSMUSG00000109830	0
ENSMUSG00000109831	0
ENSMUSG00000109832	0
ENSMUSG00000109833	0
ENSMUSG00000109834	0
ENSMUSG00000109835	0
ENSMUSG00000109836	10
ENSMUSG00000109837	0
ENSMUSG00000109838	0
ENSMUSG00000109839	0
ENSMUSG00000109840	0
ENSMUSG00000109841	172
ENSMUSG00000109842	0
ENSMUSG00000109843	0
ENSMUSG00000109844	0
ENSMUSG00000109845	0
ENSMUSG00000109846	0
ENSMUSG00000109847	0
ENSMUSG00000109848	0
ENSMUSG00000109849	0
ENSMUSG00000109850	0
ENSMUSG00000109851	0
ENSMUSG00000109852	0
ENSMUSG00000109853	0
ENSMUSG00000109854	0
ENSMUSG00000109855	1
ENSMUSG00000109856	0
ENSMUSG00000109857	1
ENSMUSG00000109858	0
ENSMUSG00000109859	0
ENSMUSG00000109860	0
ENSMUSG00000109861	0
ENSMUSG00000109862	0
ENSMUSG00000109863	5
ENSMUSG00000109864	1
ENSMUSG00000109865	297
ENSMUSG00000109866	0
ENSMUSG00000109867	0
ENSMUSG00000109868	0
ENSMUSG00000109869	0
ENSMUSG00000109870	0
ENSMUSG00000109871	0
ENSMUSG00000109872	0
ENSMUSG00000109873	0
ENSMUSG00000109874	0
ENSMUSG00000109875	0
ENSMUSG00000109876	0
ENSMUSG00000109877	3
ENSMUSG00000109878	0
ENSMUSG00000109879	0
ENSMUSG00000109880	0
ENSMUSG00000109881	0
ENSMUSG00000109882	0
ENSMUSG00000109883	0
ENSMUSG00000109884	0
ENSMUSG00000109885	0
ENSMUSG00000109886	0
ENSMUSG00000109887	0
ENSMUSG00000109888	0
ENSMUSG00000109889	0
ENSMUSG00000109890	0
ENSMUSG00000109891	0
ENSMUSG00000109892	0
ENSMUSG00000109893	0
ENSMUSG00000109894	6
ENSMUSG00000109895	1
ENSMUSG00000109896	0
ENSMUSG00000109897	0
ENSMUSG00000109898	0
ENSMUSG00000109899	5
ENSMUSG00000109900	0
ENSMUSG00000109901	987
ENSMUSG00000109902	0
ENSMUSG00000109903	0
ENSMUSG00000109904	0
ENSMUSG00000109905	0
ENSMUSG00000109906	0
ENSMUSG00000109907	0
ENSMUSG00000109909	0
ENSMUSG00000109910	0
ENSMUSG00000109911	0
ENSMUSG00000109912	0
ENSMUSG00000109913	0
ENSMUSG00000109914	0
ENSMUSG00000109915	0
ENSMUSG00000109916	0
ENSMUSG00000109917	0
ENSMUSG00000109918	0
ENSMUSG00000109919	0
ENSMUSG00000109920	0
ENSMUSG00000109921	0
ENSMUSG00000109922	0
ENSMUSG00000109923	0
ENSMUSG00000109924	0
ENSMUSG00000109925	0
ENSMUSG00000109926	0
ENSMUSG00000109927	0
ENSMUSG00000109928	0
ENSMUSG00000109929	0
ENSMUSG00000109930	0
ENSMUSG00000109931	2
ENSMUSG00000109932	1
ENSMUSG00000109933	0
ENSMUSG00000109934	0
ENSMUSG00000109935	0
ENSMUSG00000109936	0
ENSMUSG00000109937	0
ENSMUSG00000109938	1
ENSMUSG00000109939	0
ENSMUSG00000109940	0
ENSMUSG00000109941	0
ENSMUSG00000109942	0
ENSMUSG00000109943	0
ENSMUSG00000109944	0
ENSMUSG00000109945	0
ENSMUSG00000109946	24
ENSMUSG00000109947	0
ENSMUSG00000109948	0
ENSMUSG00000109949	0
ENSMUSG00000109950	0
ENSMUSG00000109951	0
ENSMUSG00000109952	0
ENSMUSG00000109953	2
ENSMUSG00000109954	0
ENSMUSG00000109955	0
ENSMUSG00000109956	7
ENSMUSG00000109957	3
ENSMUSG00000109958	0
ENSMUSG00000109959	0
ENSMUSG00000109960	0
ENSMUSG00000109961	0
ENSMUSG00000109962	0
ENSMUSG00000109963	0
ENSMUSG00000109964	0
ENSMUSG00000109965	0
ENSMUSG00000109966	0
ENSMUSG00000109967	0
ENSMUSG00000109968	0
ENSMUSG00000109969	0
ENSMUSG00000109970	0
ENSMUSG00000109971	0
ENSMUSG00000109972	0
ENSMUSG00000109973	0
ENSMUSG00000109974	0
ENSMUSG00000109975	6
ENSMUSG00000109976	0
ENSMUSG00000109977	0
ENSMUSG00000109978	0
ENSMUSG00000109979	0
ENSMUSG00000109980	0
ENSMUSG00000109981	0
ENSMUSG00000109982	1
ENSMUSG00000109983	0
ENSMUSG00000109984	2
ENSMUSG00000109985	0
ENSMUSG00000109986	0
ENSMUSG00000109987	0
ENSMUSG00000109988	0
ENSMUSG00000109990	0
ENSMUSG00000109991	1
ENSMUSG00000109992	0
ENSMUSG00000109993	0
ENSMUSG00000109994	0
ENSMUSG00000109995	0
ENSMUSG00000109996	0
ENSMUSG00000109997	0
ENSMUSG00000109998	0
ENSMUSG00000109999	0
ENSMUSG00000110000	0
ENSMUSG00000110001	0
ENSMUSG00000110002	0
ENSMUSG00000110003	0
ENSMUSG00000110004	0
ENSMUSG00000110005	0
ENSMUSG00000110006	0
ENSMUSG00000110007	0
ENSMUSG00000110008	0
ENSMUSG00000110009	0
ENSMUSG00000110010	2
ENSMUSG00000110011	0
ENSMUSG00000110012	0
ENSMUSG00000110013	0
ENSMUSG00000110014	0
ENSMUSG00000110015	0
ENSMUSG00000110016	0
ENSMUSG00000110017	0
ENSMUSG00000110018	2
ENSMUSG00000110019	0
ENSMUSG00000110020	4
ENSMUSG00000110022	0
ENSMUSG00000110023	0
ENSMUSG00000110024	0
ENSMUSG00000110025	0
ENSMUSG00000110026	0
ENSMUSG00000110027	0
ENSMUSG00000110028	0
ENSMUSG00000110030	0
ENSMUSG00000110031	0
ENSMUSG00000110032	4
ENSMUSG00000110033	0
ENSMUSG00000110034	0
ENSMUSG00000110035	17
ENSMUSG00000110036	0
ENSMUSG00000110037	0
ENSMUSG00000110038	0
ENSMUSG00000110039	0
ENSMUSG00000110040	0
ENSMUSG00000110041	0
ENSMUSG00000110042	0
ENSMUSG00000110043	0
ENSMUSG00000110044	0
ENSMUSG00000110045	0
ENSMUSG00000110046	0
ENSMUSG00000110047	0
ENSMUSG00000110048	0
ENSMUSG00000110049	0
ENSMUSG00000110050	0
ENSMUSG00000110051	0
ENSMUSG00000110052	0
ENSMUSG00000110053	0
ENSMUSG00000110054	0
ENSMUSG00000110055	3
ENSMUSG00000110056	0
ENSMUSG00000110057	0
ENSMUSG00000110058	0
ENSMUSG00000110059	0
ENSMUSG00000110060	0
ENSMUSG00000110061	0
ENSMUSG00000110062	0
ENSMUSG00000110063	0
ENSMUSG00000110064	0
ENSMUSG00000110065	0
ENSMUSG00000110066	0
ENSMUSG00000110067	0
ENSMUSG00000110068	0
ENSMUSG00000110069	6
ENSMUSG00000110070	0
ENSMUSG00000110071	0
ENSMUSG00000110072	0
ENSMUSG00000110073	0
ENSMUSG00000110074	0
ENSMUSG00000110075	0
ENSMUSG00000110076	0
ENSMUSG00000110077	2
ENSMUSG00000110078	0
ENSMUSG00000110079	0
ENSMUSG00000110080	0
ENSMUSG00000110081	0
ENSMUSG00000110082	0
ENSMUSG00000110083	0
ENSMUSG00000110084	0
ENSMUSG00000110085	0
ENSMUSG00000110086	0
ENSMUSG00000110087	3
ENSMUSG00000110088	0
ENSMUSG00000110089	0
ENSMUSG00000110090	0
ENSMUSG00000110091	0
ENSMUSG00000110092	0
ENSMUSG00000110093	0
ENSMUSG00000110094	0
ENSMUSG00000110095	0
ENSMUSG00000110096	0
ENSMUSG00000110097	0
ENSMUSG00000110098	0
ENSMUSG00000110099	1
ENSMUSG00000110100	0
ENSMUSG00000110101	0
ENSMUSG00000110102	0
ENSMUSG00000110103	0
ENSMUSG00000110104	0
ENSMUSG00000110105	25
ENSMUSG00000110106	0
ENSMUSG00000110108	0
ENSMUSG00000110109	0
ENSMUSG00000110110	0
ENSMUSG00000110111	0
ENSMUSG00000110112	0
ENSMUSG00000110113	0
ENSMUSG00000110114	0
ENSMUSG00000110115	0
ENSMUSG00000110116	0
ENSMUSG00000110117	0
ENSMUSG00000110118	0
ENSMUSG00000110119	0
ENSMUSG00000110120	2
ENSMUSG00000110121	0
ENSMUSG00000110122	0
ENSMUSG00000110123	0
ENSMUSG00000110124	1
ENSMUSG00000110125	1
ENSMUSG00000110126	0
ENSMUSG00000110127	0
ENSMUSG00000110128	0
ENSMUSG00000110129	0
ENSMUSG00000110130	0
ENSMUSG00000110131	0
ENSMUSG00000110132	0
ENSMUSG00000110133	136
ENSMUSG00000110134	0
ENSMUSG00000110135	0
ENSMUSG00000110136	0
ENSMUSG00000110137	0
ENSMUSG00000110138	0
ENSMUSG00000110139	0
ENSMUSG00000110140	0
ENSMUSG00000110141	0
ENSMUSG00000110142	0
ENSMUSG00000110143	0
ENSMUSG00000110144	1
ENSMUSG00000110145	0
ENSMUSG00000110146	0
ENSMUSG00000110147	0
ENSMUSG00000110148	10
ENSMUSG00000110149	0
ENSMUSG00000110150	7
ENSMUSG00000110151	245
ENSMUSG00000110152	0
ENSMUSG00000110153	0
ENSMUSG00000110154	0
ENSMUSG00000110155	0
ENSMUSG00000110156	3
ENSMUSG00000110157	0
ENSMUSG00000110158	0
ENSMUSG00000110159	1
ENSMUSG00000110160	0
ENSMUSG00000110161	3
ENSMUSG00000110162	0
ENSMUSG00000110163	0
ENSMUSG00000110164	0
ENSMUSG00000110165	58
ENSMUSG00000110166	0
ENSMUSG00000110167	1
ENSMUSG00000110168	0
ENSMUSG00000110169	0
ENSMUSG00000110170	7
ENSMUSG00000110171	0
ENSMUSG00000110172	0
ENSMUSG00000110173	14
ENSMUSG00000110174	0
ENSMUSG00000110175	0
ENSMUSG00000110176	0
ENSMUSG00000110177	7
ENSMUSG00000110178	0
ENSMUSG00000110179	0
ENSMUSG00000110180	0
ENSMUSG00000110181	0
ENSMUSG00000110182	0
ENSMUSG00000110183	0
ENSMUSG00000110184	0
ENSMUSG00000110185	391
ENSMUSG00000110186	0
ENSMUSG00000110187	0
ENSMUSG00000110188	0
ENSMUSG00000110189	0
ENSMUSG00000110190	0
ENSMUSG00000110192	0
ENSMUSG00000110193	0
ENSMUSG00000110194	0
ENSMUSG00000110195	1
ENSMUSG00000110196	0
ENSMUSG00000110197	0
ENSMUSG00000110198	0
ENSMUSG00000110199	3
ENSMUSG00000110200	0
ENSMUSG00000110201	0
ENSMUSG00000110202	0
ENSMUSG00000110203	0
ENSMUSG00000110204	0
ENSMUSG00000110205	0
ENSMUSG00000110206	138
ENSMUSG00000110207	0
ENSMUSG00000110208	1
ENSMUSG00000110209	0
ENSMUSG00000110210	0
ENSMUSG00000110211	0
ENSMUSG00000110212	0
ENSMUSG00000110213	0
ENSMUSG00000110214	0
ENSMUSG00000110215	0
ENSMUSG00000110216	8
ENSMUSG00000110217	0
ENSMUSG00000110218	12
ENSMUSG00000110219	0
ENSMUSG00000110220	0
ENSMUSG00000110221	2
ENSMUSG00000110222	0
ENSMUSG00000110223	0
ENSMUSG00000110224	0
ENSMUSG00000110225	0
ENSMUSG00000110226	0
ENSMUSG00000110227	0
ENSMUSG00000110228	0
ENSMUSG00000110229	0
ENSMUSG00000110230	0
ENSMUSG00000110231	0
ENSMUSG00000110232	1
ENSMUSG00000110233	0
ENSMUSG00000110234	0
ENSMUSG00000110235	8
ENSMUSG00000110236	0
ENSMUSG00000110237	1
ENSMUSG00000110238	0
ENSMUSG00000110239	10
ENSMUSG00000110240	0
ENSMUSG00000110241	0
ENSMUSG00000110242	0
ENSMUSG00000110243	0
ENSMUSG00000110244	4
ENSMUSG00000110245	6
ENSMUSG00000110246	0
ENSMUSG00000110247	0
ENSMUSG00000110248	0
ENSMUSG00000110249	0
ENSMUSG00000110250	0
ENSMUSG00000110251	3
ENSMUSG00000110252	0
ENSMUSG00000110253	0
ENSMUSG00000110254	0
ENSMUSG00000110255	0
ENSMUSG00000110256	13
ENSMUSG00000110257	0
ENSMUSG00000110258	0
ENSMUSG00000110259	0
ENSMUSG00000110260	0
ENSMUSG00000110261	0
ENSMUSG00000110262	0
ENSMUSG00000110263	0
ENSMUSG00000110264	0
ENSMUSG00000110265	14
ENSMUSG00000110266	0
ENSMUSG00000110267	0
ENSMUSG00000110268	0
ENSMUSG00000110269	0
ENSMUSG00000110270	0
ENSMUSG00000110271	0
ENSMUSG00000110272	0
ENSMUSG00000110273	28
ENSMUSG00000110274	0
ENSMUSG00000110275	395
ENSMUSG00000110276	0
ENSMUSG00000110277	174
ENSMUSG00000110278	0
ENSMUSG00000110279	2
ENSMUSG00000110280	0
ENSMUSG00000110281	0
ENSMUSG00000110282	0
ENSMUSG00000110283	0
ENSMUSG00000110284	0
ENSMUSG00000110285	0
ENSMUSG00000110286	0
ENSMUSG00000110287	0
ENSMUSG00000110288	0
ENSMUSG00000110289	1
ENSMUSG00000110290	0
ENSMUSG00000110291	0
ENSMUSG00000110292	0
ENSMUSG00000110293	0
ENSMUSG00000110294	0
ENSMUSG00000110295	0
ENSMUSG00000110296	0
ENSMUSG00000110297	0
ENSMUSG00000110298	45
ENSMUSG00000110299	0
ENSMUSG00000110300	0
ENSMUSG00000110301	0
ENSMUSG00000110302	0
ENSMUSG00000110303	0
ENSMUSG00000110304	0
ENSMUSG00000110305	0
ENSMUSG00000110306	0
ENSMUSG00000110307	0
ENSMUSG00000110308	0
ENSMUSG00000110309	7
ENSMUSG00000110310	0
ENSMUSG00000110311	0
ENSMUSG00000110312	0
ENSMUSG00000110313	2
ENSMUSG00000110314	0
ENSMUSG00000110315	0
ENSMUSG00000110316	4
ENSMUSG00000110317	49
ENSMUSG00000110318	0
ENSMUSG00000110319	0
ENSMUSG00000110320	0
ENSMUSG00000110321	0
ENSMUSG00000110322	0
ENSMUSG00000110323	0
ENSMUSG00000110324	0
ENSMUSG00000110325	0
ENSMUSG00000110326	3
ENSMUSG00000110327	0
ENSMUSG00000110328	0
ENSMUSG00000110329	0
ENSMUSG00000110330	0
ENSMUSG00000110331	278
ENSMUSG00000110332	1
ENSMUSG00000110333	1
ENSMUSG00000110334	1
ENSMUSG00000110335	0
ENSMUSG00000110336	0
ENSMUSG00000110337	0
ENSMUSG00000110338	0
ENSMUSG00000110339	0
ENSMUSG00000110340	0
ENSMUSG00000110341	0
ENSMUSG00000110342	0
ENSMUSG00000110343	0
ENSMUSG00000110344	157
ENSMUSG00000110345	0
ENSMUSG00000110346	0
ENSMUSG00000110347	0
ENSMUSG00000110348	0
ENSMUSG00000110349	0
ENSMUSG00000110350	0
ENSMUSG00000110351	0
ENSMUSG00000110352	0
ENSMUSG00000110353	476
ENSMUSG00000110354	0
ENSMUSG00000110355	4
ENSMUSG00000110356	0
ENSMUSG00000110357	7
ENSMUSG00000110358	0
ENSMUSG00000110359	0
ENSMUSG00000110360	1
ENSMUSG00000110361	0
ENSMUSG00000110362	0
ENSMUSG00000110363	0
ENSMUSG00000110364	0
ENSMUSG00000110365	0
ENSMUSG00000110366	1
ENSMUSG00000110367	0
ENSMUSG00000110368	0
ENSMUSG00000110369	7
ENSMUSG00000110370	0
ENSMUSG00000110371	0
ENSMUSG00000110372	0
ENSMUSG00000110373	0
ENSMUSG00000110374	0
ENSMUSG00000110375	0
ENSMUSG00000110376	0
ENSMUSG00000110377	1
ENSMUSG00000110378	2
ENSMUSG00000110379	0
ENSMUSG00000110380	0
ENSMUSG00000110381	0
ENSMUSG00000110382	0
ENSMUSG00000110383	0
ENSMUSG00000110384	1
ENSMUSG00000110385	0
ENSMUSG00000110386	0
ENSMUSG00000110387	0
ENSMUSG00000110388	0
ENSMUSG00000110389	0
ENSMUSG00000110390	0
ENSMUSG00000110391	0
ENSMUSG00000110392	0
ENSMUSG00000110393	34
ENSMUSG00000110394	0
ENSMUSG00000110395	0
ENSMUSG00000110396	0
ENSMUSG00000110397	6
ENSMUSG00000110398	0
ENSMUSG00000110399	0
ENSMUSG00000110400	1
ENSMUSG00000110401	0
ENSMUSG00000110402	0
ENSMUSG00000110403	0
ENSMUSG00000110404	2
ENSMUSG00000110405	0
ENSMUSG00000110406	0
ENSMUSG00000110407	1
ENSMUSG00000110408	0
ENSMUSG00000110409	1
ENSMUSG00000110410	0
ENSMUSG00000110411	9
ENSMUSG00000110412	0
ENSMUSG00000110413	0
ENSMUSG00000110414	0
ENSMUSG00000110415	0
ENSMUSG00000110416	0
ENSMUSG00000110417	0
ENSMUSG00000110419	3
ENSMUSG00000110420	0
ENSMUSG00000110421	0
ENSMUSG00000110422	0
ENSMUSG00000110423	0
ENSMUSG00000110424	10
ENSMUSG00000110425	1
ENSMUSG00000110426	0
ENSMUSG00000110427	0
ENSMUSG00000110428	0
ENSMUSG00000110429	3
ENSMUSG00000110430	0
ENSMUSG00000110431	0
ENSMUSG00000110432	0
ENSMUSG00000110433	0
ENSMUSG00000110434	0
ENSMUSG00000110435	5
ENSMUSG00000110437	0
ENSMUSG00000110438	4
ENSMUSG00000110439	0
ENSMUSG00000110440	0
ENSMUSG00000110441	0
ENSMUSG00000110442	2
ENSMUSG00000110443	0
ENSMUSG00000110444	222
ENSMUSG00000110445	0
ENSMUSG00000110446	3
ENSMUSG00000110447	0
ENSMUSG00000110448	0
ENSMUSG00000110449	0
ENSMUSG00000110450	0
ENSMUSG00000110452	0
ENSMUSG00000110453	1
ENSMUSG00000110454	0
ENSMUSG00000110455	0
ENSMUSG00000110456	6
ENSMUSG00000110457	0
ENSMUSG00000110458	0
ENSMUSG00000110459	22
ENSMUSG00000110460	0
ENSMUSG00000110461	0
ENSMUSG00000110462	0
ENSMUSG00000110463	0
ENSMUSG00000110464	0
ENSMUSG00000110465	0
ENSMUSG00000110466	0
ENSMUSG00000110467	0
ENSMUSG00000110468	0
ENSMUSG00000110469	0
ENSMUSG00000110470	0
ENSMUSG00000110471	0
ENSMUSG00000110472	0
ENSMUSG00000110473	0
ENSMUSG00000110474	0
ENSMUSG00000110475	7
ENSMUSG00000110476	0
ENSMUSG00000110477	0
ENSMUSG00000110478	0
ENSMUSG00000110479	0
ENSMUSG00000110480	0
ENSMUSG00000110481	2
ENSMUSG00000110482	0
ENSMUSG00000110483	0
ENSMUSG00000110484	0
ENSMUSG00000110485	0
ENSMUSG00000110486	0
ENSMUSG00000110487	0
ENSMUSG00000110488	0
ENSMUSG00000110489	0
ENSMUSG00000110490	0
ENSMUSG00000110491	0
ENSMUSG00000110492	0
ENSMUSG00000110493	0
ENSMUSG00000110494	0
ENSMUSG00000110495	0
ENSMUSG00000110496	82
ENSMUSG00000110497	0
ENSMUSG00000110498	0
ENSMUSG00000110499	1
ENSMUSG00000110500	0
ENSMUSG00000110501	0
ENSMUSG00000110502	12
ENSMUSG00000110503	0
ENSMUSG00000110504	1
ENSMUSG00000110505	0
ENSMUSG00000110506	0
ENSMUSG00000110507	0
ENSMUSG00000110508	0
ENSMUSG00000110509	0
ENSMUSG00000110510	0
ENSMUSG00000110511	0
ENSMUSG00000110512	0
ENSMUSG00000110513	0
ENSMUSG00000110514	0
ENSMUSG00000110515	0
ENSMUSG00000110516	0
ENSMUSG00000110517	0
ENSMUSG00000110518	0
ENSMUSG00000110519	0
ENSMUSG00000110520	1
ENSMUSG00000110521	0
ENSMUSG00000110522	0
ENSMUSG00000110523	0
ENSMUSG00000110524	0
ENSMUSG00000110525	0
ENSMUSG00000110526	0
ENSMUSG00000110527	0
ENSMUSG00000110528	3
ENSMUSG00000110529	4
ENSMUSG00000110530	0
ENSMUSG00000110531	0
ENSMUSG00000110532	0
ENSMUSG00000110533	0
ENSMUSG00000110534	0
ENSMUSG00000110535	0
ENSMUSG00000110536	0
ENSMUSG00000110537	0
ENSMUSG00000110538	0
ENSMUSG00000110539	0
ENSMUSG00000110540	4
ENSMUSG00000110541	0
ENSMUSG00000110542	0
ENSMUSG00000110543	2
ENSMUSG00000110544	0
ENSMUSG00000110545	30
ENSMUSG00000110546	0
ENSMUSG00000110547	0
ENSMUSG00000110548	0
ENSMUSG00000110549	0
ENSMUSG00000110550	0
ENSMUSG00000110551	0
ENSMUSG00000110552	0
ENSMUSG00000110553	0
ENSMUSG00000110554	0
ENSMUSG00000110555	0
ENSMUSG00000110556	0
ENSMUSG00000110557	1
ENSMUSG00000110558	0
ENSMUSG00000110559	0
ENSMUSG00000110560	0
ENSMUSG00000110561	0
ENSMUSG00000110562	0
ENSMUSG00000110563	0
ENSMUSG00000110564	0
ENSMUSG00000110565	0
ENSMUSG00000110566	0
ENSMUSG00000110567	0
ENSMUSG00000110568	0
ENSMUSG00000110569	8
ENSMUSG00000110570	0
ENSMUSG00000110571	0
ENSMUSG00000110572	0
ENSMUSG00000110573	0
ENSMUSG00000110574	0
ENSMUSG00000110575	6
ENSMUSG00000110576	0
ENSMUSG00000110577	0
ENSMUSG00000110578	0
ENSMUSG00000110580	0
ENSMUSG00000110581	0
ENSMUSG00000110582	0
ENSMUSG00000110583	0
ENSMUSG00000110585	0
ENSMUSG00000110586	0
ENSMUSG00000110587	0
ENSMUSG00000110588	0
ENSMUSG00000110589	0
ENSMUSG00000110590	0
ENSMUSG00000110591	0
ENSMUSG00000110592	0
ENSMUSG00000110593	0
ENSMUSG00000110594	0
ENSMUSG00000110595	0
ENSMUSG00000110596	0
ENSMUSG00000110597	82
ENSMUSG00000110598	0
ENSMUSG00000110599	1
ENSMUSG00000110600	0
ENSMUSG00000110601	0
ENSMUSG00000110602	0
ENSMUSG00000110603	0
ENSMUSG00000110604	0
ENSMUSG00000110605	19
ENSMUSG00000110606	0
ENSMUSG00000110607	0
ENSMUSG00000110608	0
ENSMUSG00000110609	0
ENSMUSG00000110610	0
ENSMUSG00000110611	2
ENSMUSG00000110612	0
ENSMUSG00000110613	71
ENSMUSG00000110614	0
ENSMUSG00000110615	6
ENSMUSG00000110616	1
ENSMUSG00000110617	4
ENSMUSG00000110618	0
ENSMUSG00000110619	0
ENSMUSG00000110620	0
ENSMUSG00000110621	0
ENSMUSG00000110622	0
ENSMUSG00000110623	0
ENSMUSG00000110624	0
ENSMUSG00000110625	0
ENSMUSG00000110626	0
ENSMUSG00000110627	0
ENSMUSG00000110628	0
ENSMUSG00000110629	0
ENSMUSG00000110630	30
ENSMUSG00000110631	401
ENSMUSG00000110632	0
ENSMUSG00000110633	0
ENSMUSG00000110634	2
ENSMUSG00000110635	2
ENSMUSG00000110636	0
ENSMUSG00000110637	0
ENSMUSG00000110638	0
ENSMUSG00000110639	5
ENSMUSG00000110640	0
ENSMUSG00000110641	0
ENSMUSG00000110642	0
ENSMUSG00000110643	0
ENSMUSG00000110644	42
ENSMUSG00000110645	0
ENSMUSG00000110646	0
ENSMUSG00000110647	8
ENSMUSG00000110648	0
ENSMUSG00000110649	5
ENSMUSG00000110650	0
ENSMUSG00000110651	0
ENSMUSG00000110652	0
ENSMUSG00000110653	0
ENSMUSG00000110654	0
ENSMUSG00000110655	0
ENSMUSG00000110656	0
ENSMUSG00000110657	8
ENSMUSG00000110658	1
ENSMUSG00000110659	108
ENSMUSG00000110660	0
ENSMUSG00000110661	6
ENSMUSG00000110662	0
ENSMUSG00000110663	42
ENSMUSG00000110664	0
ENSMUSG00000110665	0
ENSMUSG00000110666	0
ENSMUSG00000110667	0
ENSMUSG00000110668	0
ENSMUSG00000110669	0
ENSMUSG00000110670	0
ENSMUSG00000110671	0
ENSMUSG00000110672	0
ENSMUSG00000110673	0
ENSMUSG00000110674	0
ENSMUSG00000110675	0
ENSMUSG00000110676	0
ENSMUSG00000110677	0
ENSMUSG00000110678	0
ENSMUSG00000110679	0
ENSMUSG00000110680	0
ENSMUSG00000110681	0
ENSMUSG00000110682	2
ENSMUSG00000110683	0
ENSMUSG00000110684	1
ENSMUSG00000110685	0
ENSMUSG00000110686	0
ENSMUSG00000110687	0
ENSMUSG00000110688	0
ENSMUSG00000110689	0
ENSMUSG00000110690	0
ENSMUSG00000110691	0
ENSMUSG00000110692	2
ENSMUSG00000110693	0
ENSMUSG00000110694	0
ENSMUSG00000110695	0
ENSMUSG00000110696	0
ENSMUSG00000110697	10
ENSMUSG00000110698	0
ENSMUSG00000110699	0
ENSMUSG00000110700	0
ENSMUSG00000110701	0
ENSMUSG00000110702	3
ENSMUSG00000110703	0
ENSMUSG00000110704	0
ENSMUSG00000110705	0
ENSMUSG00000110706	0
ENSMUSG00000110707	1
ENSMUSG00000110708	0
ENSMUSG00000110709	0
ENSMUSG00000110710	5
ENSMUSG00000110711	0
ENSMUSG00000110712	1
ENSMUSG00000110713	0
ENSMUSG00000110714	0
ENSMUSG00000110715	55
ENSMUSG00000110716	0
ENSMUSG00000110717	0
ENSMUSG00000110718	0
ENSMUSG00000110719	0
ENSMUSG00000110720	0
ENSMUSG00000110721	0
ENSMUSG00000110722	0
ENSMUSG00000110723	0
ENSMUSG00000110724	0
ENSMUSG00000110725	0
ENSMUSG00000110726	117
ENSMUSG00000110727	0
ENSMUSG00000110729	0
ENSMUSG00000110730	0
ENSMUSG00000110731	0
ENSMUSG00000110732	0
ENSMUSG00000110734	0
ENSMUSG00000110735	0
ENSMUSG00000110736	0
ENSMUSG00000110737	0
ENSMUSG00000110738	0
ENSMUSG00000110739	0
ENSMUSG00000110740	0
ENSMUSG00000110741	0
ENSMUSG00000110744	22
ENSMUSG00000110745	0
ENSMUSG00000110747	0
ENSMUSG00000110748	0
ENSMUSG00000110749	0
ENSMUSG00000110750	2
ENSMUSG00000110751	5
ENSMUSG00000110752	0
ENSMUSG00000110753	0
ENSMUSG00000110754	0
ENSMUSG00000110755	507
ENSMUSG00000110756	0
ENSMUSG00000110757	0
ENSMUSG00000110758	0
ENSMUSG00000110759	0
ENSMUSG00000110760	0
ENSMUSG00000110761	0
ENSMUSG00000110762	0
ENSMUSG00000110765	0
ENSMUSG00000110766	0
ENSMUSG00000110767	0
ENSMUSG00000110768	57
ENSMUSG00000110769	0
ENSMUSG00000110770	2
ENSMUSG00000110771	0
ENSMUSG00000110772	8
ENSMUSG00000110773	0
ENSMUSG00000110774	9
ENSMUSG00000110776	1
ENSMUSG00000110778	0
ENSMUSG00000110779	0
ENSMUSG00000110780	0
ENSMUSG00000110781	47
ENSMUSG00000110782	0
ENSMUSG00000110783	0
ENSMUSG00000110784	0
ENSMUSG00000110786	0
ENSMUSG00000110787	0
ENSMUSG00000110788	0
ENSMUSG00000110789	0
ENSMUSG00000110790	0
ENSMUSG00000110791	26
ENSMUSG00000110792	0
ENSMUSG00000110793	0
ENSMUSG00000110794	0
ENSMUSG00000110795	0
ENSMUSG00000110799	0
ENSMUSG00000110801	0
ENSMUSG00000110802	0
ENSMUSG00000110803	3
ENSMUSG00000110804	0
ENSMUSG00000110808	1
ENSMUSG00000110809	0
ENSMUSG00000110810	0
ENSMUSG00000110811	0
ENSMUSG00000110812	0
ENSMUSG00000110813	0
ENSMUSG00000110814	0
ENSMUSG00000110815	0
ENSMUSG00000110816	0
ENSMUSG00000110817	0
ENSMUSG00000110819	0
ENSMUSG00000110821	0
ENSMUSG00000110822	0
ENSMUSG00000110823	0
ENSMUSG00000110824	0
ENSMUSG00000110825	0
ENSMUSG00000110826	0
ENSMUSG00000110827	5
ENSMUSG00000110828	45
ENSMUSG00000110829	0
ENSMUSG00000110830	1
ENSMUSG00000110831	0
ENSMUSG00000110832	0
ENSMUSG00000110833	0
ENSMUSG00000110834	22
ENSMUSG00000110835	0
ENSMUSG00000110836	0
ENSMUSG00000110837	0
ENSMUSG00000110838	6
ENSMUSG00000110839	0
ENSMUSG00000110840	0
ENSMUSG00000110841	2790
ENSMUSG00000110843	0
ENSMUSG00000110844	0
ENSMUSG00000110845	0
ENSMUSG00000110846	0
ENSMUSG00000110847	4
ENSMUSG00000110848	0
ENSMUSG00000110849	0
ENSMUSG00000110851	0
ENSMUSG00000110853	0
ENSMUSG00000110854	0
ENSMUSG00000110855	0
ENSMUSG00000110856	0
ENSMUSG00000110857	0
ENSMUSG00000110858	0
ENSMUSG00000110862	0
ENSMUSG00000110863	1
ENSMUSG00000110864	0
ENSMUSG00000110865	0
ENSMUSG00000110866	0
ENSMUSG00000110867	0
ENSMUSG00000110869	0
ENSMUSG00000110870	0
ENSMUSG00000110872	0
ENSMUSG00000110873	0
ENSMUSG00000110874	0
ENSMUSG00000110875	0
ENSMUSG00000110876	0
ENSMUSG00000110877	0
ENSMUSG00000110878	0
ENSMUSG00000110879	0
ENSMUSG00000110880	0
ENSMUSG00000110881	0
ENSMUSG00000110882	15
ENSMUSG00000110884	0
ENSMUSG00000110885	0
ENSMUSG00000110886	0
ENSMUSG00000110887	0
ENSMUSG00000110888	0
ENSMUSG00000110889	0
ENSMUSG00000110891	0
ENSMUSG00000110892	0
ENSMUSG00000110893	0
ENSMUSG00000110894	0
ENSMUSG00000110895	0
ENSMUSG00000110896	0
ENSMUSG00000110897	0
ENSMUSG00000110898	0
ENSMUSG00000110899	0
ENSMUSG00000110901	0
ENSMUSG00000110902	2
ENSMUSG00000110903	2
ENSMUSG00000110905	0
ENSMUSG00000110908	0
ENSMUSG00000110909	0
ENSMUSG00000110910	6
ENSMUSG00000110911	0
ENSMUSG00000110912	0
ENSMUSG00000110913	0
ENSMUSG00000110914	0
ENSMUSG00000110915	0
ENSMUSG00000110916	0
ENSMUSG00000110917	0
ENSMUSG00000110918	0
ENSMUSG00000110919	0
ENSMUSG00000110920	0
ENSMUSG00000110922	0
ENSMUSG00000110923	0
ENSMUSG00000110924	0
ENSMUSG00000110925	0
ENSMUSG00000110926	1
ENSMUSG00000110927	0
ENSMUSG00000110928	0
ENSMUSG00000110929	0
ENSMUSG00000110930	0
ENSMUSG00000110932	0
ENSMUSG00000110935	104
ENSMUSG00000110936	0
ENSMUSG00000110937	0
ENSMUSG00000110938	0
ENSMUSG00000110940	0
ENSMUSG00000110941	0
ENSMUSG00000110942	0
ENSMUSG00000110943	0
ENSMUSG00000110944	0
ENSMUSG00000110945	14
ENSMUSG00000110946	0
ENSMUSG00000110947	0
ENSMUSG00000110949	38
ENSMUSG00000110950	0
ENSMUSG00000110951	0
ENSMUSG00000110952	0
ENSMUSG00000110953	0
ENSMUSG00000110956	0
ENSMUSG00000110957	0
ENSMUSG00000110958	0
ENSMUSG00000110959	0
ENSMUSG00000110960	49
ENSMUSG00000110962	0
ENSMUSG00000110964	0
ENSMUSG00000110966	0
ENSMUSG00000110967	0
ENSMUSG00000110968	0
ENSMUSG00000110969	0
ENSMUSG00000110970	0
ENSMUSG00000110972	0
ENSMUSG00000110973	0
ENSMUSG00000110976	0
ENSMUSG00000110977	0
ENSMUSG00000110978	0
ENSMUSG00000110980	12
ENSMUSG00000110981	0
ENSMUSG00000110982	0
ENSMUSG00000110983	0
ENSMUSG00000110984	0
ENSMUSG00000110985	0
ENSMUSG00000110986	0
ENSMUSG00000110987	0
ENSMUSG00000110988	0
ENSMUSG00000110989	0
ENSMUSG00000110991	0
ENSMUSG00000110992	0
ENSMUSG00000110993	0
ENSMUSG00000110995	0
ENSMUSG00000110996	74
ENSMUSG00000110997	1
ENSMUSG00000110998	0
ENSMUSG00000110999	0
ENSMUSG00000111000	0
ENSMUSG00000111001	0
ENSMUSG00000111002	0
ENSMUSG00000111003	0
ENSMUSG00000111004	0
ENSMUSG00000111005	0
ENSMUSG00000111006	0
ENSMUSG00000111008	0
ENSMUSG00000111010	0
ENSMUSG00000111012	457
ENSMUSG00000111013	416
ENSMUSG00000111014	1
ENSMUSG00000111015	0
ENSMUSG00000111016	0
ENSMUSG00000111017	0
ENSMUSG00000111018	0
ENSMUSG00000111019	0
ENSMUSG00000111020	0
ENSMUSG00000111021	0
ENSMUSG00000111022	0
ENSMUSG00000111023	0
ENSMUSG00000111025	0
ENSMUSG00000111027	0
ENSMUSG00000111028	0
ENSMUSG00000111029	0
ENSMUSG00000111030	0
ENSMUSG00000111031	0
ENSMUSG00000111032	0
ENSMUSG00000111033	0
ENSMUSG00000111034	0
ENSMUSG00000111035	0
ENSMUSG00000111036	0
ENSMUSG00000111037	0
ENSMUSG00000111039	0
ENSMUSG00000111041	0
ENSMUSG00000111042	0
ENSMUSG00000111043	0
ENSMUSG00000111044	0
ENSMUSG00000111045	0
ENSMUSG00000111046	0
ENSMUSG00000111047	2
ENSMUSG00000111048	0
ENSMUSG00000111049	0
ENSMUSG00000111050	0
ENSMUSG00000111051	0
ENSMUSG00000111052	0
ENSMUSG00000111053	0
ENSMUSG00000111054	0
ENSMUSG00000111055	2
ENSMUSG00000111056	0
ENSMUSG00000111057	0
ENSMUSG00000111058	0
ENSMUSG00000111059	0
ENSMUSG00000111060	0
ENSMUSG00000111061	0
ENSMUSG00000111062	0
ENSMUSG00000111063	4
ENSMUSG00000111064	0
ENSMUSG00000111065	0
ENSMUSG00000111066	0
ENSMUSG00000111067	8
ENSMUSG00000111068	0
ENSMUSG00000111069	0
ENSMUSG00000111070	0
ENSMUSG00000111071	0
ENSMUSG00000111072	0
ENSMUSG00000111073	0
ENSMUSG00000111074	46
ENSMUSG00000111075	0
ENSMUSG00000111077	0
ENSMUSG00000111078	1
ENSMUSG00000111079	1
ENSMUSG00000111080	852
ENSMUSG00000111081	0
ENSMUSG00000111082	0
ENSMUSG00000111083	0
ENSMUSG00000111084	0
ENSMUSG00000111085	0
ENSMUSG00000111086	0
ENSMUSG00000111087	0
ENSMUSG00000111088	11
ENSMUSG00000111089	0
ENSMUSG00000111090	1
ENSMUSG00000111091	0
ENSMUSG00000111092	0
ENSMUSG00000111093	0
ENSMUSG00000111094	0
ENSMUSG00000111095	0
ENSMUSG00000111096	0
ENSMUSG00000111097	0
ENSMUSG00000111098	0
ENSMUSG00000111100	0
ENSMUSG00000111102	0
ENSMUSG00000111103	0
ENSMUSG00000111104	3
ENSMUSG00000111105	0
ENSMUSG00000111106	0
ENSMUSG00000111107	0
ENSMUSG00000111108	8
ENSMUSG00000111109	0
ENSMUSG00000111110	4
ENSMUSG00000111111	0
ENSMUSG00000111112	0
ENSMUSG00000111114	0
ENSMUSG00000111115	0
ENSMUSG00000111116	10
ENSMUSG00000111117	0
ENSMUSG00000111118	2
ENSMUSG00000111119	4
ENSMUSG00000111120	0
ENSMUSG00000111121	0
ENSMUSG00000111122	0
ENSMUSG00000111124	0
ENSMUSG00000111126	0
ENSMUSG00000111127	0
ENSMUSG00000111128	92
ENSMUSG00000111129	0
ENSMUSG00000111131	0
ENSMUSG00000111132	0
ENSMUSG00000111133	7
ENSMUSG00000111135	0
ENSMUSG00000111137	0
ENSMUSG00000111139	0
ENSMUSG00000111141	0
ENSMUSG00000111142	0
ENSMUSG00000111143	0
ENSMUSG00000111144	0
ENSMUSG00000111146	0
ENSMUSG00000111147	62
ENSMUSG00000111148	1
ENSMUSG00000111149	0
ENSMUSG00000111151	360
ENSMUSG00000111152	0
ENSMUSG00000111153	0
ENSMUSG00000111154	0
ENSMUSG00000111155	0
ENSMUSG00000111156	0
ENSMUSG00000111157	0
ENSMUSG00000111158	0
ENSMUSG00000111159	0
ENSMUSG00000111160	0
ENSMUSG00000111161	0
ENSMUSG00000111162	0
ENSMUSG00000111163	1
ENSMUSG00000111164	0
ENSMUSG00000111165	0
ENSMUSG00000111166	0
ENSMUSG00000111167	1
ENSMUSG00000111168	0
ENSMUSG00000111169	0
ENSMUSG00000111171	7
ENSMUSG00000111172	0
ENSMUSG00000111173	0
ENSMUSG00000111174	0
ENSMUSG00000111175	0
ENSMUSG00000111176	0
ENSMUSG00000111177	0
ENSMUSG00000111179	0
ENSMUSG00000111180	0
ENSMUSG00000111181	0
ENSMUSG00000111182	0
ENSMUSG00000111183	0
ENSMUSG00000111184	0
ENSMUSG00000111186	0
ENSMUSG00000111187	0
ENSMUSG00000111188	0
ENSMUSG00000111189	1
ENSMUSG00000111190	0
ENSMUSG00000111191	9
ENSMUSG00000111192	0
ENSMUSG00000111193	0
ENSMUSG00000111194	0
ENSMUSG00000111195	0
ENSMUSG00000111196	0
ENSMUSG00000111197	1
ENSMUSG00000111198	0
ENSMUSG00000111199	0
ENSMUSG00000111200	0
ENSMUSG00000111201	0
ENSMUSG00000111202	0
ENSMUSG00000111203	0
ENSMUSG00000111204	1
ENSMUSG00000111205	0
ENSMUSG00000111207	0
ENSMUSG00000111208	0
ENSMUSG00000111209	0
ENSMUSG00000111210	0
ENSMUSG00000111211	0
ENSMUSG00000111212	0
ENSMUSG00000111213	0
ENSMUSG00000111215	0
ENSMUSG00000111216	0
ENSMUSG00000111217	0
ENSMUSG00000111218	0
ENSMUSG00000111219	0
ENSMUSG00000111221	0
ENSMUSG00000111222	0
ENSMUSG00000111223	0
ENSMUSG00000111224	0
ENSMUSG00000111225	0
ENSMUSG00000111227	0
ENSMUSG00000111228	0
ENSMUSG00000111229	0
ENSMUSG00000111231	0
ENSMUSG00000111232	0
ENSMUSG00000111233	0
ENSMUSG00000111234	0
ENSMUSG00000111235	0
ENSMUSG00000111236	0
ENSMUSG00000111238	0
ENSMUSG00000111239	0
ENSMUSG00000111240	0
ENSMUSG00000111241	0
ENSMUSG00000111242	2
ENSMUSG00000111243	0
ENSMUSG00000111244	0
ENSMUSG00000111245	0
ENSMUSG00000111246	1
ENSMUSG00000111248	0
ENSMUSG00000111249	0
ENSMUSG00000111250	0
ENSMUSG00000111251	0
ENSMUSG00000111252	0
ENSMUSG00000111253	102
ENSMUSG00000111254	1
ENSMUSG00000111256	0
ENSMUSG00000111257	1
ENSMUSG00000111258	0
ENSMUSG00000111259	0
ENSMUSG00000111260	0
ENSMUSG00000111262	0
ENSMUSG00000111263	0
ENSMUSG00000111264	10
ENSMUSG00000111265	0
ENSMUSG00000111266	0
ENSMUSG00000111267	0
ENSMUSG00000111268	0
ENSMUSG00000111269	0
ENSMUSG00000111270	0
ENSMUSG00000111271	0
ENSMUSG00000111272	7
ENSMUSG00000111273	0
ENSMUSG00000111274	0
ENSMUSG00000111275	0
ENSMUSG00000111276	0
ENSMUSG00000111278	0
ENSMUSG00000111280	0
ENSMUSG00000111281	0
ENSMUSG00000111282	0
ENSMUSG00000111283	0
ENSMUSG00000111284	0
ENSMUSG00000111285	0
ENSMUSG00000111286	0
ENSMUSG00000111288	0
ENSMUSG00000111290	1
ENSMUSG00000111291	74
ENSMUSG00000111292	0
ENSMUSG00000111293	0
ENSMUSG00000111294	0
ENSMUSG00000111295	0
ENSMUSG00000111296	0
ENSMUSG00000111297	0
ENSMUSG00000111298	0
ENSMUSG00000111299	0
ENSMUSG00000111300	0
ENSMUSG00000111301	0
ENSMUSG00000111302	0
ENSMUSG00000111303	0
ENSMUSG00000111304	0
ENSMUSG00000111305	0
ENSMUSG00000111306	0
ENSMUSG00000111308	0
ENSMUSG00000111309	0
ENSMUSG00000111310	0
ENSMUSG00000111312	4
ENSMUSG00000111313	0
ENSMUSG00000111315	0
ENSMUSG00000111316	2
ENSMUSG00000111317	0
ENSMUSG00000111318	0
ENSMUSG00000111320	0
ENSMUSG00000111322	0
ENSMUSG00000111323	0
ENSMUSG00000111324	0
ENSMUSG00000111325	27
ENSMUSG00000111326	8
ENSMUSG00000111327	0
ENSMUSG00000111329	15
ENSMUSG00000111330	0
ENSMUSG00000111333	0
ENSMUSG00000111334	15
ENSMUSG00000111335	0
ENSMUSG00000111336	0
ENSMUSG00000111337	0
ENSMUSG00000111338	0
ENSMUSG00000111339	0
ENSMUSG00000111340	0
ENSMUSG00000111341	0
ENSMUSG00000111342	0
ENSMUSG00000111343	1
ENSMUSG00000111344	0
ENSMUSG00000111345	7
ENSMUSG00000111346	0
ENSMUSG00000111348	0
ENSMUSG00000111349	0
ENSMUSG00000111350	0
ENSMUSG00000111351	0
ENSMUSG00000111352	0
ENSMUSG00000111353	0
ENSMUSG00000111354	0
ENSMUSG00000111355	0
ENSMUSG00000111356	2
ENSMUSG00000111357	0
ENSMUSG00000111358	0
ENSMUSG00000111359	0
ENSMUSG00000111360	0
ENSMUSG00000111361	2
ENSMUSG00000111362	0
ENSMUSG00000111363	0
ENSMUSG00000111364	0
ENSMUSG00000111365	0
ENSMUSG00000111366	0
ENSMUSG00000111368	1
ENSMUSG00000111369	0
ENSMUSG00000111371	0
ENSMUSG00000111373	0
ENSMUSG00000111374	0
ENSMUSG00000111375	143
ENSMUSG00000111376	0
ENSMUSG00000111377	0
ENSMUSG00000111378	0
ENSMUSG00000111379	0
ENSMUSG00000111380	86
ENSMUSG00000111381	0
ENSMUSG00000111382	0
ENSMUSG00000111383	0
ENSMUSG00000111384	0
ENSMUSG00000111386	0
ENSMUSG00000111387	0
ENSMUSG00000111388	0
ENSMUSG00000111389	2
ENSMUSG00000111390	4
ENSMUSG00000111394	25
ENSMUSG00000111395	0
ENSMUSG00000111396	0
ENSMUSG00000111397	0
ENSMUSG00000111398	0
ENSMUSG00000111399	0
ENSMUSG00000111400	0
ENSMUSG00000111403	0
ENSMUSG00000111404	0
ENSMUSG00000111405	0
ENSMUSG00000111406	0
ENSMUSG00000111409	3
ENSMUSG00000111410	0
ENSMUSG00000111411	0
ENSMUSG00000111412	0
ENSMUSG00000111413	0
ENSMUSG00000111414	0
ENSMUSG00000111415	0
ENSMUSG00000111416	0
ENSMUSG00000111417	1
ENSMUSG00000111418	0
ENSMUSG00000111419	0
ENSMUSG00000111420	0
ENSMUSG00000111421	0
ENSMUSG00000111422	0
ENSMUSG00000111423	0
ENSMUSG00000111424	18
ENSMUSG00000111425	0
ENSMUSG00000111426	0
ENSMUSG00000111427	5
ENSMUSG00000111428	0
ENSMUSG00000111429	85
ENSMUSG00000111430	0
ENSMUSG00000111431	5
ENSMUSG00000111432	0
ENSMUSG00000111433	0
ENSMUSG00000111434	0
ENSMUSG00000111435	0
ENSMUSG00000111436	0
ENSMUSG00000111437	0
ENSMUSG00000111438	0
ENSMUSG00000111439	0
ENSMUSG00000111440	0
ENSMUSG00000111441	0
ENSMUSG00000111442	0
ENSMUSG00000111443	0
ENSMUSG00000111444	0
ENSMUSG00000111445	0
ENSMUSG00000111446	22
ENSMUSG00000111447	0
ENSMUSG00000111448	11
ENSMUSG00000111449	0
ENSMUSG00000111450	0
ENSMUSG00000111451	0
ENSMUSG00000111453	0
ENSMUSG00000111454	0
ENSMUSG00000111455	0
ENSMUSG00000111456	0
ENSMUSG00000111457	0
ENSMUSG00000111458	0
ENSMUSG00000111459	0
ENSMUSG00000111460	0
ENSMUSG00000111462	0
ENSMUSG00000111463	0
ENSMUSG00000111464	0
ENSMUSG00000111465	0
ENSMUSG00000111466	0
ENSMUSG00000111467	0
ENSMUSG00000111468	0
ENSMUSG00000111470	0
ENSMUSG00000111471	0
ENSMUSG00000111472	0
ENSMUSG00000111473	0
ENSMUSG00000111474	0
ENSMUSG00000111477	0
ENSMUSG00000111478	0
ENSMUSG00000111479	0
ENSMUSG00000111480	0
ENSMUSG00000111481	2
ENSMUSG00000111482	0
ENSMUSG00000111483	0
ENSMUSG00000111484	0
ENSMUSG00000111485	0
ENSMUSG00000111486	0
ENSMUSG00000111487	0
ENSMUSG00000111488	0
ENSMUSG00000111489	0
ENSMUSG00000111490	0
ENSMUSG00000111491	0
ENSMUSG00000111492	0
ENSMUSG00000111493	0
ENSMUSG00000111494	0
ENSMUSG00000111495	1
ENSMUSG00000111496	2
ENSMUSG00000111497	7
ENSMUSG00000111498	0
ENSMUSG00000111499	0
ENSMUSG00000111500	0
ENSMUSG00000111503	0
ENSMUSG00000111504	0
ENSMUSG00000111505	0
ENSMUSG00000111506	0
ENSMUSG00000111507	0
ENSMUSG00000111508	0
ENSMUSG00000111509	0
ENSMUSG00000111510	0
ENSMUSG00000111511	0
ENSMUSG00000111512	0
ENSMUSG00000111514	0
ENSMUSG00000111515	0
ENSMUSG00000111517	0
ENSMUSG00000111518	0
ENSMUSG00000111520	0
ENSMUSG00000111521	144
ENSMUSG00000111523	0
ENSMUSG00000111524	0
ENSMUSG00000111525	0
ENSMUSG00000111526	0
ENSMUSG00000111528	10
ENSMUSG00000111529	0
ENSMUSG00000111530	0
ENSMUSG00000111531	4
ENSMUSG00000111532	0
ENSMUSG00000111533	0
ENSMUSG00000111534	0
ENSMUSG00000111535	1
ENSMUSG00000111537	0
ENSMUSG00000111539	2
ENSMUSG00000111540	0
ENSMUSG00000111541	0
ENSMUSG00000111542	0
ENSMUSG00000111543	0
ENSMUSG00000111544	0
ENSMUSG00000111545	0
ENSMUSG00000111546	0
ENSMUSG00000111547	4
ENSMUSG00000111548	7
ENSMUSG00000111549	0
ENSMUSG00000111550	0
ENSMUSG00000111551	0
ENSMUSG00000111552	0
ENSMUSG00000111553	2
ENSMUSG00000111554	4
ENSMUSG00000111555	0
ENSMUSG00000111556	0
ENSMUSG00000111557	0
ENSMUSG00000111558	0
ENSMUSG00000111560	0
ENSMUSG00000111561	0
ENSMUSG00000111562	0
ENSMUSG00000111563	0
ENSMUSG00000111564	0
ENSMUSG00000111565	0
ENSMUSG00000111566	0
ENSMUSG00000111567	0
ENSMUSG00000111568	0
ENSMUSG00000111569	0
ENSMUSG00000111570	0
ENSMUSG00000111572	0
ENSMUSG00000111573	0
ENSMUSG00000111574	0
ENSMUSG00000111575	0
ENSMUSG00000111576	0
ENSMUSG00000111577	0
ENSMUSG00000111578	0
ENSMUSG00000111580	0
ENSMUSG00000111581	0
ENSMUSG00000111582	0
ENSMUSG00000111583	1
ENSMUSG00000111585	0
ENSMUSG00000111587	0
ENSMUSG00000111589	0
ENSMUSG00000111590	0
ENSMUSG00000111591	0
ENSMUSG00000111593	0
ENSMUSG00000111594	0
ENSMUSG00000111596	0
ENSMUSG00000111597	0
ENSMUSG00000111598	0
ENSMUSG00000111600	20
ENSMUSG00000111601	4
ENSMUSG00000111602	0
ENSMUSG00000111604	0
ENSMUSG00000111605	4
ENSMUSG00000111606	3
ENSMUSG00000111608	0
ENSMUSG00000111609	0
ENSMUSG00000111610	0
ENSMUSG00000111611	0
ENSMUSG00000111612	0
ENSMUSG00000111613	7
ENSMUSG00000111615	0
ENSMUSG00000111616	0
ENSMUSG00000111617	0
ENSMUSG00000111618	0
ENSMUSG00000111619	0
ENSMUSG00000111620	0
ENSMUSG00000111621	0
ENSMUSG00000111622	0
ENSMUSG00000111623	0
ENSMUSG00000111625	0
ENSMUSG00000111626	0
ENSMUSG00000111627	0
ENSMUSG00000111629	0
ENSMUSG00000111630	0
ENSMUSG00000111631	0
ENSMUSG00000111632	0
ENSMUSG00000111633	0
ENSMUSG00000111635	0
ENSMUSG00000111637	0
ENSMUSG00000111638	0
ENSMUSG00000111639	0
ENSMUSG00000111641	0
ENSMUSG00000111643	0
ENSMUSG00000111645	0
ENSMUSG00000111646	0
ENSMUSG00000111648	0
ENSMUSG00000111649	0
ENSMUSG00000111651	0
ENSMUSG00000111652	0
ENSMUSG00000111654	0
ENSMUSG00000111655	0
ENSMUSG00000111656	6
ENSMUSG00000111657	0
ENSMUSG00000111658	0
ENSMUSG00000111660	0
ENSMUSG00000111661	0
ENSMUSG00000111662	0
ENSMUSG00000111663	0
ENSMUSG00000111664	1
ENSMUSG00000111665	2
ENSMUSG00000111666	15
ENSMUSG00000111667	1
ENSMUSG00000111668	0
ENSMUSG00000111669	0
ENSMUSG00000111670	0
ENSMUSG00000111671	3
ENSMUSG00000111672	0
ENSMUSG00000111673	0
ENSMUSG00000111674	0
ENSMUSG00000111675	0
ENSMUSG00000111678	0
ENSMUSG00000111679	0
ENSMUSG00000111680	0
ENSMUSG00000111681	0
ENSMUSG00000111682	0
ENSMUSG00000111683	0
ENSMUSG00000111684	0
ENSMUSG00000111685	0
ENSMUSG00000111686	59
ENSMUSG00000111687	0
ENSMUSG00000111689	0
ENSMUSG00000111690	0
ENSMUSG00000111691	0
ENSMUSG00000111692	6
ENSMUSG00000111693	0
ENSMUSG00000111694	0
ENSMUSG00000111695	0
ENSMUSG00000111696	0
ENSMUSG00000111697	0
ENSMUSG00000111698	0
ENSMUSG00000111699	0
ENSMUSG00000111700	0
ENSMUSG00000111702	0
ENSMUSG00000111703	0
ENSMUSG00000111704	0
ENSMUSG00000111707	0
ENSMUSG00000111708	0
ENSMUSG00000111709	0
ENSMUSG00000111710	0
ENSMUSG00000111711	0
ENSMUSG00000111712	0
ENSMUSG00000111713	0
ENSMUSG00000111715	0
ENSMUSG00000111716	0
ENSMUSG00000111717	0
ENSMUSG00000111719	0
ENSMUSG00000111720	0
ENSMUSG00000111722	1
ENSMUSG00000111725	0
ENSMUSG00000111726	0
ENSMUSG00000111728	0
ENSMUSG00000111729	0
ENSMUSG00000111730	0
ENSMUSG00000111731	1
ENSMUSG00000111732	0
ENSMUSG00000111733	0
ENSMUSG00000111734	0
ENSMUSG00000111736	0
ENSMUSG00000111737	0
ENSMUSG00000111738	0
ENSMUSG00000111739	0
ENSMUSG00000111740	13
ENSMUSG00000111741	0
ENSMUSG00000111743	0
ENSMUSG00000111744	0
ENSMUSG00000111746	0
ENSMUSG00000111747	0
ENSMUSG00000111748	0
ENSMUSG00000111749	0
ENSMUSG00000111750	0
ENSMUSG00000111751	0
ENSMUSG00000111752	0
ENSMUSG00000111753	0
ENSMUSG00000111754	0
ENSMUSG00000111755	0
ENSMUSG00000111756	0
ENSMUSG00000111757	0
ENSMUSG00000111758	1
ENSMUSG00000111759	51
ENSMUSG00000111760	0
ENSMUSG00000111761	0
ENSMUSG00000111762	0
ENSMUSG00000111763	0
ENSMUSG00000111764	0
ENSMUSG00000111765	0
ENSMUSG00000111766	0
ENSMUSG00000111767	2
ENSMUSG00000111769	0
ENSMUSG00000111770	0
ENSMUSG00000111771	43
ENSMUSG00000111772	0
ENSMUSG00000111774	17
ENSMUSG00000111776	0
ENSMUSG00000111777	0
ENSMUSG00000111778	0
ENSMUSG00000111780	0
ENSMUSG00000111781	0
ENSMUSG00000111782	0
ENSMUSG00000111783	3
ENSMUSG00000111785	0
ENSMUSG00000111786	0
ENSMUSG00000111787	0
ENSMUSG00000111788	0
ENSMUSG00000111789	0
ENSMUSG00000111792	0
ENSMUSG00000111793	0
ENSMUSG00000111794	0
ENSMUSG00000111795	8
ENSMUSG00000111796	0
ENSMUSG00000111797	0
ENSMUSG00000111799	0
ENSMUSG00000111800	0
ENSMUSG00000111801	0
ENSMUSG00000111802	0
ENSMUSG00000111803	0
ENSMUSG00000111805	0
ENSMUSG00000111806	0
ENSMUSG00000111807	0
ENSMUSG00000111808	0
ENSMUSG00000111809	0
ENSMUSG00000111810	23
ENSMUSG00000111811	0
ENSMUSG00000111812	0
ENSMUSG00000111814	0
ENSMUSG00000111815	3
ENSMUSG00000111816	6
ENSMUSG00000111817	0
ENSMUSG00000111818	0
ENSMUSG00000111819	0
ENSMUSG00000111820	0
ENSMUSG00000111821	0
ENSMUSG00000111822	0
ENSMUSG00000111823	0
ENSMUSG00000111824	0
ENSMUSG00000111825	0
ENSMUSG00000111827	0
ENSMUSG00000111828	27
ENSMUSG00000111829	0
ENSMUSG00000111830	0
ENSMUSG00000111831	0
ENSMUSG00000111833	0
ENSMUSG00000111834	1
ENSMUSG00000111836	0
ENSMUSG00000111837	1
ENSMUSG00000111839	0
ENSMUSG00000111840	0
ENSMUSG00000111841	12
ENSMUSG00000111842	0
ENSMUSG00000111843	0
ENSMUSG00000111844	2
ENSMUSG00000111845	1
ENSMUSG00000111846	0
ENSMUSG00000111847	13
ENSMUSG00000111849	0
ENSMUSG00000111850	0
ENSMUSG00000111852	0
ENSMUSG00000111853	0
ENSMUSG00000111854	0
ENSMUSG00000111856	1
ENSMUSG00000111857	0
ENSMUSG00000111858	0
ENSMUSG00000111859	0
ENSMUSG00000111862	1
ENSMUSG00000111863	0
ENSMUSG00000111864	0
ENSMUSG00000111865	1
ENSMUSG00000111866	0
ENSMUSG00000111867	0
ENSMUSG00000111868	0
ENSMUSG00000111869	0
ENSMUSG00000111870	0
ENSMUSG00000111871	0
ENSMUSG00000111873	0
ENSMUSG00000111874	0
ENSMUSG00000111875	69
ENSMUSG00000111876	0
ENSMUSG00000111877	2
ENSMUSG00000111878	0
ENSMUSG00000111880	0
ENSMUSG00000111881	0
ENSMUSG00000111882	0
ENSMUSG00000111883	0
ENSMUSG00000111884	0
ENSMUSG00000111885	0
ENSMUSG00000111886	1
ENSMUSG00000111887	0
ENSMUSG00000111888	0
ENSMUSG00000111889	0
ENSMUSG00000111890	0
ENSMUSG00000111891	0
ENSMUSG00000111892	0
ENSMUSG00000111893	0
ENSMUSG00000111894	0
ENSMUSG00000111895	0
ENSMUSG00000111896	0
ENSMUSG00000111897	325
ENSMUSG00000111898	0
ENSMUSG00000111899	0
ENSMUSG00000111900	0
ENSMUSG00000111901	0
ENSMUSG00000111902	0
ENSMUSG00000111903	0
ENSMUSG00000111904	0
ENSMUSG00000111905	3
ENSMUSG00000111906	0
ENSMUSG00000111907	0
ENSMUSG00000111908	0
ENSMUSG00000111909	0
ENSMUSG00000111910	0
ENSMUSG00000111911	0
ENSMUSG00000111912	0
ENSMUSG00000111913	0
ENSMUSG00000111914	0
ENSMUSG00000111915	0
ENSMUSG00000111916	0
ENSMUSG00000111917	0
ENSMUSG00000111918	0
ENSMUSG00000111919	0
ENSMUSG00000111920	0
ENSMUSG00000111921	0
ENSMUSG00000111922	0
ENSMUSG00000111923	52
ENSMUSG00000111924	0
ENSMUSG00000111925	0
ENSMUSG00000111926	2
ENSMUSG00000111927	0
ENSMUSG00000111928	0
ENSMUSG00000111929	1
ENSMUSG00000111930	0
ENSMUSG00000111931	0
ENSMUSG00000111932	0
ENSMUSG00000111933	2
ENSMUSG00000111934	0
ENSMUSG00000111935	0
ENSMUSG00000111936	0
ENSMUSG00000111937	0
ENSMUSG00000111938	0
ENSMUSG00000111939	0
ENSMUSG00000111940	0
ENSMUSG00000111941	0
ENSMUSG00000111942	638
ENSMUSG00000111943	0
ENSMUSG00000111944	0
ENSMUSG00000111945	0
ENSMUSG00000111946	0
ENSMUSG00000111947	0
ENSMUSG00000111948	0
ENSMUSG00000111949	0
ENSMUSG00000111950	0
ENSMUSG00000111951	0
ENSMUSG00000111952	0
ENSMUSG00000111953	0
ENSMUSG00000111954	1
ENSMUSG00000111955	0
ENSMUSG00000111956	0
ENSMUSG00000111957	0
ENSMUSG00000111958	0
ENSMUSG00000111959	0
ENSMUSG00000111960	0
ENSMUSG00000111961	0
ENSMUSG00000111962	1
ENSMUSG00000111963	3
ENSMUSG00000111964	0
ENSMUSG00000111965	9
ENSMUSG00000111966	0
ENSMUSG00000111967	0
ENSMUSG00000111968	0
ENSMUSG00000111969	1
ENSMUSG00000111970	0
ENSMUSG00000111971	0
ENSMUSG00000111972	0
ENSMUSG00000111973	0
ENSMUSG00000111974	0
ENSMUSG00000111975	0
ENSMUSG00000111976	0
ENSMUSG00000111977	2
ENSMUSG00000111978	0
ENSMUSG00000111979	0
ENSMUSG00000111980	0
ENSMUSG00000111981	0
ENSMUSG00000111982	0
ENSMUSG00000111983	0
ENSMUSG00000111984	0
ENSMUSG00000111985	0
ENSMUSG00000111986	0
ENSMUSG00000111987	0
ENSMUSG00000111988	0
ENSMUSG00000111989	0
ENSMUSG00000111990	0
ENSMUSG00000111991	0
ENSMUSG00000111992	3
ENSMUSG00000111993	0
ENSMUSG00000111994	0
ENSMUSG00000111995	0
ENSMUSG00000111996	0
ENSMUSG00000111997	2
ENSMUSG00000111998	0
ENSMUSG00000111999	1
ENSMUSG00000112000	2
ENSMUSG00000112001	0
ENSMUSG00000112002	0
ENSMUSG00000112003	2
ENSMUSG00000112004	0
ENSMUSG00000112005	0
ENSMUSG00000112006	815
ENSMUSG00000112007	0
ENSMUSG00000112008	9
ENSMUSG00000112009	5
ENSMUSG00000112010	0
ENSMUSG00000112011	0
ENSMUSG00000112012	0
ENSMUSG00000112013	0
ENSMUSG00000112014	0
ENSMUSG00000112015	0
ENSMUSG00000112016	0
ENSMUSG00000112017	37
ENSMUSG00000112018	0
ENSMUSG00000112019	0
ENSMUSG00000112020	0
ENSMUSG00000112021	0
ENSMUSG00000112022	0
ENSMUSG00000112023	110
ENSMUSG00000112024	0
ENSMUSG00000112025	0
ENSMUSG00000112026	0
ENSMUSG00000112027	0
ENSMUSG00000112028	0
ENSMUSG00000112029	0
ENSMUSG00000112030	0
ENSMUSG00000112031	0
ENSMUSG00000112032	0
ENSMUSG00000112033	0
ENSMUSG00000112034	0
ENSMUSG00000112035	1
ENSMUSG00000112036	0
ENSMUSG00000112037	0
ENSMUSG00000112038	0
ENSMUSG00000112039	0
ENSMUSG00000112040	0
ENSMUSG00000112041	0
ENSMUSG00000112042	0
ENSMUSG00000112043	0
ENSMUSG00000112044	0
ENSMUSG00000112045	0
ENSMUSG00000112046	0
ENSMUSG00000112047	0
ENSMUSG00000112048	0
ENSMUSG00000112049	0
ENSMUSG00000112050	0
ENSMUSG00000112051	0
ENSMUSG00000112052	0
ENSMUSG00000112053	0
ENSMUSG00000112054	0
ENSMUSG00000112055	0
ENSMUSG00000112056	0
ENSMUSG00000112057	0
ENSMUSG00000112058	0
ENSMUSG00000112059	0
ENSMUSG00000112060	0
ENSMUSG00000112061	0
ENSMUSG00000112062	0
ENSMUSG00000112063	5
ENSMUSG00000112064	0
ENSMUSG00000112065	0
ENSMUSG00000112066	0
ENSMUSG00000112067	0
ENSMUSG00000112068	16
ENSMUSG00000112069	0
ENSMUSG00000112070	0
ENSMUSG00000112071	4
ENSMUSG00000112072	0
ENSMUSG00000112073	0
ENSMUSG00000112074	0
ENSMUSG00000112075	0
ENSMUSG00000112076	0
ENSMUSG00000112077	0
ENSMUSG00000112078	0
ENSMUSG00000112079	0
ENSMUSG00000112080	0
ENSMUSG00000112081	0
ENSMUSG00000112082	2
ENSMUSG00000112083	0
ENSMUSG00000112084	0
ENSMUSG00000112085	0
ENSMUSG00000112086	0
ENSMUSG00000112087	0
ENSMUSG00000112088	0
ENSMUSG00000112089	0
ENSMUSG00000112090	1
ENSMUSG00000112091	0
ENSMUSG00000112092	0
ENSMUSG00000112093	0
ENSMUSG00000112094	0
ENSMUSG00000112095	0
ENSMUSG00000112096	34
ENSMUSG00000112097	0
ENSMUSG00000112098	0
ENSMUSG00000112099	0
ENSMUSG00000112100	0
ENSMUSG00000112101	0
ENSMUSG00000112102	0
ENSMUSG00000112103	0
ENSMUSG00000112104	0
ENSMUSG00000112105	0
ENSMUSG00000112106	0
ENSMUSG00000112107	0
ENSMUSG00000112108	0
ENSMUSG00000112109	0
ENSMUSG00000112110	1
ENSMUSG00000112111	0
ENSMUSG00000112112	0
ENSMUSG00000112113	0
ENSMUSG00000112114	0
ENSMUSG00000112115	0
ENSMUSG00000112116	0
ENSMUSG00000112117	0
ENSMUSG00000112118	0
ENSMUSG00000112119	0
ENSMUSG00000112120	0
ENSMUSG00000112121	0
ENSMUSG00000112122	0
ENSMUSG00000112123	0
ENSMUSG00000112124	0
ENSMUSG00000112125	0
ENSMUSG00000112126	0
ENSMUSG00000112127	0
ENSMUSG00000112128	0
ENSMUSG00000112129	5874
ENSMUSG00000112130	0
ENSMUSG00000112131	0
ENSMUSG00000112132	4
ENSMUSG00000112133	0
ENSMUSG00000112134	0
ENSMUSG00000112135	0
ENSMUSG00000112136	0
ENSMUSG00000112137	0
ENSMUSG00000112138	0
ENSMUSG00000112139	1
ENSMUSG00000112140	1
ENSMUSG00000112141	0
ENSMUSG00000112142	0
ENSMUSG00000112143	0
ENSMUSG00000112144	2
ENSMUSG00000112145	0
ENSMUSG00000112146	0
ENSMUSG00000112147	0
ENSMUSG00000112148	0
ENSMUSG00000112149	0
ENSMUSG00000112150	1
ENSMUSG00000112151	0
ENSMUSG00000112152	0
ENSMUSG00000112153	0
ENSMUSG00000112154	0
ENSMUSG00000112155	1
ENSMUSG00000112156	0
ENSMUSG00000112157	0
ENSMUSG00000112158	0
ENSMUSG00000112159	0
ENSMUSG00000112160	8
ENSMUSG00000112161	0
ENSMUSG00000112162	0
ENSMUSG00000112163	31
ENSMUSG00000112164	0
ENSMUSG00000112165	0
ENSMUSG00000112166	0
ENSMUSG00000112167	0
ENSMUSG00000112168	0
ENSMUSG00000112169	0
ENSMUSG00000112170	0
ENSMUSG00000112171	0
ENSMUSG00000112172	0
ENSMUSG00000112173	0
ENSMUSG00000112174	0
ENSMUSG00000112175	0
ENSMUSG00000112176	0
ENSMUSG00000112177	0
ENSMUSG00000112178	0
ENSMUSG00000112179	0
ENSMUSG00000112180	0
ENSMUSG00000112181	0
ENSMUSG00000112182	0
ENSMUSG00000112183	0
ENSMUSG00000112184	0
ENSMUSG00000112185	0
ENSMUSG00000112186	0
ENSMUSG00000112187	0
ENSMUSG00000112188	4
ENSMUSG00000112189	249
ENSMUSG00000112190	0
ENSMUSG00000112191	1
ENSMUSG00000112192	0
ENSMUSG00000112193	0
ENSMUSG00000112194	0
ENSMUSG00000112195	0
ENSMUSG00000112196	0
ENSMUSG00000112197	0
ENSMUSG00000112198	1
ENSMUSG00000112199	0
ENSMUSG00000112200	0
ENSMUSG00000112201	0
ENSMUSG00000112202	0
ENSMUSG00000112203	0
ENSMUSG00000112204	0
ENSMUSG00000112205	0
ENSMUSG00000112206	0
ENSMUSG00000112207	0
ENSMUSG00000112208	0
ENSMUSG00000112209	0
ENSMUSG00000112210	0
ENSMUSG00000112211	0
ENSMUSG00000112212	0
ENSMUSG00000112213	0
ENSMUSG00000112214	0
ENSMUSG00000112215	0
ENSMUSG00000112216	0
ENSMUSG00000112217	0
ENSMUSG00000112218	34
ENSMUSG00000112219	0
ENSMUSG00000112220	0
ENSMUSG00000112221	0
ENSMUSG00000112222	7
ENSMUSG00000112223	0
ENSMUSG00000112224	0
ENSMUSG00000112225	0
ENSMUSG00000112226	0
ENSMUSG00000112227	0
ENSMUSG00000112228	0
ENSMUSG00000112229	6
ENSMUSG00000112230	2
ENSMUSG00000112231	0
ENSMUSG00000112232	0
ENSMUSG00000112233	0
ENSMUSG00000112234	0
ENSMUSG00000112235	0
ENSMUSG00000112236	0
ENSMUSG00000112237	5
ENSMUSG00000112238	0
ENSMUSG00000112239	50
ENSMUSG00000112240	0
ENSMUSG00000112241	0
ENSMUSG00000112242	0
ENSMUSG00000112243	0
ENSMUSG00000112244	0
ENSMUSG00000112245	0
ENSMUSG00000112246	0
ENSMUSG00000112247	0
ENSMUSG00000112248	0
ENSMUSG00000112249	257
ENSMUSG00000112250	0
ENSMUSG00000112251	0
ENSMUSG00000112252	0
ENSMUSG00000112253	0
ENSMUSG00000112254	10
ENSMUSG00000112255	1
ENSMUSG00000112256	0
ENSMUSG00000112257	0
ENSMUSG00000112258	0
ENSMUSG00000112259	0
ENSMUSG00000112260	0
ENSMUSG00000112261	0
ENSMUSG00000112262	0
ENSMUSG00000112263	0
ENSMUSG00000112264	0
ENSMUSG00000112265	3
ENSMUSG00000112266	0
ENSMUSG00000112267	0
ENSMUSG00000112268	0
ENSMUSG00000112269	2
ENSMUSG00000112270	0
ENSMUSG00000112271	0
ENSMUSG00000112272	0
ENSMUSG00000112273	0
ENSMUSG00000112274	5
ENSMUSG00000112275	4
ENSMUSG00000112276	36
ENSMUSG00000112277	0
ENSMUSG00000112278	86
ENSMUSG00000112279	0
ENSMUSG00000112280	6
ENSMUSG00000112281	0
ENSMUSG00000112282	0
ENSMUSG00000112283	0
ENSMUSG00000112284	0
ENSMUSG00000112285	0
ENSMUSG00000112286	0
ENSMUSG00000112287	0
ENSMUSG00000112288	0
ENSMUSG00000112289	0
ENSMUSG00000112290	0
ENSMUSG00000112291	0
ENSMUSG00000112292	0
ENSMUSG00000112293	0
ENSMUSG00000112294	15
ENSMUSG00000112295	0
ENSMUSG00000112296	0
ENSMUSG00000112297	8
ENSMUSG00000112298	0
ENSMUSG00000112299	0
ENSMUSG00000112300	44
ENSMUSG00000112301	4
ENSMUSG00000112302	73
ENSMUSG00000112303	0
ENSMUSG00000112304	0
ENSMUSG00000112305	0
ENSMUSG00000112306	0
ENSMUSG00000112307	0
ENSMUSG00000112308	0
ENSMUSG00000112309	0
ENSMUSG00000112310	0
ENSMUSG00000112311	0
ENSMUSG00000112312	0
ENSMUSG00000112313	0
ENSMUSG00000112314	0
ENSMUSG00000112315	0
ENSMUSG00000112316	0
ENSMUSG00000112317	2
ENSMUSG00000112318	0
ENSMUSG00000112319	0
ENSMUSG00000112320	0
ENSMUSG00000112321	0
ENSMUSG00000112322	0
ENSMUSG00000112323	0
ENSMUSG00000112324	0
ENSMUSG00000112325	0
ENSMUSG00000112326	0
ENSMUSG00000112327	0
ENSMUSG00000112328	0
ENSMUSG00000112329	0
ENSMUSG00000112330	0
ENSMUSG00000112331	0
ENSMUSG00000112332	37
ENSMUSG00000112333	0
ENSMUSG00000112334	0
ENSMUSG00000112335	0
ENSMUSG00000112336	0
ENSMUSG00000112337	0
ENSMUSG00000112338	1
ENSMUSG00000112339	0
ENSMUSG00000112340	0
ENSMUSG00000112341	0
ENSMUSG00000112342	0
ENSMUSG00000112343	0
ENSMUSG00000112344	0
ENSMUSG00000112345	0
ENSMUSG00000112346	26
ENSMUSG00000112347	0
ENSMUSG00000112348	0
ENSMUSG00000112349	0
ENSMUSG00000112350	0
ENSMUSG00000112351	0
ENSMUSG00000112352	0
ENSMUSG00000112353	0
ENSMUSG00000112354	0
ENSMUSG00000112355	0
ENSMUSG00000112356	0
ENSMUSG00000112357	0
ENSMUSG00000112358	0
ENSMUSG00000112359	0
ENSMUSG00000112360	0
ENSMUSG00000112361	0
ENSMUSG00000112362	0
ENSMUSG00000112363	0
ENSMUSG00000112364	38
ENSMUSG00000112365	0
ENSMUSG00000112366	462
ENSMUSG00000112367	0
ENSMUSG00000112368	6
ENSMUSG00000112369	0
ENSMUSG00000112370	0
ENSMUSG00000112371	0
ENSMUSG00000112372	0
ENSMUSG00000112373	0
ENSMUSG00000112374	0
ENSMUSG00000112375	12
ENSMUSG00000112376	0
ENSMUSG00000112377	0
ENSMUSG00000112378	0
ENSMUSG00000112379	0
ENSMUSG00000112380	0
ENSMUSG00000112381	1
ENSMUSG00000112382	0
ENSMUSG00000112383	0
ENSMUSG00000112384	32
ENSMUSG00000112385	0
ENSMUSG00000112386	0
ENSMUSG00000112387	0
ENSMUSG00000112388	46
ENSMUSG00000112389	0
ENSMUSG00000112390	0
ENSMUSG00000112391	0
ENSMUSG00000112392	0
ENSMUSG00000112393	5
ENSMUSG00000112394	0
ENSMUSG00000112395	6
ENSMUSG00000112396	0
ENSMUSG00000112397	0
ENSMUSG00000112398	0
ENSMUSG00000112399	0
ENSMUSG00000112400	4
ENSMUSG00000112401	0
ENSMUSG00000112402	0
ENSMUSG00000112403	0
ENSMUSG00000112404	0
ENSMUSG00000112405	0
ENSMUSG00000112406	0
ENSMUSG00000112407	0
ENSMUSG00000112408	0
ENSMUSG00000112409	0
ENSMUSG00000112410	0
ENSMUSG00000112411	0
ENSMUSG00000112412	0
ENSMUSG00000112413	10
ENSMUSG00000112414	0
ENSMUSG00000112415	0
ENSMUSG00000112416	0
ENSMUSG00000112417	0
ENSMUSG00000112418	0
ENSMUSG00000112419	0
ENSMUSG00000112420	0
ENSMUSG00000112421	0
ENSMUSG00000112422	0
ENSMUSG00000112423	0
ENSMUSG00000112424	0
ENSMUSG00000112425	0
ENSMUSG00000112426	1
ENSMUSG00000112427	0
ENSMUSG00000112428	0
ENSMUSG00000112429	0
ENSMUSG00000112430	0
ENSMUSG00000112431	0
ENSMUSG00000112432	0
ENSMUSG00000112433	92
ENSMUSG00000112434	0
ENSMUSG00000112435	0
ENSMUSG00000112436	0
ENSMUSG00000112437	0
ENSMUSG00000112438	0
ENSMUSG00000112439	0
ENSMUSG00000112440	0
ENSMUSG00000112441	3
ENSMUSG00000112442	1
ENSMUSG00000112443	0
ENSMUSG00000112444	0
ENSMUSG00000112445	0
ENSMUSG00000112446	21
ENSMUSG00000112447	0
ENSMUSG00000112448	0
ENSMUSG00000112449	0
ENSMUSG00000112450	0
ENSMUSG00000112451	0
ENSMUSG00000112452	0
ENSMUSG00000112453	0
ENSMUSG00000112454	0
ENSMUSG00000112455	0
ENSMUSG00000112456	0
ENSMUSG00000112457	0
ENSMUSG00000112458	0
ENSMUSG00000112459	0
ENSMUSG00000112460	0
ENSMUSG00000112461	3
ENSMUSG00000112462	0
ENSMUSG00000112463	0
ENSMUSG00000112464	0
ENSMUSG00000112465	0
ENSMUSG00000112466	0
ENSMUSG00000112467	0
ENSMUSG00000112468	0
ENSMUSG00000112469	0
ENSMUSG00000112470	0
ENSMUSG00000112471	0
ENSMUSG00000112472	0
ENSMUSG00000112473	0
ENSMUSG00000112474	0
ENSMUSG00000112475	0
ENSMUSG00000112476	0
ENSMUSG00000112477	0
ENSMUSG00000112478	0
ENSMUSG00000112479	0
ENSMUSG00000112480	0
ENSMUSG00000112481	0
ENSMUSG00000112482	0
ENSMUSG00000112483	0
ENSMUSG00000112484	0
ENSMUSG00000112485	0
ENSMUSG00000112486	0
ENSMUSG00000112487	0
ENSMUSG00000112488	0
ENSMUSG00000112489	0
ENSMUSG00000112490	0
ENSMUSG00000112491	10
ENSMUSG00000112492	1
ENSMUSG00000112493	0
ENSMUSG00000112494	0
ENSMUSG00000112495	0
ENSMUSG00000112496	0
ENSMUSG00000112497	0
ENSMUSG00000112498	0
ENSMUSG00000112499	0
ENSMUSG00000112500	0
ENSMUSG00000112501	0
ENSMUSG00000112502	0
ENSMUSG00000112503	0
ENSMUSG00000112504	0
ENSMUSG00000112505	0
ENSMUSG00000112506	0
ENSMUSG00000112507	0
ENSMUSG00000112508	0
ENSMUSG00000112509	0
ENSMUSG00000112510	0
ENSMUSG00000112511	0
ENSMUSG00000112512	0
ENSMUSG00000112513	0
ENSMUSG00000112514	0
ENSMUSG00000112515	14
ENSMUSG00000112516	0
ENSMUSG00000112517	0
ENSMUSG00000112518	0
ENSMUSG00000112519	0
ENSMUSG00000112520	0
ENSMUSG00000112521	0
ENSMUSG00000112522	0
ENSMUSG00000112523	0
ENSMUSG00000112524	0
ENSMUSG00000112525	0
ENSMUSG00000112526	0
ENSMUSG00000112527	94
ENSMUSG00000112528	3
ENSMUSG00000112529	0
ENSMUSG00000112530	0
ENSMUSG00000112531	0
ENSMUSG00000112532	22
ENSMUSG00000112533	0
ENSMUSG00000112534	0
ENSMUSG00000112535	0
ENSMUSG00000112536	0
ENSMUSG00000112537	0
ENSMUSG00000112538	0
ENSMUSG00000112539	16
ENSMUSG00000112540	0
ENSMUSG00000112541	0
ENSMUSG00000112542	0
ENSMUSG00000112543	0
ENSMUSG00000112544	0
ENSMUSG00000112545	18
ENSMUSG00000112546	0
ENSMUSG00000112547	0
ENSMUSG00000112548	0
ENSMUSG00000112549	0
ENSMUSG00000112550	144
ENSMUSG00000112551	0
ENSMUSG00000112552	0
ENSMUSG00000112553	0
ENSMUSG00000112554	0
ENSMUSG00000112555	0
ENSMUSG00000112556	0
ENSMUSG00000112557	0
ENSMUSG00000112558	1
ENSMUSG00000112559	0
ENSMUSG00000112560	0
ENSMUSG00000112561	0
ENSMUSG00000112562	0
ENSMUSG00000112563	0
ENSMUSG00000112564	0
ENSMUSG00000112565	0
ENSMUSG00000112566	0
ENSMUSG00000112567	0
ENSMUSG00000112568	0
ENSMUSG00000112569	0
ENSMUSG00000112570	1
ENSMUSG00000112571	0
ENSMUSG00000112572	0
ENSMUSG00000112573	0
ENSMUSG00000112574	0
ENSMUSG00000112575	8
ENSMUSG00000112576	0
ENSMUSG00000112577	0
ENSMUSG00000112578	0
ENSMUSG00000112579	0
ENSMUSG00000112580	0
ENSMUSG00000112581	0
ENSMUSG00000112582	0
ENSMUSG00000112583	0
ENSMUSG00000112584	0
ENSMUSG00000112585	0
ENSMUSG00000112586	0
ENSMUSG00000112587	0
ENSMUSG00000112588	0
ENSMUSG00000112589	0
ENSMUSG00000112590	0
ENSMUSG00000112591	0
ENSMUSG00000112592	0
ENSMUSG00000112593	6
ENSMUSG00000112594	0
ENSMUSG00000112595	0
ENSMUSG00000112596	0
ENSMUSG00000112597	0
ENSMUSG00000112598	0
ENSMUSG00000112599	4
ENSMUSG00000112600	0
ENSMUSG00000112601	0
ENSMUSG00000112602	0
ENSMUSG00000112603	0
ENSMUSG00000112604	0
ENSMUSG00000112605	0
ENSMUSG00000112606	0
ENSMUSG00000112607	0
ENSMUSG00000112608	0
ENSMUSG00000112609	0
ENSMUSG00000112610	0
ENSMUSG00000112611	0
ENSMUSG00000112612	32
ENSMUSG00000112613	144
ENSMUSG00000112614	0
ENSMUSG00000112615	29
ENSMUSG00000112616	0
ENSMUSG00000112617	0
ENSMUSG00000112618	0
ENSMUSG00000112619	0
ENSMUSG00000112620	7
ENSMUSG00000112621	0
ENSMUSG00000112622	0
ENSMUSG00000112623	0
ENSMUSG00000112624	0
ENSMUSG00000112625	1
ENSMUSG00000112626	0
ENSMUSG00000112627	23
ENSMUSG00000112628	0
ENSMUSG00000112629	0
ENSMUSG00000112630	4
ENSMUSG00000112631	0
ENSMUSG00000112632	0
ENSMUSG00000112633	0
ENSMUSG00000112634	0
ENSMUSG00000112635	0
ENSMUSG00000112636	0
ENSMUSG00000112637	2
ENSMUSG00000112638	0
ENSMUSG00000112639	58
ENSMUSG00000112640	22
ENSMUSG00000112641	1
ENSMUSG00000112642	1
ENSMUSG00000112643	2
ENSMUSG00000112644	0
ENSMUSG00000112645	0
ENSMUSG00000112646	0
ENSMUSG00000112647	0
ENSMUSG00000112648	0
ENSMUSG00000112649	0
ENSMUSG00000112650	44
ENSMUSG00000112651	0
ENSMUSG00000112652	0
ENSMUSG00000112653	0
ENSMUSG00000112654	0
ENSMUSG00000112655	0
ENSMUSG00000112656	0
ENSMUSG00000112657	2
ENSMUSG00000112658	0
ENSMUSG00000112659	0
ENSMUSG00000112660	0
ENSMUSG00000112661	0
ENSMUSG00000112662	0
ENSMUSG00000112663	0
ENSMUSG00000112664	0
ENSMUSG00000112665	1
ENSMUSG00000112666	0
ENSMUSG00000112667	0
ENSMUSG00000112668	0
ENSMUSG00000112669	0
ENSMUSG00000112670	1
ENSMUSG00000112671	0
ENSMUSG00000112672	0
ENSMUSG00000112673	0
ENSMUSG00000112674	0
ENSMUSG00000112675	0
ENSMUSG00000112676	0
ENSMUSG00000112677	0
ENSMUSG00000112678	0
ENSMUSG00000112679	0
ENSMUSG00000112680	0
ENSMUSG00000112681	0
ENSMUSG00000112682	0
ENSMUSG00000112683	0
ENSMUSG00000112684	0
ENSMUSG00000112685	0
ENSMUSG00000112686	0
ENSMUSG00000112687	0
ENSMUSG00000112688	0
ENSMUSG00000112689	0
ENSMUSG00000112690	0
ENSMUSG00000112691	0
ENSMUSG00000112692	0
ENSMUSG00000112693	48
ENSMUSG00000112694	0
ENSMUSG00000112696	0
ENSMUSG00000112697	0
ENSMUSG00000112698	0
ENSMUSG00000112699	0
ENSMUSG00000112700	0
ENSMUSG00000112701	0
ENSMUSG00000112702	0
ENSMUSG00000112703	0
ENSMUSG00000112704	1
ENSMUSG00000112705	0
ENSMUSG00000112706	0
ENSMUSG00000112707	0
ENSMUSG00000112708	0
ENSMUSG00000112709	0
ENSMUSG00000112710	26
ENSMUSG00000112711	0
ENSMUSG00000112712	0
ENSMUSG00000112713	0
ENSMUSG00000112714	0
ENSMUSG00000112715	0
ENSMUSG00000112716	0
ENSMUSG00000112717	0
ENSMUSG00000112718	0
ENSMUSG00000112719	0
ENSMUSG00000112720	0
ENSMUSG00000112721	0
ENSMUSG00000112722	0
ENSMUSG00000112723	0
ENSMUSG00000112724	0
ENSMUSG00000112725	0
ENSMUSG00000112726	0
ENSMUSG00000112727	0
ENSMUSG00000112728	1
ENSMUSG00000112729	0
ENSMUSG00000112730	0
ENSMUSG00000112731	0
ENSMUSG00000112732	0
ENSMUSG00000112733	0
ENSMUSG00000112734	23
ENSMUSG00000112735	0
ENSMUSG00000112736	0
ENSMUSG00000112737	0
ENSMUSG00000112738	7
ENSMUSG00000112739	0
ENSMUSG00000112740	0
ENSMUSG00000112741	0
ENSMUSG00000112742	0
ENSMUSG00000112743	0
ENSMUSG00000112744	1
ENSMUSG00000112745	0
ENSMUSG00000112746	1
ENSMUSG00000112747	0
ENSMUSG00000112748	1
ENSMUSG00000112749	0
ENSMUSG00000112750	0
ENSMUSG00000112751	0
ENSMUSG00000112752	0
ENSMUSG00000112753	0
ENSMUSG00000112754	1
ENSMUSG00000112755	0
ENSMUSG00000112756	0
ENSMUSG00000112757	0
ENSMUSG00000112758	96
ENSMUSG00000112759	1
ENSMUSG00000112760	0
ENSMUSG00000112761	0
ENSMUSG00000112762	17
ENSMUSG00000112763	0
ENSMUSG00000112764	0
ENSMUSG00000112765	0
ENSMUSG00000112766	0
ENSMUSG00000112767	0
ENSMUSG00000112768	0
ENSMUSG00000112769	0
ENSMUSG00000112770	0
ENSMUSG00000112771	7
ENSMUSG00000112772	0
ENSMUSG00000112773	0
ENSMUSG00000112774	215
ENSMUSG00000112775	0
ENSMUSG00000112776	0
ENSMUSG00000112777	0
ENSMUSG00000112778	0
ENSMUSG00000112779	0
ENSMUSG00000112780	0
ENSMUSG00000112781	0
ENSMUSG00000112782	0
ENSMUSG00000112783	0
ENSMUSG00000112784	0
ENSMUSG00000112785	0
ENSMUSG00000112786	0
ENSMUSG00000112787	0
ENSMUSG00000112788	0
ENSMUSG00000112789	0
ENSMUSG00000112790	0
ENSMUSG00000112791	0
ENSMUSG00000112792	0
ENSMUSG00000112793	42
ENSMUSG00000112794	71
ENSMUSG00000112795	3
ENSMUSG00000112796	126
ENSMUSG00000112797	0
ENSMUSG00000112798	0
ENSMUSG00000112799	0
ENSMUSG00000112800	3
ENSMUSG00000112801	0
ENSMUSG00000112802	0
ENSMUSG00000112803	0
ENSMUSG00000112804	0
ENSMUSG00000112805	2
ENSMUSG00000112806	5
ENSMUSG00000112807	0
ENSMUSG00000112808	3
ENSMUSG00000112809	0
ENSMUSG00000112810	0
ENSMUSG00000112811	0
ENSMUSG00000112812	0
ENSMUSG00000112813	0
ENSMUSG00000112814	0
ENSMUSG00000112815	0
ENSMUSG00000112816	0
ENSMUSG00000112817	0
ENSMUSG00000112818	0
ENSMUSG00000112819	2
ENSMUSG00000112820	0
ENSMUSG00000112821	0
ENSMUSG00000112822	6
ENSMUSG00000112823	0
ENSMUSG00000112824	0
ENSMUSG00000112825	41
ENSMUSG00000112826	0
ENSMUSG00000112827	0
ENSMUSG00000112828	0
ENSMUSG00000112829	0
ENSMUSG00000112830	0
ENSMUSG00000112831	1
ENSMUSG00000112832	0
ENSMUSG00000112833	0
ENSMUSG00000112834	0
ENSMUSG00000112835	0
ENSMUSG00000112836	0
ENSMUSG00000112837	0
ENSMUSG00000112838	0
ENSMUSG00000112839	0
ENSMUSG00000112840	0
ENSMUSG00000112841	0
ENSMUSG00000112842	0
ENSMUSG00000112843	12
ENSMUSG00000112844	0
ENSMUSG00000112845	0
ENSMUSG00000112846	0
ENSMUSG00000112847	0
ENSMUSG00000112848	0
ENSMUSG00000112849	0
ENSMUSG00000112850	31
ENSMUSG00000112851	11
ENSMUSG00000112852	0
ENSMUSG00000112853	0
ENSMUSG00000112854	0
ENSMUSG00000112855	0
ENSMUSG00000112856	0
ENSMUSG00000112857	0
ENSMUSG00000112858	0
ENSMUSG00000112859	0
ENSMUSG00000112860	3
ENSMUSG00000112861	0
ENSMUSG00000112862	0
ENSMUSG00000112863	6
ENSMUSG00000112864	0
ENSMUSG00000112865	0
ENSMUSG00000112866	0
ENSMUSG00000112867	0
ENSMUSG00000112868	0
ENSMUSG00000112869	0
ENSMUSG00000112870	0
ENSMUSG00000112871	0
ENSMUSG00000112872	0
ENSMUSG00000112873	0
ENSMUSG00000112874	0
ENSMUSG00000112875	0
ENSMUSG00000112876	0
ENSMUSG00000112877	0
ENSMUSG00000112878	0
ENSMUSG00000112879	0
ENSMUSG00000112880	26
ENSMUSG00000112881	0
ENSMUSG00000112882	0
ENSMUSG00000112883	0
ENSMUSG00000112884	0
ENSMUSG00000112885	0
ENSMUSG00000112886	0
ENSMUSG00000112887	0
ENSMUSG00000112888	0
ENSMUSG00000112889	1
ENSMUSG00000112890	0
ENSMUSG00000112891	4
ENSMUSG00000112892	0
ENSMUSG00000112893	0
ENSMUSG00000112894	0
ENSMUSG00000112895	11
ENSMUSG00000112896	0
ENSMUSG00000112897	0
ENSMUSG00000112898	0
ENSMUSG00000112899	0
ENSMUSG00000112900	0
ENSMUSG00000112901	0
ENSMUSG00000112902	0
ENSMUSG00000112903	0
ENSMUSG00000112904	0
ENSMUSG00000112905	0
ENSMUSG00000112906	0
ENSMUSG00000112907	3
ENSMUSG00000112908	0
ENSMUSG00000112909	1
ENSMUSG00000112910	0
ENSMUSG00000112911	0
ENSMUSG00000112912	0
ENSMUSG00000112913	0
ENSMUSG00000112914	0
ENSMUSG00000112915	0
ENSMUSG00000112916	0
ENSMUSG00000112917	0
ENSMUSG00000112918	0
ENSMUSG00000112919	0
ENSMUSG00000112920	53
ENSMUSG00000112921	0
ENSMUSG00000112922	6
ENSMUSG00000112923	0
ENSMUSG00000112924	0
ENSMUSG00000112925	0
ENSMUSG00000112926	0
ENSMUSG00000112927	0
ENSMUSG00000112928	0
ENSMUSG00000112929	0
ENSMUSG00000112930	0
ENSMUSG00000112931	0
ENSMUSG00000112932	0
ENSMUSG00000112933	0
ENSMUSG00000112934	0
ENSMUSG00000112935	1
ENSMUSG00000112936	0
ENSMUSG00000112937	14
ENSMUSG00000112938	0
ENSMUSG00000112939	0
ENSMUSG00000112940	0
ENSMUSG00000112941	0
ENSMUSG00000112942	0
ENSMUSG00000112943	0
ENSMUSG00000112944	0
ENSMUSG00000112945	0
ENSMUSG00000112946	0
ENSMUSG00000112947	0
ENSMUSG00000112948	0
ENSMUSG00000112949	0
ENSMUSG00000112950	0
ENSMUSG00000112951	0
ENSMUSG00000112952	0
ENSMUSG00000112953	0
ENSMUSG00000112954	0
ENSMUSG00000112955	0
ENSMUSG00000112956	0
ENSMUSG00000112957	0
ENSMUSG00000112958	0
ENSMUSG00000112959	0
ENSMUSG00000112960	0
ENSMUSG00000112961	0
ENSMUSG00000112962	0
ENSMUSG00000112963	0
ENSMUSG00000112964	52
ENSMUSG00000112965	0
ENSMUSG00000112966	0
ENSMUSG00000112967	0
ENSMUSG00000112968	0
ENSMUSG00000112969	7
ENSMUSG00000112970	0
ENSMUSG00000112971	0
ENSMUSG00000112972	0
ENSMUSG00000112973	0
ENSMUSG00000112974	0
ENSMUSG00000112975	0
ENSMUSG00000112976	0
ENSMUSG00000112977	0
ENSMUSG00000112978	0
ENSMUSG00000112979	0
ENSMUSG00000112980	1
ENSMUSG00000112981	0
ENSMUSG00000112982	0
ENSMUSG00000112983	0
ENSMUSG00000112984	0
ENSMUSG00000112985	0
ENSMUSG00000112986	0
ENSMUSG00000112987	0
ENSMUSG00000112988	0
ENSMUSG00000112989	0
ENSMUSG00000112990	0
ENSMUSG00000112991	0
ENSMUSG00000112992	0
ENSMUSG00000112993	0
ENSMUSG00000112994	0
ENSMUSG00000112995	0
ENSMUSG00000112996	0
ENSMUSG00000112997	0
ENSMUSG00000112998	0
ENSMUSG00000112999	0
ENSMUSG00000113000	0
ENSMUSG00000113001	0
ENSMUSG00000113002	0
ENSMUSG00000113003	3
ENSMUSG00000113004	0
ENSMUSG00000113005	0
ENSMUSG00000113006	0
ENSMUSG00000113007	0
ENSMUSG00000113008	0
ENSMUSG00000113009	0
ENSMUSG00000113010	2
ENSMUSG00000113011	6
ENSMUSG00000113012	0
ENSMUSG00000113013	0
ENSMUSG00000113014	104
ENSMUSG00000113015	0
ENSMUSG00000113016	0
ENSMUSG00000113017	0
ENSMUSG00000113018	0
ENSMUSG00000113019	4
ENSMUSG00000113020	0
ENSMUSG00000113021	0
ENSMUSG00000113022	2
ENSMUSG00000113023	0
ENSMUSG00000113024	0
ENSMUSG00000113025	0
ENSMUSG00000113026	0
ENSMUSG00000113027	0
ENSMUSG00000113028	0
ENSMUSG00000113029	0
ENSMUSG00000113030	0
ENSMUSG00000113031	0
ENSMUSG00000113032	0
ENSMUSG00000113033	0
ENSMUSG00000113034	5
ENSMUSG00000113035	5
ENSMUSG00000113036	5
ENSMUSG00000113037	0
ENSMUSG00000113038	0
ENSMUSG00000113039	0
ENSMUSG00000113040	0
ENSMUSG00000113041	0
ENSMUSG00000113042	0
ENSMUSG00000113043	0
ENSMUSG00000113044	0
ENSMUSG00000113045	1
ENSMUSG00000113046	0
ENSMUSG00000113047	41
ENSMUSG00000113048	0
ENSMUSG00000113049	0
ENSMUSG00000113050	0
ENSMUSG00000113051	0
ENSMUSG00000113052	5
ENSMUSG00000113053	0
ENSMUSG00000113054	0
ENSMUSG00000113055	0
ENSMUSG00000113056	0
ENSMUSG00000113057	0
ENSMUSG00000113058	0
ENSMUSG00000113059	0
ENSMUSG00000113060	0
ENSMUSG00000113061	5
ENSMUSG00000113062	0
ENSMUSG00000113063	159
ENSMUSG00000113064	0
ENSMUSG00000113065	0
ENSMUSG00000113066	0
ENSMUSG00000113067	0
ENSMUSG00000113068	0
ENSMUSG00000113069	0
ENSMUSG00000113070	28
ENSMUSG00000113071	0
ENSMUSG00000113072	0
ENSMUSG00000113073	0
ENSMUSG00000113074	0
ENSMUSG00000113075	0
ENSMUSG00000113076	0
ENSMUSG00000113077	0
ENSMUSG00000113078	0
ENSMUSG00000113079	0
ENSMUSG00000113080	0
ENSMUSG00000113081	0
ENSMUSG00000113082	0
ENSMUSG00000113083	0
ENSMUSG00000113084	0
ENSMUSG00000113085	0
ENSMUSG00000113086	0
ENSMUSG00000113087	0
ENSMUSG00000113088	1
ENSMUSG00000113089	0
ENSMUSG00000113090	0
ENSMUSG00000113091	2
ENSMUSG00000113092	0
ENSMUSG00000113093	0
ENSMUSG00000113094	2
ENSMUSG00000113095	0
ENSMUSG00000113096	1
ENSMUSG00000113097	0
ENSMUSG00000113098	0
ENSMUSG00000113099	0
ENSMUSG00000113100	0
ENSMUSG00000113101	0
ENSMUSG00000113102	1
ENSMUSG00000113103	0
ENSMUSG00000113104	0
ENSMUSG00000113105	0
ENSMUSG00000113106	0
ENSMUSG00000113107	0
ENSMUSG00000113108	0
ENSMUSG00000113109	0
ENSMUSG00000113110	0
ENSMUSG00000113111	0
ENSMUSG00000113112	0
ENSMUSG00000113113	32
ENSMUSG00000113114	0
ENSMUSG00000113115	0
ENSMUSG00000113116	0
ENSMUSG00000113117	0
ENSMUSG00000113118	0
ENSMUSG00000113119	0
ENSMUSG00000113120	0
ENSMUSG00000113121	0
ENSMUSG00000113122	0
ENSMUSG00000113123	0
ENSMUSG00000113124	0
ENSMUSG00000113125	0
ENSMUSG00000113126	0
ENSMUSG00000113127	0
ENSMUSG00000113128	3
ENSMUSG00000113129	0
ENSMUSG00000113130	20
ENSMUSG00000113131	0
ENSMUSG00000113132	0
ENSMUSG00000113133	0
ENSMUSG00000113134	0
ENSMUSG00000113135	0
ENSMUSG00000113136	17
ENSMUSG00000113137	3
ENSMUSG00000113138	0
ENSMUSG00000113139	0
ENSMUSG00000113140	0
ENSMUSG00000113141	0
ENSMUSG00000113142	0
ENSMUSG00000113143	48
ENSMUSG00000113144	0
ENSMUSG00000113145	0
ENSMUSG00000113146	0
ENSMUSG00000113147	0
ENSMUSG00000113148	0
ENSMUSG00000113149	0
ENSMUSG00000113150	0
ENSMUSG00000113151	1
ENSMUSG00000113152	0
ENSMUSG00000113153	0
ENSMUSG00000113154	0
ENSMUSG00000113155	0
ENSMUSG00000113156	0
ENSMUSG00000113157	0
ENSMUSG00000113158	0
ENSMUSG00000113159	4
ENSMUSG00000113160	0
ENSMUSG00000113161	0
ENSMUSG00000113162	0
ENSMUSG00000113163	0
ENSMUSG00000113164	0
ENSMUSG00000113165	5
ENSMUSG00000113166	0
ENSMUSG00000113167	3
ENSMUSG00000113168	0
ENSMUSG00000113169	0
ENSMUSG00000113170	5
ENSMUSG00000113171	0
ENSMUSG00000113172	0
ENSMUSG00000113173	0
ENSMUSG00000113174	0
ENSMUSG00000113175	0
ENSMUSG00000113177	0
ENSMUSG00000113178	0
ENSMUSG00000113179	0
ENSMUSG00000113180	0
ENSMUSG00000113181	0
ENSMUSG00000113182	0
ENSMUSG00000113183	0
ENSMUSG00000113184	1
ENSMUSG00000113185	5
ENSMUSG00000113186	0
ENSMUSG00000113187	0
ENSMUSG00000113188	137
ENSMUSG00000113189	0
ENSMUSG00000113190	0
ENSMUSG00000113191	0
ENSMUSG00000113192	0
ENSMUSG00000113193	1
ENSMUSG00000113194	0
ENSMUSG00000113195	0
ENSMUSG00000113196	0
ENSMUSG00000113197	0
ENSMUSG00000113198	0
ENSMUSG00000113199	0
ENSMUSG00000113200	3
ENSMUSG00000113201	0
ENSMUSG00000113202	0
ENSMUSG00000113203	0
ENSMUSG00000113204	357
ENSMUSG00000113205	0
ENSMUSG00000113206	0
ENSMUSG00000113207	0
ENSMUSG00000113208	0
ENSMUSG00000113209	0
ENSMUSG00000113210	1
ENSMUSG00000113211	0
ENSMUSG00000113212	3
ENSMUSG00000113213	0
ENSMUSG00000113214	30
ENSMUSG00000113215	0
ENSMUSG00000113216	0
ENSMUSG00000113217	1
ENSMUSG00000113218	0
ENSMUSG00000113219	0
ENSMUSG00000113220	0
ENSMUSG00000113221	0
ENSMUSG00000113222	0
ENSMUSG00000113223	0
ENSMUSG00000113224	0
ENSMUSG00000113225	0
ENSMUSG00000113226	0
ENSMUSG00000113227	0
ENSMUSG00000113228	0
ENSMUSG00000113229	0
ENSMUSG00000113230	0
ENSMUSG00000113231	0
ENSMUSG00000113232	0
ENSMUSG00000113233	0
ENSMUSG00000113234	0
ENSMUSG00000113235	0
ENSMUSG00000113236	0
ENSMUSG00000113237	0
ENSMUSG00000113238	0
ENSMUSG00000113239	0
ENSMUSG00000113240	0
ENSMUSG00000113241	4
ENSMUSG00000113242	0
ENSMUSG00000113243	0
ENSMUSG00000113244	0
ENSMUSG00000113245	0
ENSMUSG00000113246	0
ENSMUSG00000113247	0
ENSMUSG00000113248	0
ENSMUSG00000113249	0
ENSMUSG00000113250	0
ENSMUSG00000113251	0
ENSMUSG00000113252	0
ENSMUSG00000113253	0
ENSMUSG00000113254	0
ENSMUSG00000113255	32
ENSMUSG00000113256	0
ENSMUSG00000113257	0
ENSMUSG00000113258	0
ENSMUSG00000113259	3
ENSMUSG00000113260	0
ENSMUSG00000113261	0
ENSMUSG00000113262	0
ENSMUSG00000113263	0
ENSMUSG00000113264	0
ENSMUSG00000113265	0
ENSMUSG00000113266	0
ENSMUSG00000113267	0
ENSMUSG00000113268	0
ENSMUSG00000113269	0
ENSMUSG00000113270	0
ENSMUSG00000113271	0
ENSMUSG00000113272	0
ENSMUSG00000113273	0
ENSMUSG00000113274	0
ENSMUSG00000113275	11
ENSMUSG00000113276	0
ENSMUSG00000113277	0
ENSMUSG00000113278	0
ENSMUSG00000113279	0
ENSMUSG00000113280	1
ENSMUSG00000113281	0
ENSMUSG00000113282	0
ENSMUSG00000113283	0
ENSMUSG00000113284	0
ENSMUSG00000113285	0
ENSMUSG00000113286	0
ENSMUSG00000113287	0
ENSMUSG00000113288	0
ENSMUSG00000113289	0
ENSMUSG00000113290	0
ENSMUSG00000113291	0
ENSMUSG00000113292	0
ENSMUSG00000113293	0
ENSMUSG00000113294	0
ENSMUSG00000113295	0
ENSMUSG00000113296	0
ENSMUSG00000113297	0
ENSMUSG00000113298	0
ENSMUSG00000113299	0
ENSMUSG00000113300	0
ENSMUSG00000113301	0
ENSMUSG00000113302	0
ENSMUSG00000113303	0
ENSMUSG00000113304	0
ENSMUSG00000113305	1
ENSMUSG00000113306	0
ENSMUSG00000113307	0
ENSMUSG00000113308	1
ENSMUSG00000113309	0
ENSMUSG00000113310	0
ENSMUSG00000113311	0
ENSMUSG00000113312	0
ENSMUSG00000113313	0
ENSMUSG00000113314	0
ENSMUSG00000113315	0
ENSMUSG00000113316	0
ENSMUSG00000113317	0
ENSMUSG00000113318	3
ENSMUSG00000113319	0
ENSMUSG00000113320	0
ENSMUSG00000113321	0
ENSMUSG00000113322	0
ENSMUSG00000113323	0
ENSMUSG00000113324	0
ENSMUSG00000113325	0
ENSMUSG00000113326	2
ENSMUSG00000113327	0
ENSMUSG00000113328	33
ENSMUSG00000113329	0
ENSMUSG00000113330	0
ENSMUSG00000113331	0
ENSMUSG00000113332	0
ENSMUSG00000113333	0
ENSMUSG00000113334	1
ENSMUSG00000113335	0
ENSMUSG00000113336	0
ENSMUSG00000113337	0
ENSMUSG00000113338	0
ENSMUSG00000113339	2
ENSMUSG00000113340	2
ENSMUSG00000113341	0
ENSMUSG00000113342	0
ENSMUSG00000113343	0
ENSMUSG00000113344	0
ENSMUSG00000113345	0
ENSMUSG00000113346	1
ENSMUSG00000113347	0
ENSMUSG00000113348	0
ENSMUSG00000113349	0
ENSMUSG00000113350	0
ENSMUSG00000113351	0
ENSMUSG00000113352	0
ENSMUSG00000113353	0
ENSMUSG00000113354	0
ENSMUSG00000113355	0
ENSMUSG00000113356	0
ENSMUSG00000113357	0
ENSMUSG00000113358	0
ENSMUSG00000113359	0
ENSMUSG00000113360	0
ENSMUSG00000113361	9
ENSMUSG00000113362	0
ENSMUSG00000113363	0
ENSMUSG00000113364	0
ENSMUSG00000113365	0
ENSMUSG00000113366	0
ENSMUSG00000113367	0
ENSMUSG00000113368	0
ENSMUSG00000113369	1
ENSMUSG00000113370	0
ENSMUSG00000113371	0
ENSMUSG00000113372	0
ENSMUSG00000113373	0
ENSMUSG00000113374	0
ENSMUSG00000113375	0
ENSMUSG00000113376	0
ENSMUSG00000113377	0
ENSMUSG00000113378	0
ENSMUSG00000113379	0
ENSMUSG00000113380	0
ENSMUSG00000113381	0
ENSMUSG00000113382	0
ENSMUSG00000113383	0
ENSMUSG00000113384	0
ENSMUSG00000113385	1
ENSMUSG00000113386	0
ENSMUSG00000113387	8
ENSMUSG00000113388	0
ENSMUSG00000113389	2
ENSMUSG00000113390	0
ENSMUSG00000113391	0
ENSMUSG00000113392	0
ENSMUSG00000113393	0
ENSMUSG00000113394	1
ENSMUSG00000113395	0
ENSMUSG00000113396	0
ENSMUSG00000113397	0
ENSMUSG00000113398	1
ENSMUSG00000113399	1
ENSMUSG00000113400	0
ENSMUSG00000113401	0
ENSMUSG00000113402	0
ENSMUSG00000113403	0
ENSMUSG00000113404	0
ENSMUSG00000113405	1
ENSMUSG00000113406	0
ENSMUSG00000113407	0
ENSMUSG00000113408	0
ENSMUSG00000113409	0
ENSMUSG00000113410	0
ENSMUSG00000113411	0
ENSMUSG00000113412	0
ENSMUSG00000113413	0
ENSMUSG00000113414	0
ENSMUSG00000113415	0
ENSMUSG00000113416	0
ENSMUSG00000113417	0
ENSMUSG00000113418	0
ENSMUSG00000113419	0
ENSMUSG00000113420	0
ENSMUSG00000113421	0
ENSMUSG00000113422	0
ENSMUSG00000113423	3
ENSMUSG00000113424	0
ENSMUSG00000113425	24
ENSMUSG00000113426	0
ENSMUSG00000113427	1
ENSMUSG00000113428	5
ENSMUSG00000113429	0
ENSMUSG00000113430	0
ENSMUSG00000113431	0
ENSMUSG00000113432	6
ENSMUSG00000113433	0
ENSMUSG00000113434	0
ENSMUSG00000113435	0
ENSMUSG00000113436	0
ENSMUSG00000113437	0
ENSMUSG00000113438	0
ENSMUSG00000113439	0
ENSMUSG00000113440	12
ENSMUSG00000113441	12
ENSMUSG00000113442	0
ENSMUSG00000113443	0
ENSMUSG00000113444	0
ENSMUSG00000113445	0
ENSMUSG00000113446	0
ENSMUSG00000113447	0
ENSMUSG00000113448	0
ENSMUSG00000113449	0
ENSMUSG00000113450	22
ENSMUSG00000113451	0
ENSMUSG00000113452	0
ENSMUSG00000113453	0
ENSMUSG00000113454	0
ENSMUSG00000113455	0
ENSMUSG00000113456	2
ENSMUSG00000113457	0
ENSMUSG00000113458	0
ENSMUSG00000113459	0
ENSMUSG00000113460	0
ENSMUSG00000113461	0
ENSMUSG00000113462	0
ENSMUSG00000113463	0
ENSMUSG00000113464	0
ENSMUSG00000113465	0
ENSMUSG00000113466	0
ENSMUSG00000113467	0
ENSMUSG00000113468	0
ENSMUSG00000113469	7
ENSMUSG00000113470	0
ENSMUSG00000113471	0
ENSMUSG00000113472	0
ENSMUSG00000113473	0
ENSMUSG00000113474	0
ENSMUSG00000113475	0
ENSMUSG00000113476	0
ENSMUSG00000113477	0
ENSMUSG00000113478	0
ENSMUSG00000113479	0
ENSMUSG00000113480	0
ENSMUSG00000113481	0
ENSMUSG00000113482	0
ENSMUSG00000113483	0
ENSMUSG00000113484	0
ENSMUSG00000113485	0
ENSMUSG00000113486	0
ENSMUSG00000113487	0
ENSMUSG00000113488	1
ENSMUSG00000113489	0
ENSMUSG00000113490	0
ENSMUSG00000113491	2
ENSMUSG00000113492	1
ENSMUSG00000113493	0
ENSMUSG00000113494	0
ENSMUSG00000113495	0
ENSMUSG00000113496	0
ENSMUSG00000113497	0
ENSMUSG00000113498	0
ENSMUSG00000113499	0
ENSMUSG00000113500	0
ENSMUSG00000113501	0
ENSMUSG00000113502	0
ENSMUSG00000113503	0
ENSMUSG00000113504	0
ENSMUSG00000113505	0
ENSMUSG00000113506	0
ENSMUSG00000113507	0
ENSMUSG00000113508	0
ENSMUSG00000113509	0
ENSMUSG00000113510	0
ENSMUSG00000113511	0
ENSMUSG00000113512	23
ENSMUSG00000113513	0
ENSMUSG00000113514	0
ENSMUSG00000113515	1
ENSMUSG00000113516	0
ENSMUSG00000113517	11
ENSMUSG00000113518	0
ENSMUSG00000113519	0
ENSMUSG00000113520	0
ENSMUSG00000113521	40
ENSMUSG00000113522	0
ENSMUSG00000113523	0
ENSMUSG00000113524	0
ENSMUSG00000113525	0
ENSMUSG00000113526	0
ENSMUSG00000113527	9
ENSMUSG00000113528	3
ENSMUSG00000113529	3
ENSMUSG00000113530	0
ENSMUSG00000113531	0
ENSMUSG00000113532	0
ENSMUSG00000113533	0
ENSMUSG00000113534	0
ENSMUSG00000113535	0
ENSMUSG00000113536	22
ENSMUSG00000113537	0
ENSMUSG00000113538	0
ENSMUSG00000113539	0
ENSMUSG00000113540	0
ENSMUSG00000113541	0
ENSMUSG00000113542	0
ENSMUSG00000113543	96
ENSMUSG00000113544	0
ENSMUSG00000113545	0
ENSMUSG00000113546	7
ENSMUSG00000113547	0
ENSMUSG00000113548	0
ENSMUSG00000113549	0
ENSMUSG00000113550	0
ENSMUSG00000113551	0
ENSMUSG00000113552	0
ENSMUSG00000113553	0
ENSMUSG00000113554	0
ENSMUSG00000113555	0
ENSMUSG00000113556	0
ENSMUSG00000113557	0
ENSMUSG00000113558	0
ENSMUSG00000113559	0
ENSMUSG00000113560	0
ENSMUSG00000113561	0
ENSMUSG00000113562	0
ENSMUSG00000113563	0
ENSMUSG00000113564	0
ENSMUSG00000113565	0
ENSMUSG00000113566	0
ENSMUSG00000113567	0
ENSMUSG00000113568	1
ENSMUSG00000113569	0
ENSMUSG00000113570	0
ENSMUSG00000113571	1
ENSMUSG00000113572	0
ENSMUSG00000113573	0
ENSMUSG00000113574	0
ENSMUSG00000113575	0
ENSMUSG00000113576	0
ENSMUSG00000113577	0
ENSMUSG00000113578	0
ENSMUSG00000113579	0
ENSMUSG00000113580	0
ENSMUSG00000113581	22
ENSMUSG00000113582	0
ENSMUSG00000113583	0
ENSMUSG00000113584	0
ENSMUSG00000113585	17
ENSMUSG00000113586	0
ENSMUSG00000113587	2
ENSMUSG00000113588	0
ENSMUSG00000113589	0
ENSMUSG00000113590	0
ENSMUSG00000113591	0
ENSMUSG00000113592	0
ENSMUSG00000113593	0
ENSMUSG00000113594	0
ENSMUSG00000113595	0
ENSMUSG00000113596	105
ENSMUSG00000113597	0
ENSMUSG00000113598	0
ENSMUSG00000113599	0
ENSMUSG00000113600	45
ENSMUSG00000113601	0
ENSMUSG00000113602	0
ENSMUSG00000113603	1
ENSMUSG00000113604	0
ENSMUSG00000113605	0
ENSMUSG00000113606	0
ENSMUSG00000113607	0
ENSMUSG00000113608	0
ENSMUSG00000113609	0
ENSMUSG00000113610	0
ENSMUSG00000113611	4
ENSMUSG00000113612	0
ENSMUSG00000113613	6
ENSMUSG00000113614	0
ENSMUSG00000113615	1
ENSMUSG00000113616	64
ENSMUSG00000113617	0
ENSMUSG00000113618	0
ENSMUSG00000113619	0
ENSMUSG00000113620	0
ENSMUSG00000113621	0
ENSMUSG00000113622	0
ENSMUSG00000113623	0
ENSMUSG00000113624	0
ENSMUSG00000113625	0
ENSMUSG00000113626	1
ENSMUSG00000113627	0
ENSMUSG00000113628	0
ENSMUSG00000113629	0
ENSMUSG00000113630	220
ENSMUSG00000113631	0
ENSMUSG00000113632	0
ENSMUSG00000113633	0
ENSMUSG00000113634	1
ENSMUSG00000113635	0
ENSMUSG00000113636	0
ENSMUSG00000113637	139
ENSMUSG00000113638	0
ENSMUSG00000113639	0
ENSMUSG00000113640	0
ENSMUSG00000113641	0
ENSMUSG00000113642	0
ENSMUSG00000113643	0
ENSMUSG00000113644	0
ENSMUSG00000113645	0
ENSMUSG00000113646	0
ENSMUSG00000113647	2
ENSMUSG00000113648	0
ENSMUSG00000113649	0
ENSMUSG00000113650	3
ENSMUSG00000113651	8
ENSMUSG00000113652	0
ENSMUSG00000113653	0
ENSMUSG00000113654	0
ENSMUSG00000113655	0
ENSMUSG00000113656	0
ENSMUSG00000113657	0
ENSMUSG00000113658	0
ENSMUSG00000113659	0
ENSMUSG00000113660	154
ENSMUSG00000113661	0
ENSMUSG00000113662	5
ENSMUSG00000113663	0
ENSMUSG00000113664	1
ENSMUSG00000113665	0
ENSMUSG00000113666	0
ENSMUSG00000113667	0
ENSMUSG00000113668	449
ENSMUSG00000113669	36
ENSMUSG00000113670	0
ENSMUSG00000113671	0
ENSMUSG00000113672	0
ENSMUSG00000113673	0
ENSMUSG00000113674	0
ENSMUSG00000113675	0
ENSMUSG00000113676	0
ENSMUSG00000113677	0
ENSMUSG00000113678	0
ENSMUSG00000113679	0
ENSMUSG00000113680	0
ENSMUSG00000113681	1
ENSMUSG00000113682	0
ENSMUSG00000113683	0
ENSMUSG00000113684	0
ENSMUSG00000113685	0
ENSMUSG00000113686	0
ENSMUSG00000113687	0
ENSMUSG00000113688	1
ENSMUSG00000113689	0
ENSMUSG00000113690	12
ENSMUSG00000113691	0
ENSMUSG00000113692	0
ENSMUSG00000113693	0
ENSMUSG00000113694	0
ENSMUSG00000113695	0
ENSMUSG00000113696	0
ENSMUSG00000113697	0
ENSMUSG00000113698	0
ENSMUSG00000113699	0
ENSMUSG00000113700	0
ENSMUSG00000113701	1
ENSMUSG00000113702	0
ENSMUSG00000113703	0
ENSMUSG00000113704	0
ENSMUSG00000113705	0
ENSMUSG00000113706	0
ENSMUSG00000113707	0
ENSMUSG00000113708	0
ENSMUSG00000113709	0
ENSMUSG00000113710	0
ENSMUSG00000113711	0
ENSMUSG00000113712	0
ENSMUSG00000113713	0
ENSMUSG00000113714	0
ENSMUSG00000113715	0
ENSMUSG00000113716	0
ENSMUSG00000113717	0
ENSMUSG00000113718	0
ENSMUSG00000113719	0
ENSMUSG00000113720	0
ENSMUSG00000113721	0
ENSMUSG00000113722	9
ENSMUSG00000113723	0
ENSMUSG00000113724	0
ENSMUSG00000113725	0
ENSMUSG00000113726	0
ENSMUSG00000113727	0
ENSMUSG00000113728	0
ENSMUSG00000113729	0
ENSMUSG00000113730	0
ENSMUSG00000113731	0
ENSMUSG00000113732	0
ENSMUSG00000113733	0
ENSMUSG00000113734	0
ENSMUSG00000113735	0
ENSMUSG00000113736	0
ENSMUSG00000113737	1
ENSMUSG00000113738	1
ENSMUSG00000113739	0
ENSMUSG00000113740	0
ENSMUSG00000113741	0
ENSMUSG00000113742	0
ENSMUSG00000113743	121
ENSMUSG00000113744	0
ENSMUSG00000113745	0
ENSMUSG00000113746	0
ENSMUSG00000113747	0
ENSMUSG00000113748	0
ENSMUSG00000113749	1
ENSMUSG00000113750	10
ENSMUSG00000113751	0
ENSMUSG00000113752	1
ENSMUSG00000113753	0
ENSMUSG00000113754	0
ENSMUSG00000113755	0
ENSMUSG00000113756	0
ENSMUSG00000113757	0
ENSMUSG00000113758	0
ENSMUSG00000113759	0
ENSMUSG00000113760	0
ENSMUSG00000113761	0
ENSMUSG00000113762	0
ENSMUSG00000113763	0
ENSMUSG00000113764	0
ENSMUSG00000113765	0
ENSMUSG00000113766	0
ENSMUSG00000113767	0
ENSMUSG00000113768	0
ENSMUSG00000113769	214
ENSMUSG00000113770	0
ENSMUSG00000113771	0
ENSMUSG00000113772	0
ENSMUSG00000113773	0
ENSMUSG00000113774	4
ENSMUSG00000113775	3
ENSMUSG00000113776	0
ENSMUSG00000113777	0
ENSMUSG00000113778	0
ENSMUSG00000113779	7
ENSMUSG00000113780	16
ENSMUSG00000113781	0
ENSMUSG00000113782	0
ENSMUSG00000113783	0
ENSMUSG00000113784	0
ENSMUSG00000113785	0
ENSMUSG00000113786	0
ENSMUSG00000113787	0
ENSMUSG00000113788	4
ENSMUSG00000113789	7
ENSMUSG00000113790	0
ENSMUSG00000113791	0
ENSMUSG00000113792	0
ENSMUSG00000113793	0
ENSMUSG00000113794	0
ENSMUSG00000113795	0
ENSMUSG00000113796	0
ENSMUSG00000113797	0
ENSMUSG00000113798	0
ENSMUSG00000113799	0
ENSMUSG00000113800	54
ENSMUSG00000113801	0
ENSMUSG00000113802	0
ENSMUSG00000113803	0
ENSMUSG00000113804	0
ENSMUSG00000113805	0
ENSMUSG00000113806	0
ENSMUSG00000113807	4
ENSMUSG00000113808	0
ENSMUSG00000113809	0
ENSMUSG00000113810	0
ENSMUSG00000113811	11
ENSMUSG00000113812	0
ENSMUSG00000113813	0
ENSMUSG00000113814	0
ENSMUSG00000113815	0
ENSMUSG00000113816	0
ENSMUSG00000113817	2
ENSMUSG00000113818	0
ENSMUSG00000113819	0
ENSMUSG00000113820	0
ENSMUSG00000113821	0
ENSMUSG00000113822	0
ENSMUSG00000113823	0
ENSMUSG00000113824	0
ENSMUSG00000113825	0
ENSMUSG00000113826	0
ENSMUSG00000113827	0
ENSMUSG00000113828	0
ENSMUSG00000113829	0
ENSMUSG00000113830	0
ENSMUSG00000113831	71
ENSMUSG00000113832	0
ENSMUSG00000113833	0
ENSMUSG00000113834	0
ENSMUSG00000113835	0
ENSMUSG00000113836	0
ENSMUSG00000113837	0
ENSMUSG00000113838	0
ENSMUSG00000113839	0
ENSMUSG00000113840	2
ENSMUSG00000113841	3
ENSMUSG00000113842	0
ENSMUSG00000113843	0
ENSMUSG00000113844	0
ENSMUSG00000113845	0
ENSMUSG00000113846	0
ENSMUSG00000113847	0
ENSMUSG00000113848	0
ENSMUSG00000113849	0
ENSMUSG00000113850	0
ENSMUSG00000113851	0
ENSMUSG00000113852	37
ENSMUSG00000113853	4
ENSMUSG00000113854	0
ENSMUSG00000113855	0
ENSMUSG00000113856	0
ENSMUSG00000113857	0
ENSMUSG00000113858	4
ENSMUSG00000113859	22
ENSMUSG00000113860	0
ENSMUSG00000113861	77
ENSMUSG00000113862	9
ENSMUSG00000113863	1
ENSMUSG00000113864	0
ENSMUSG00000113865	0
ENSMUSG00000113866	0
ENSMUSG00000113867	0
ENSMUSG00000113868	0
ENSMUSG00000113869	1
ENSMUSG00000113870	0
ENSMUSG00000113871	1
ENSMUSG00000113872	0
ENSMUSG00000113873	0
ENSMUSG00000113874	0
ENSMUSG00000113875	0
ENSMUSG00000113876	0
ENSMUSG00000113877	0
ENSMUSG00000113878	0
ENSMUSG00000113879	0
ENSMUSG00000113880	5
ENSMUSG00000113881	0
ENSMUSG00000113882	0
ENSMUSG00000113883	0
ENSMUSG00000113884	0
ENSMUSG00000113885	0
ENSMUSG00000113886	0
ENSMUSG00000113887	0
ENSMUSG00000113888	0
ENSMUSG00000113889	0
ENSMUSG00000113890	0
ENSMUSG00000113891	5
ENSMUSG00000113892	0
ENSMUSG00000113893	0
ENSMUSG00000113894	6
ENSMUSG00000113895	0
ENSMUSG00000113896	0
ENSMUSG00000113897	0
ENSMUSG00000113898	0
ENSMUSG00000113899	0
ENSMUSG00000113900	0
ENSMUSG00000113901	0
ENSMUSG00000113902	2186
ENSMUSG00000113903	0
ENSMUSG00000113904	0
ENSMUSG00000113905	1
ENSMUSG00000113906	0
ENSMUSG00000113907	0
ENSMUSG00000113908	0
ENSMUSG00000113909	0
ENSMUSG00000113910	0
ENSMUSG00000113911	0
ENSMUSG00000113912	0
ENSMUSG00000113913	0
ENSMUSG00000113914	0
ENSMUSG00000113915	0
ENSMUSG00000113916	0
ENSMUSG00000113917	0
ENSMUSG00000113918	10
ENSMUSG00000113919	2
ENSMUSG00000113920	0
ENSMUSG00000113921	0
ENSMUSG00000113922	1
ENSMUSG00000113923	0
ENSMUSG00000113924	0
ENSMUSG00000113925	0
ENSMUSG00000113926	0
ENSMUSG00000113927	0
ENSMUSG00000113928	0
ENSMUSG00000113929	1
ENSMUSG00000113930	0
ENSMUSG00000113931	0
ENSMUSG00000113932	0
ENSMUSG00000113933	0
ENSMUSG00000113934	3
ENSMUSG00000113935	0
ENSMUSG00000113936	6
ENSMUSG00000113937	0
ENSMUSG00000113938	0
ENSMUSG00000113939	0
ENSMUSG00000113940	0
ENSMUSG00000113941	0
ENSMUSG00000113942	2
ENSMUSG00000113943	0
ENSMUSG00000113944	0
ENSMUSG00000113945	0
ENSMUSG00000113946	0
ENSMUSG00000113947	0
ENSMUSG00000113948	0
ENSMUSG00000113949	0
ENSMUSG00000113950	0
ENSMUSG00000113951	0
ENSMUSG00000113952	0
ENSMUSG00000113953	0
ENSMUSG00000113954	0
ENSMUSG00000113955	0
ENSMUSG00000113956	0
ENSMUSG00000113957	0
ENSMUSG00000113958	0
ENSMUSG00000113959	0
ENSMUSG00000113960	0
ENSMUSG00000113961	0
ENSMUSG00000113962	0
ENSMUSG00000113963	0
ENSMUSG00000113964	0
ENSMUSG00000113965	9
ENSMUSG00000113966	4
ENSMUSG00000113967	0
ENSMUSG00000113968	0
ENSMUSG00000113969	0
ENSMUSG00000113970	0
ENSMUSG00000113971	0
ENSMUSG00000113972	0
ENSMUSG00000113973	0
ENSMUSG00000113974	0
ENSMUSG00000113975	0
ENSMUSG00000113976	0
ENSMUSG00000113977	0
ENSMUSG00000113978	0
ENSMUSG00000113979	0
ENSMUSG00000113980	0
ENSMUSG00000113981	0
ENSMUSG00000113982	0
ENSMUSG00000113983	0
ENSMUSG00000113984	6
ENSMUSG00000113985	0
ENSMUSG00000113986	246
ENSMUSG00000113987	0
ENSMUSG00000113989	0
ENSMUSG00000113990	0
ENSMUSG00000113991	0
ENSMUSG00000113992	0
ENSMUSG00000113993	0
ENSMUSG00000113994	0
ENSMUSG00000113995	0
ENSMUSG00000113996	1
ENSMUSG00000113997	0
ENSMUSG00000113998	0
ENSMUSG00000113999	0
ENSMUSG00000114000	0
ENSMUSG00000114001	0
ENSMUSG00000114002	0
ENSMUSG00000114003	43
ENSMUSG00000114004	26
ENSMUSG00000114005	0
ENSMUSG00000114006	0
ENSMUSG00000114007	1
ENSMUSG00000114008	0
ENSMUSG00000114009	0
ENSMUSG00000114010	0
ENSMUSG00000114011	0
ENSMUSG00000114012	0
ENSMUSG00000114013	0
ENSMUSG00000114014	6
ENSMUSG00000114015	0
ENSMUSG00000114016	0
ENSMUSG00000114017	0
ENSMUSG00000114018	1
ENSMUSG00000114019	25
ENSMUSG00000114020	0
ENSMUSG00000114021	0
ENSMUSG00000114022	0
ENSMUSG00000114023	0
ENSMUSG00000114024	0
ENSMUSG00000114025	7
ENSMUSG00000114026	0
ENSMUSG00000114027	0
ENSMUSG00000114028	0
ENSMUSG00000114029	1
ENSMUSG00000114030	0
ENSMUSG00000114031	0
ENSMUSG00000114032	0
ENSMUSG00000114033	1
ENSMUSG00000114034	0
ENSMUSG00000114035	0
ENSMUSG00000114036	0
ENSMUSG00000114037	0
ENSMUSG00000114038	0
ENSMUSG00000114039	0
ENSMUSG00000114040	0
ENSMUSG00000114041	0
ENSMUSG00000114042	0
ENSMUSG00000114043	0
ENSMUSG00000114044	0
ENSMUSG00000114045	17
ENSMUSG00000114046	0
ENSMUSG00000114047	0
ENSMUSG00000114048	0
ENSMUSG00000114049	0
ENSMUSG00000114050	0
ENSMUSG00000114051	0
ENSMUSG00000114052	0
ENSMUSG00000114053	0
ENSMUSG00000114054	0
ENSMUSG00000114055	0
ENSMUSG00000114056	0
ENSMUSG00000114057	0
ENSMUSG00000114058	0
ENSMUSG00000114059	0
ENSMUSG00000114060	0
ENSMUSG00000114061	0
ENSMUSG00000114062	0
ENSMUSG00000114063	0
ENSMUSG00000114064	0
ENSMUSG00000114065	0
ENSMUSG00000114066	14
ENSMUSG00000114067	0
ENSMUSG00000114068	0
ENSMUSG00000114069	0
ENSMUSG00000114070	0
ENSMUSG00000114071	0
ENSMUSG00000114072	0
ENSMUSG00000114073	0
ENSMUSG00000114074	0
ENSMUSG00000114075	0
ENSMUSG00000114076	0
ENSMUSG00000114077	0
ENSMUSG00000114078	0
ENSMUSG00000114079	0
ENSMUSG00000114080	0
ENSMUSG00000114081	0
ENSMUSG00000114082	0
ENSMUSG00000114083	0
ENSMUSG00000114084	0
ENSMUSG00000114085	0
ENSMUSG00000114086	0
ENSMUSG00000114087	0
ENSMUSG00000114088	0
ENSMUSG00000114089	0
ENSMUSG00000114090	0
ENSMUSG00000114091	0
ENSMUSG00000114092	0
ENSMUSG00000114093	0
ENSMUSG00000114094	0
ENSMUSG00000114095	0
ENSMUSG00000114096	0
ENSMUSG00000114097	0
ENSMUSG00000114098	0
ENSMUSG00000114099	0
ENSMUSG00000114100	0
ENSMUSG00000114101	0
ENSMUSG00000114102	1
ENSMUSG00000114103	0
ENSMUSG00000114104	1
ENSMUSG00000114105	0
ENSMUSG00000114106	0
ENSMUSG00000114107	0
ENSMUSG00000114108	0
ENSMUSG00000114109	0
ENSMUSG00000114110	288
ENSMUSG00000114111	0
ENSMUSG00000114112	0
ENSMUSG00000114113	0
ENSMUSG00000114114	0
ENSMUSG00000114115	3
ENSMUSG00000114117	0
ENSMUSG00000114118	0
ENSMUSG00000114119	0
ENSMUSG00000114120	0
ENSMUSG00000114121	0
ENSMUSG00000114122	0
ENSMUSG00000114123	0
ENSMUSG00000114124	2
ENSMUSG00000114125	0
ENSMUSG00000114126	0
ENSMUSG00000114127	3
ENSMUSG00000114128	0
ENSMUSG00000114129	0
ENSMUSG00000114130	0
ENSMUSG00000114131	0
ENSMUSG00000114132	0
ENSMUSG00000114133	190
ENSMUSG00000114134	0
ENSMUSG00000114135	0
ENSMUSG00000114136	0
ENSMUSG00000114137	0
ENSMUSG00000114138	5
ENSMUSG00000114139	0
ENSMUSG00000114140	0
ENSMUSG00000114141	0
ENSMUSG00000114142	0
ENSMUSG00000114143	0
ENSMUSG00000114144	0
ENSMUSG00000114145	0
ENSMUSG00000114147	2
ENSMUSG00000114148	0
ENSMUSG00000114149	0
ENSMUSG00000114150	0
ENSMUSG00000114151	0
ENSMUSG00000114152	0
ENSMUSG00000114153	0
ENSMUSG00000114154	0
ENSMUSG00000114155	0
ENSMUSG00000114156	0
ENSMUSG00000114157	0
ENSMUSG00000114158	0
ENSMUSG00000114159	0
ENSMUSG00000114160	0
ENSMUSG00000114161	0
ENSMUSG00000114162	0
ENSMUSG00000114163	0
ENSMUSG00000114164	0
ENSMUSG00000114165	0
ENSMUSG00000114166	0
ENSMUSG00000114167	0
ENSMUSG00000114168	0
ENSMUSG00000114169	0
ENSMUSG00000114170	1
ENSMUSG00000114171	0
ENSMUSG00000114172	7
ENSMUSG00000114173	0
ENSMUSG00000114174	0
ENSMUSG00000114175	0
ENSMUSG00000114176	0
ENSMUSG00000114177	0
ENSMUSG00000114178	0
ENSMUSG00000114179	2
ENSMUSG00000114180	0
ENSMUSG00000114181	0
ENSMUSG00000114182	0
ENSMUSG00000114183	0
ENSMUSG00000114184	0
ENSMUSG00000114185	0
ENSMUSG00000114186	0
ENSMUSG00000114187	0
ENSMUSG00000114188	0
ENSMUSG00000114189	0
ENSMUSG00000114190	3
ENSMUSG00000114191	0
ENSMUSG00000114192	0
ENSMUSG00000114193	1
ENSMUSG00000114194	0
ENSMUSG00000114195	0
ENSMUSG00000114196	0
ENSMUSG00000114197	0
ENSMUSG00000114198	0
ENSMUSG00000114199	0
ENSMUSG00000114200	0
ENSMUSG00000114201	0
ENSMUSG00000114202	0
ENSMUSG00000114203	0
ENSMUSG00000114204	0
ENSMUSG00000114205	0
ENSMUSG00000114206	0
ENSMUSG00000114207	0
ENSMUSG00000114208	0
ENSMUSG00000114209	0
ENSMUSG00000114210	0
ENSMUSG00000114211	0
ENSMUSG00000114212	0
ENSMUSG00000114213	0
ENSMUSG00000114214	0
ENSMUSG00000114215	0
ENSMUSG00000114216	0
ENSMUSG00000114217	7
ENSMUSG00000114218	0
ENSMUSG00000114219	0
ENSMUSG00000114220	12
ENSMUSG00000114221	0
ENSMUSG00000114222	0
ENSMUSG00000114223	0
ENSMUSG00000114224	0
ENSMUSG00000114225	0
ENSMUSG00000114226	0
ENSMUSG00000114227	0
ENSMUSG00000114228	0
ENSMUSG00000114229	0
ENSMUSG00000114230	0
ENSMUSG00000114231	0
ENSMUSG00000114232	1
ENSMUSG00000114233	0
ENSMUSG00000114234	25
ENSMUSG00000114235	0
ENSMUSG00000114236	0
ENSMUSG00000114237	0
ENSMUSG00000114238	2
ENSMUSG00000114239	0
ENSMUSG00000114240	0
ENSMUSG00000114241	1
ENSMUSG00000114242	0
ENSMUSG00000114243	12
ENSMUSG00000114244	1
ENSMUSG00000114245	0
ENSMUSG00000114246	0
ENSMUSG00000114247	180
ENSMUSG00000114248	0
ENSMUSG00000114249	0
ENSMUSG00000114250	0
ENSMUSG00000114251	147
ENSMUSG00000114252	0
ENSMUSG00000114253	23
ENSMUSG00000114254	2
ENSMUSG00000114255	28
ENSMUSG00000114256	0
ENSMUSG00000114257	0
ENSMUSG00000114258	0
ENSMUSG00000114259	2
ENSMUSG00000114260	0
ENSMUSG00000114261	0
ENSMUSG00000114262	0
ENSMUSG00000114263	0
ENSMUSG00000114264	0
ENSMUSG00000114265	0
ENSMUSG00000114266	0
ENSMUSG00000114267	3
ENSMUSG00000114268	0
ENSMUSG00000114269	0
ENSMUSG00000114270	0
ENSMUSG00000114271	0
ENSMUSG00000114272	0
ENSMUSG00000114273	0
ENSMUSG00000114274	0
ENSMUSG00000114275	0
ENSMUSG00000114276	0
ENSMUSG00000114277	0
ENSMUSG00000114278	0
ENSMUSG00000114279	1
ENSMUSG00000114280	0
ENSMUSG00000114281	0
ENSMUSG00000114282	0
ENSMUSG00000114283	0
ENSMUSG00000114284	0
ENSMUSG00000114285	0
ENSMUSG00000114286	0
ENSMUSG00000114287	0
ENSMUSG00000114288	0
ENSMUSG00000114289	0
ENSMUSG00000114290	0
ENSMUSG00000114291	0
ENSMUSG00000114292	0
ENSMUSG00000114293	2
ENSMUSG00000114294	0
ENSMUSG00000114295	114
ENSMUSG00000114296	0
ENSMUSG00000114297	0
ENSMUSG00000114298	0
ENSMUSG00000114299	0
ENSMUSG00000114300	0
ENSMUSG00000114301	0
ENSMUSG00000114302	0
ENSMUSG00000114303	0
ENSMUSG00000114304	0
ENSMUSG00000114305	0
ENSMUSG00000114306	0
ENSMUSG00000114307	0
ENSMUSG00000114308	0
ENSMUSG00000114309	0
ENSMUSG00000114310	5
ENSMUSG00000114311	0
ENSMUSG00000114312	0
ENSMUSG00000114313	0
ENSMUSG00000114314	0
ENSMUSG00000114315	0
ENSMUSG00000114316	2
ENSMUSG00000114317	0
ENSMUSG00000114318	0
ENSMUSG00000114319	0
ENSMUSG00000114320	0
ENSMUSG00000114321	22
ENSMUSG00000114322	0
ENSMUSG00000114323	0
ENSMUSG00000114324	0
ENSMUSG00000114325	2
ENSMUSG00000114326	0
ENSMUSG00000114327	0
ENSMUSG00000114328	0
ENSMUSG00000114329	0
ENSMUSG00000114330	0
ENSMUSG00000114331	0
ENSMUSG00000114332	14
ENSMUSG00000114333	0
ENSMUSG00000114334	0
ENSMUSG00000114335	0
ENSMUSG00000114336	0
ENSMUSG00000114337	0
ENSMUSG00000114338	0
ENSMUSG00000114339	0
ENSMUSG00000114340	0
ENSMUSG00000114341	0
ENSMUSG00000114342	0
ENSMUSG00000114343	0
ENSMUSG00000114344	0
ENSMUSG00000114345	0
ENSMUSG00000114346	0
ENSMUSG00000114347	0
ENSMUSG00000114348	0
ENSMUSG00000114349	0
ENSMUSG00000114350	0
ENSMUSG00000114351	0
ENSMUSG00000114352	0
ENSMUSG00000114353	0
ENSMUSG00000114354	5
ENSMUSG00000114355	38
ENSMUSG00000114356	0
ENSMUSG00000114357	0
ENSMUSG00000114358	0
ENSMUSG00000114359	5
ENSMUSG00000114360	0
ENSMUSG00000114361	0
ENSMUSG00000114362	13
ENSMUSG00000114363	0
ENSMUSG00000114364	0
ENSMUSG00000114365	0
ENSMUSG00000114366	0
ENSMUSG00000114367	0
ENSMUSG00000114368	0
ENSMUSG00000114369	0
ENSMUSG00000114370	8
ENSMUSG00000114371	0
ENSMUSG00000114372	0
ENSMUSG00000114373	0
ENSMUSG00000114374	0
ENSMUSG00000114375	23
ENSMUSG00000114376	0
ENSMUSG00000114377	0
ENSMUSG00000114378	0
ENSMUSG00000114379	0
ENSMUSG00000114380	6
ENSMUSG00000114381	0
ENSMUSG00000114382	0
ENSMUSG00000114383	0
ENSMUSG00000114384	3
ENSMUSG00000114385	0
ENSMUSG00000114386	0
ENSMUSG00000114387	3
ENSMUSG00000114388	2
ENSMUSG00000114389	0
ENSMUSG00000114390	0
ENSMUSG00000114391	0
ENSMUSG00000114392	0
ENSMUSG00000114393	0
ENSMUSG00000114394	0
ENSMUSG00000114395	0
ENSMUSG00000114396	0
ENSMUSG00000114397	0
ENSMUSG00000114398	0
ENSMUSG00000114399	1
ENSMUSG00000114400	0
ENSMUSG00000114401	0
ENSMUSG00000114402	0
ENSMUSG00000114403	0
ENSMUSG00000114404	3
ENSMUSG00000114405	0
ENSMUSG00000114406	0
ENSMUSG00000114407	0
ENSMUSG00000114408	0
ENSMUSG00000114409	93
ENSMUSG00000114410	0
ENSMUSG00000114411	0
ENSMUSG00000114412	0
ENSMUSG00000114413	0
ENSMUSG00000114414	0
ENSMUSG00000114415	0
ENSMUSG00000114416	0
ENSMUSG00000114417	0
ENSMUSG00000114418	0
ENSMUSG00000114419	8
ENSMUSG00000114420	0
ENSMUSG00000114421	0
ENSMUSG00000114422	7
ENSMUSG00000114423	0
ENSMUSG00000114424	0
ENSMUSG00000114425	23
ENSMUSG00000114426	0
ENSMUSG00000114427	0
ENSMUSG00000114428	0
ENSMUSG00000114429	0
ENSMUSG00000114430	34
ENSMUSG00000114431	0
ENSMUSG00000114432	0
ENSMUSG00000114433	0
ENSMUSG00000114434	0
ENSMUSG00000114435	0
ENSMUSG00000114436	0
ENSMUSG00000114437	0
ENSMUSG00000114438	0
ENSMUSG00000114439	0
ENSMUSG00000114440	0
ENSMUSG00000114441	0
ENSMUSG00000114442	1
ENSMUSG00000114443	7
ENSMUSG00000114444	0
ENSMUSG00000114445	0
ENSMUSG00000114446	0
ENSMUSG00000114447	10
ENSMUSG00000114448	0
ENSMUSG00000114449	0
ENSMUSG00000114450	0
ENSMUSG00000114451	0
ENSMUSG00000114452	1
ENSMUSG00000114453	0
ENSMUSG00000114454	0
ENSMUSG00000114455	0
ENSMUSG00000114456	0
ENSMUSG00000114457	0
ENSMUSG00000114458	0
ENSMUSG00000114459	1
ENSMUSG00000114460	1
ENSMUSG00000114461	0
ENSMUSG00000114462	0
ENSMUSG00000114463	0
ENSMUSG00000114464	0
ENSMUSG00000114465	2
ENSMUSG00000114466	0
ENSMUSG00000114467	0
ENSMUSG00000114468	0
ENSMUSG00000114469	19
ENSMUSG00000114470	1
ENSMUSG00000114471	0
ENSMUSG00000114472	0
ENSMUSG00000114473	0
ENSMUSG00000114474	0
ENSMUSG00000114475	0
ENSMUSG00000114476	0
ENSMUSG00000114477	0
ENSMUSG00000114478	0
ENSMUSG00000114479	0
ENSMUSG00000114480	0
ENSMUSG00000114481	0
ENSMUSG00000114482	3
ENSMUSG00000114483	0
ENSMUSG00000114484	0
ENSMUSG00000114485	0
ENSMUSG00000114486	0
ENSMUSG00000114487	0
ENSMUSG00000114488	45
ENSMUSG00000114489	0
ENSMUSG00000114490	0
ENSMUSG00000114491	0
ENSMUSG00000114492	0
ENSMUSG00000114493	0
ENSMUSG00000114494	0
ENSMUSG00000114495	0
ENSMUSG00000114496	0
ENSMUSG00000114497	0
ENSMUSG00000114498	0
ENSMUSG00000114499	0
ENSMUSG00000114500	0
ENSMUSG00000114501	11
ENSMUSG00000114502	0
ENSMUSG00000114503	0
ENSMUSG00000114504	0
ENSMUSG00000114505	0
ENSMUSG00000114506	0
ENSMUSG00000114507	0
ENSMUSG00000114508	0
ENSMUSG00000114509	0
ENSMUSG00000114510	0
ENSMUSG00000114511	0
ENSMUSG00000114512	3
ENSMUSG00000114513	0
ENSMUSG00000114514	0
ENSMUSG00000114515	0
ENSMUSG00000114516	0
ENSMUSG00000114517	0
ENSMUSG00000114518	0
ENSMUSG00000114519	0
ENSMUSG00000114520	0
ENSMUSG00000114521	0
ENSMUSG00000114522	0
ENSMUSG00000114523	0
ENSMUSG00000114524	1
ENSMUSG00000114525	0
ENSMUSG00000114526	0
ENSMUSG00000114527	0
ENSMUSG00000114528	0
ENSMUSG00000114529	14
ENSMUSG00000114530	0
ENSMUSG00000114531	0
ENSMUSG00000114532	0
ENSMUSG00000114533	0
ENSMUSG00000114534	3
ENSMUSG00000114535	10
ENSMUSG00000114536	0
ENSMUSG00000114537	3
ENSMUSG00000114538	0
ENSMUSG00000114539	0
ENSMUSG00000114540	3
ENSMUSG00000114541	0
ENSMUSG00000114542	0
ENSMUSG00000114543	0
ENSMUSG00000114544	0
ENSMUSG00000114545	0
ENSMUSG00000114546	0
ENSMUSG00000114547	0
ENSMUSG00000114548	0
ENSMUSG00000114549	0
ENSMUSG00000114550	0
ENSMUSG00000114551	2
ENSMUSG00000114552	0
ENSMUSG00000114553	0
ENSMUSG00000114554	2
ENSMUSG00000114555	0
ENSMUSG00000114556	0
ENSMUSG00000114557	5
ENSMUSG00000114558	23
ENSMUSG00000114559	0
ENSMUSG00000114560	0
ENSMUSG00000114561	0
ENSMUSG00000114562	0
ENSMUSG00000114563	0
ENSMUSG00000114564	0
ENSMUSG00000114565	0
ENSMUSG00000114566	0
ENSMUSG00000114567	0
ENSMUSG00000114568	0
ENSMUSG00000114569	0
ENSMUSG00000114570	0
ENSMUSG00000114571	0
ENSMUSG00000114572	0
ENSMUSG00000114573	0
ENSMUSG00000114574	0
ENSMUSG00000114575	10
ENSMUSG00000114576	5
ENSMUSG00000114577	0
ENSMUSG00000114578	0
ENSMUSG00000114579	1
ENSMUSG00000114580	0
ENSMUSG00000114581	0
ENSMUSG00000114582	0
ENSMUSG00000114583	1
ENSMUSG00000114584	30
ENSMUSG00000114585	0
ENSMUSG00000114586	0
ENSMUSG00000114587	0
ENSMUSG00000114588	0
ENSMUSG00000114589	0
ENSMUSG00000114590	0
ENSMUSG00000114591	0
ENSMUSG00000114592	0
ENSMUSG00000114593	0
ENSMUSG00000114594	0
ENSMUSG00000114595	0
ENSMUSG00000114596	0
ENSMUSG00000114597	0
ENSMUSG00000114598	7
ENSMUSG00000114599	0
ENSMUSG00000114600	0
ENSMUSG00000114601	0
ENSMUSG00000114602	2
ENSMUSG00000114603	0
ENSMUSG00000114604	0
ENSMUSG00000114605	1
ENSMUSG00000114606	0
ENSMUSG00000114607	16
ENSMUSG00000114608	1
ENSMUSG00000114609	0
ENSMUSG00000114610	0
ENSMUSG00000114611	0
ENSMUSG00000114612	0
ENSMUSG00000114613	0
ENSMUSG00000114614	0
ENSMUSG00000114615	0
ENSMUSG00000114616	0
ENSMUSG00000114617	0
ENSMUSG00000114618	0
ENSMUSG00000114619	0
ENSMUSG00000114620	0
ENSMUSG00000114621	0
ENSMUSG00000114622	2
ENSMUSG00000114623	0
ENSMUSG00000114624	0
ENSMUSG00000114625	0
ENSMUSG00000114626	0
ENSMUSG00000114627	0
ENSMUSG00000114628	0
ENSMUSG00000114629	0
ENSMUSG00000114630	0
ENSMUSG00000114631	0
ENSMUSG00000114632	0
ENSMUSG00000114633	0
ENSMUSG00000114634	0
ENSMUSG00000114635	3
ENSMUSG00000114636	2
ENSMUSG00000114637	0
ENSMUSG00000114638	19
ENSMUSG00000114639	0
ENSMUSG00000114640	0
ENSMUSG00000114641	0
ENSMUSG00000114642	0
ENSMUSG00000114643	0
ENSMUSG00000114644	0
ENSMUSG00000114645	0
ENSMUSG00000114646	0
ENSMUSG00000114647	0
ENSMUSG00000114648	0
ENSMUSG00000114649	0
ENSMUSG00000114650	0
ENSMUSG00000114651	0
ENSMUSG00000114652	0
ENSMUSG00000114653	0
ENSMUSG00000114654	2
ENSMUSG00000114655	0
ENSMUSG00000114656	0
ENSMUSG00000114657	0
ENSMUSG00000114658	0
ENSMUSG00000114659	0
ENSMUSG00000114660	0
ENSMUSG00000114661	0
ENSMUSG00000114662	0
ENSMUSG00000114663	0
ENSMUSG00000114664	8
ENSMUSG00000114665	5
ENSMUSG00000114666	0
ENSMUSG00000114667	0
ENSMUSG00000114668	0
ENSMUSG00000114669	0
ENSMUSG00000114670	0
ENSMUSG00000114671	0
ENSMUSG00000114672	0
ENSMUSG00000114673	0
ENSMUSG00000114674	0
ENSMUSG00000114675	0
ENSMUSG00000114676	0
ENSMUSG00000114677	0
ENSMUSG00000114678	0
ENSMUSG00000114679	0
ENSMUSG00000114680	0
ENSMUSG00000114681	2
ENSMUSG00000114682	0
ENSMUSG00000114683	0
ENSMUSG00000114684	0
ENSMUSG00000114685	0
ENSMUSG00000114686	0
ENSMUSG00000114687	195
ENSMUSG00000114688	0
ENSMUSG00000114689	6
ENSMUSG00000114690	0
ENSMUSG00000114691	0
ENSMUSG00000114692	0
ENSMUSG00000114693	0
ENSMUSG00000114694	0
ENSMUSG00000114695	0
ENSMUSG00000114696	0
ENSMUSG00000114697	0
ENSMUSG00000114698	0
ENSMUSG00000114699	0
ENSMUSG00000114700	0
ENSMUSG00000114701	0
ENSMUSG00000114702	0
ENSMUSG00000114703	0
ENSMUSG00000114704	0
ENSMUSG00000114705	0
ENSMUSG00000114706	0
ENSMUSG00000114707	3
ENSMUSG00000114708	0
ENSMUSG00000114709	20
ENSMUSG00000114710	13
ENSMUSG00000114711	0
ENSMUSG00000114712	0
ENSMUSG00000114713	0
ENSMUSG00000114714	0
ENSMUSG00000114715	2
ENSMUSG00000114716	0
ENSMUSG00000114717	0
ENSMUSG00000114718	0
ENSMUSG00000114719	0
ENSMUSG00000114720	0
ENSMUSG00000114721	4
ENSMUSG00000114722	0
ENSMUSG00000114723	0
ENSMUSG00000114724	0
ENSMUSG00000114725	0
ENSMUSG00000114726	0
ENSMUSG00000114727	0
ENSMUSG00000114728	0
ENSMUSG00000114729	0
ENSMUSG00000114730	0
ENSMUSG00000114731	0
ENSMUSG00000114732	2
ENSMUSG00000114733	52
ENSMUSG00000114734	0
ENSMUSG00000114735	0
ENSMUSG00000114736	0
ENSMUSG00000114737	5
ENSMUSG00000114738	0
ENSMUSG00000114739	0
ENSMUSG00000114740	0
ENSMUSG00000114741	0
ENSMUSG00000114742	0
ENSMUSG00000114743	0
ENSMUSG00000114744	0
ENSMUSG00000114745	0
ENSMUSG00000114746	0
ENSMUSG00000114747	0
ENSMUSG00000114748	0
ENSMUSG00000114749	0
ENSMUSG00000114750	0
ENSMUSG00000114751	0
ENSMUSG00000114752	0
ENSMUSG00000114753	0
ENSMUSG00000114754	0
ENSMUSG00000114755	0
ENSMUSG00000114756	0
ENSMUSG00000114757	0
ENSMUSG00000114758	0
ENSMUSG00000114759	0
ENSMUSG00000114760	0
ENSMUSG00000114761	0
ENSMUSG00000114762	0
ENSMUSG00000114763	0
ENSMUSG00000114764	0
ENSMUSG00000114765	8
ENSMUSG00000114766	10
ENSMUSG00000114767	0
ENSMUSG00000114768	0
ENSMUSG00000114769	0
ENSMUSG00000114770	0
ENSMUSG00000114771	2
ENSMUSG00000114772	0
ENSMUSG00000114773	0
ENSMUSG00000114774	0
ENSMUSG00000114775	0
ENSMUSG00000114776	0
ENSMUSG00000114777	0
ENSMUSG00000114778	0
ENSMUSG00000114779	0
ENSMUSG00000114780	2
ENSMUSG00000114781	0
ENSMUSG00000114782	0
ENSMUSG00000114783	0
ENSMUSG00000114784	3
ENSMUSG00000114785	0
ENSMUSG00000114786	0
ENSMUSG00000114787	0
ENSMUSG00000114788	0
ENSMUSG00000114789	0
ENSMUSG00000114790	0
ENSMUSG00000114791	0
ENSMUSG00000114792	0
ENSMUSG00000114793	0
ENSMUSG00000114794	0
ENSMUSG00000114795	0
ENSMUSG00000114796	7
ENSMUSG00000114797	344
ENSMUSG00000114798	0
ENSMUSG00000114799	0
ENSMUSG00000114800	0
ENSMUSG00000114801	0
ENSMUSG00000114802	0
ENSMUSG00000114803	0
ENSMUSG00000114804	0
ENSMUSG00000114805	1
ENSMUSG00000114806	0
ENSMUSG00000114807	0
ENSMUSG00000114808	0
ENSMUSG00000114809	40
ENSMUSG00000114810	0
ENSMUSG00000114811	0
ENSMUSG00000114812	3
ENSMUSG00000114813	0
ENSMUSG00000114814	0
ENSMUSG00000114815	0
ENSMUSG00000114816	0
ENSMUSG00000114817	0
ENSMUSG00000114818	43
ENSMUSG00000114819	0
ENSMUSG00000114820	0
ENSMUSG00000114821	0
ENSMUSG00000114822	0
ENSMUSG00000114823	2
ENSMUSG00000114824	0
ENSMUSG00000114825	0
ENSMUSG00000114826	0
ENSMUSG00000114827	0
ENSMUSG00000114828	355
ENSMUSG00000114829	0
ENSMUSG00000114830	0
ENSMUSG00000114831	0
ENSMUSG00000114832	0
ENSMUSG00000114833	0
ENSMUSG00000114834	0
ENSMUSG00000114835	53
ENSMUSG00000114836	0
ENSMUSG00000114837	0
ENSMUSG00000114838	0
ENSMUSG00000114839	0
ENSMUSG00000114840	0
ENSMUSG00000114841	3
ENSMUSG00000114842	1
ENSMUSG00000114843	0
ENSMUSG00000114844	2
ENSMUSG00000114845	0
ENSMUSG00000114846	0
ENSMUSG00000114847	0
ENSMUSG00000114848	0
ENSMUSG00000114849	0
ENSMUSG00000114850	0
ENSMUSG00000114851	0
ENSMUSG00000114852	0
ENSMUSG00000114853	0
ENSMUSG00000114854	0
ENSMUSG00000114855	0
ENSMUSG00000114856	0
ENSMUSG00000114857	0
ENSMUSG00000114858	0
ENSMUSG00000114859	0
ENSMUSG00000114860	0
ENSMUSG00000114861	0
ENSMUSG00000114862	5
ENSMUSG00000114863	9
ENSMUSG00000114864	0
ENSMUSG00000114865	3
ENSMUSG00000114866	0
ENSMUSG00000114867	0
ENSMUSG00000114868	0
ENSMUSG00000114869	0
ENSMUSG00000114870	0
ENSMUSG00000114871	3
ENSMUSG00000114872	0
ENSMUSG00000114873	0
ENSMUSG00000114874	0
ENSMUSG00000114875	0
ENSMUSG00000114876	0
ENSMUSG00000114877	0
ENSMUSG00000114878	0
ENSMUSG00000114879	0
ENSMUSG00000114880	0
ENSMUSG00000114881	0
ENSMUSG00000114882	0
ENSMUSG00000114883	0
ENSMUSG00000114884	0
ENSMUSG00000114885	0
ENSMUSG00000114886	0
ENSMUSG00000114887	0
ENSMUSG00000114888	0
ENSMUSG00000114889	0
ENSMUSG00000114890	0
ENSMUSG00000114891	0
ENSMUSG00000114892	0
ENSMUSG00000114893	1
ENSMUSG00000114894	0
ENSMUSG00000114895	0
ENSMUSG00000114896	0
ENSMUSG00000114897	0
ENSMUSG00000114898	0
ENSMUSG00000114899	0
ENSMUSG00000114900	0
ENSMUSG00000114901	0
ENSMUSG00000114902	7
ENSMUSG00000114903	0
ENSMUSG00000114904	0
ENSMUSG00000114905	0
ENSMUSG00000114906	0
ENSMUSG00000114907	19
ENSMUSG00000114908	0
ENSMUSG00000114909	0
ENSMUSG00000114910	0
ENSMUSG00000114911	0
ENSMUSG00000114912	0
ENSMUSG00000114913	2
ENSMUSG00000114914	0
ENSMUSG00000114915	0
ENSMUSG00000114916	0
ENSMUSG00000114917	0
ENSMUSG00000114918	0
ENSMUSG00000114919	0
ENSMUSG00000114920	0
ENSMUSG00000114921	0
ENSMUSG00000114922	0
ENSMUSG00000114923	0
ENSMUSG00000114924	0
ENSMUSG00000114925	0
ENSMUSG00000114926	0
ENSMUSG00000114927	0
ENSMUSG00000114928	0
ENSMUSG00000114929	0
ENSMUSG00000114930	0
ENSMUSG00000114931	0
ENSMUSG00000114932	0
ENSMUSG00000114933	0
ENSMUSG00000114934	0
ENSMUSG00000114935	0
ENSMUSG00000114936	0
ENSMUSG00000114937	4
ENSMUSG00000114938	0
ENSMUSG00000114939	0
ENSMUSG00000114940	4
ENSMUSG00000114941	0
ENSMUSG00000114942	1
ENSMUSG00000114943	0
ENSMUSG00000114944	0
ENSMUSG00000114945	0
ENSMUSG00000114946	0
ENSMUSG00000114947	0
ENSMUSG00000114948	0
ENSMUSG00000114949	0
ENSMUSG00000114950	0
ENSMUSG00000114951	0
ENSMUSG00000114952	0
ENSMUSG00000114953	0
ENSMUSG00000114954	0
ENSMUSG00000114955	0
ENSMUSG00000114956	0
ENSMUSG00000114957	0
ENSMUSG00000114958	0
ENSMUSG00000114959	0
ENSMUSG00000114960	0
ENSMUSG00000114961	0
ENSMUSG00000114962	1
ENSMUSG00000114963	0
ENSMUSG00000114964	0
ENSMUSG00000114965	0
ENSMUSG00000114966	0
ENSMUSG00000114967	0
ENSMUSG00000114968	0
